="0050",39490,1010,38480,5316465
="0053",0,1000,-1000,-68449
="0056",19046,7000,12046,372875
="0061",10000,0,10000,263879
="006201",0,2000,-2000,-38520
="006206",0,10000,-10000,-438699
="006208",251363,251300,63,5055
="00631L",0,2000,-2000,-224999
="00632R",71000,71000,0,-1619
="00633L",5000,1000,4000,356250
="00635U",13000,0,13000,309835
="00637L",22000,460000,-438000,-15342976
="00642U",6000,44000,-38000,-386251
="00643",1000,0,1000,20420
="00646",30,0,30,996
="00655L",6000,0,6000,401650
="00664R",0,5000,-5000,-35199
="00671R",15000,0,15000,91650
="00673R",2000,0,2000,39509
="00674R",73000,0,73000,992188
="00677U",316000,212000,104000,357530
="00679B",1000,334000,-333000,-13801139
="00680L",2000,0,2000,48700
="00681R",0,22000,-22000,-302279
="00682U",0,2000,-2000,-36099
="00687B",50000,54000,-4000,-173159
="00688L",50000,50000,0,0
="00689R",50000,50000,0,0
="00692",4000,0,4000,138447
="00693U",14000,158000,-144000,-3013843
="00694B",50000,50000,0,0
="00695B",50000,55000,-5000,-189369
="00696B",100000,100000,0,0
="00697B",50000,50000,0,0
="00701",1000,1000,0,101
="00703",0,1000,-1000,-29350
="00708L",48000,624000,-576000,-14909382
="00712",61000,0,61000,792368
="00714",100000,100000,0,0
="00715L",77000,49000,28000,179628
="00717",4000,0,4000,65948
="00718B",139000,100000,39000,766349
="00719B",50000,50000,0,0
="00720B",50000,87000,-37000,-1629918
="00721B",50000,50000,0,0
="00722B",51000,56000,-5000,-230219
="00723B",50000,50000,0,0
="00724B",50000,57000,-7000,-296779
="00728",0,6000,-6000,-169590
="00733",100000,100000,0,0
="00738U",0,5000,-5000,-139799
="00740B",25000,25000,0,0
="00741B",38000,25000,13000,486460
="00745B",25000,25000,0,0
="00746B",25000,25000,0,0
="00751B",50000,72000,-22000,-982359
="00754B",52000,51000,1000,45499
="00755B",61000,57000,4000,176510
="00756B",52000,50000,2000,91289
="00762",0,10000,-10000,-388229
="00764B",50000,51000,-1000,-43231
="00765B",50000,50000,0,0
="00772B",52000,75000,-23000,-1030038
="00773B",52000,50000,2000,91099
="00784B",25000,25000,0,0
="00785B",25000,25000,0,0
="00787B",3000,0,3000,129128
="00788B",1000,0,1000,40930
="00795B",50000,79000,-29000,-1215476
="00796B",25000,25000,0,0
="00830",2000,1740,260,6866
="00847B",25000,26000,-1000,-36139
="00848B",25000,25000,0,0
="00849B",25000,25000,0,0
="00850",115600,270000,-154400,-5053288
="00862B",50000,50000,0,0
="00863B",25000,25000,0,0
="00864B",25000,25000,0,0
="00868B",50000,50000,0,0
="00869B",50000,50000,0,0
="00870B",50000,50000,0,0
="00871B",50000,50000,0,0
="00877",7100,0,7100,92949
="00878",27000,37000,-10000,-172110
="00881",648070,163040,485030,8714220
="00882",56200,3130000,-3073800,-48226957
="00883B",0,330000,-330000,-12923128
="00884B",50000,50000,0,0
="020003",3000,0,3000,44629
="020008",0,5000,-5000,-56550
="020011",42000,29000,13000,69571
="020016",0,2000,-2000,-36089
="020018",61000,0,61000,752456
="020019",131000,255000,-124000,-1778888
="020021",490000,3250000,-2760000,-35480696
="03721C",0,80000,-80000,-46399
="04223P",0,10000,-10000,-1599
="04729P",0,66000,-66000,-60720
="04860P",18000,100000,-82000,-14760
="04908P",0,10000,-10000,-1099
="05006P",591000,577000,14000,7081
="05161P",1126000,511000,615000,381760
="05162P",0,2467000,-2467000,-1256765
="05237P",1000,0,1000,800
="05238P",0,10000,-10000,-12799
="05297P",212000,5000,207000,82780
="05299P",55000,55000,0,399
="05300P",0,76000,-76000,-60040
="05500P",37000,2000,35000,25280
="05594P",34000,0,34000,27739
="05595P",965000,482000,483000,237321
="05632P",20000,17000,3000,1229
="05654P",200000,0,200000,150000
="05690P",200000,0,200000,46000
="05697P",10000,12000,-2000,-1839
="05698P",20000,134000,-114000,-103000
="05699P",9000,0,9000,13000
="05707P",0,300000,-300000,-273999
="05749P",0,2000,-2000,-600
="05776P",339000,170000,169000,65369
="05777P",211000,66000,145000,66490
="05858P",60000,0,60000,34999
="05906P",113000,14000,99000,103769
="05908P",35000,341000,-306000,-193348
="05955P",0,202000,-202000,-92959
="05973P",30000,65000,-35000,-23430
="05986P",33000,0,33000,29699
="06002P",0,5000,-5000,-5550
="06032P",70000,0,70000,61579
="06113P",77000,50000,27000,29240
="06137P",899000,20000,879000,695089
="06152P",104000,350000,-246000,-138659
="06154P",299000,0,299000,212289
="06173P",25000,0,25000,38499
="06206P",1000,0,1000,750
="06247P",5000,70000,-65000,-41699
="06248P",43000,0,43000,30529
="06278P",201000,48000,153000,143380
="063057",20000,217000,-197000,-131340
="063444",124000,313000,-189000,-154876
="063926",3000,0,3000,4199
="064710",150000,250000,-100000,-14499
="065532",101000,0,101000,1009
="065677",2000,0,2000,4000
="065683",20000,0,20000,4199
="065889",33000,0,33000,72270
="065957",50000,0,50000,3500
="066198",20000,0,20000,31499
="066203",83000,0,83000,43338
="066205",0,100000,-100000,-94197
="066213",940000,0,940000,55999
="066217",30000,0,30000,38000
="066460",50000,80000,-30000,-8748
="066526",428000,99000,329000,251990
="067276",0,50000,-50000,-20499
="067368",15000,20000,-5000,-1850
="067370",15000,0,15000,15159
="067373",1000,0,1000,3220
="067503",0,31000,-31000,-11478
="067505",88000,0,88000,15359
="067515",26000,0,26000,7709
="067638",95000,0,95000,675499
="067643",250000,0,250000,4999
="067709",0,30000,-30000,-3599
="067837",50000,0,50000,1499
="068047",1000,0,1000,8449
="068056",100000,0,100000,1999
="068127",3000,0,3000,14460
="068128",3000,0,3000,16049
="068129",31000,20000,11000,6699
="068220",42000,15000,27000,70011
="068221",236000,303000,-67000,-128868
="068223",5000,1848000,-1843000,-910238
="068224",239000,60000,179000,50331
="068390",2000,50000,-48000,-173499
="068391",0,31000,-31000,-3418
="068510",10000,0,10000,25799
="068511",31000,0,31000,76390
="068514",24000,1000,23000,19210
="068519",10000,0,10000,31300
="068521",10000,16000,-6000,-3518
="068670",329000,0,329000,468837
="068674",11000,0,11000,11709
="068768",0,24000,-24000,-102979
="068769",0,30000,-30000,-5100
="068771",1905000,12000,1893000,194958
="068834",0,20000,-20000,-6000
="068843",0,3000,-3000,-12150
="068847",1000,0,1000,3710
="068848",111000,30000,81000,199360
="068849",16000,0,16000,26159
="068850",0,2000,-2000,-2819
="068851",1000,0,1000,430
="068988",0,5000,-5000,-2150
="069032",7000,100000,-93000,-9370
="069095",0,30000,-30000,-28799
="069097",0,4000,-4000,-2880
="069099",0,5000,-5000,-3750
="069105",42000,2000,40000,174259
="069106",0,10000,-10000,-35299
="069190",0,303000,-303000,-69690
="069191",124000,415000,-291000,-168481
="069192",21000,617000,-596000,-290749
="069193",64000,4000,60000,23340
="069397",2000,0,2000,1360
="069404",19000,0,19000,1049
="069407",0,4000,-4000,-22899
="069411",10000,0,10000,1500
="069412",300000,30000,270000,48301
="069414",1202000,342000,860000,304779
="069416",119000,275000,-156000,-47652
="069420",10000,0,10000,199
="069446",6000,0,6000,9600
="069448",5000,3000,2000,4580
="069449",397000,4495000,-4098000,-652330
="069612",77000,0,77000,301800
="069618",150000,4000,146000,81800
="069691",57000,0,57000,118616
="069810",3000,0,3000,179
="069824",61000,11000,50000,21061
="069927",5000,0,5000,1449
="069930",0,9000,-9000,-8049
="069934",10000,0,10000,39500
="069936",5000,0,5000,24700
="070020",0,5000,-5000,-12649
="070133",50000,0,50000,23999
="070134",430000,60000,370000,99800
="070135",0,121000,-121000,-17670
="070139",1000,40000,-39000,-19071
="070141",5000,30000,-25000,-12550
="070145",10000,30000,-20000,-47199
="070146",10000,45000,-35000,-86651
="070147",54000,59000,-5000,-11480
="070148",50000,41000,9000,3200
="070245",0,103000,-103000,-71098
="070247",1000,0,1000,899
="070248",10000,0,10000,35000
="070249",182000,0,182000,352919
="070250",85000,2000,83000,115349
="070251",50000,0,50000,2500
="070252",0,57000,-57000,-23369
="070255",7000,70000,-63000,-5219
="070258",0,20000,-20000,-3600
="070376",170000,0,170000,73689
="070426",0,1000,-1000,-959
="070430",0,70000,-70000,-24699
="070431",184000,5000,179000,93278
="070432",150000,0,150000,46500
="070444",181000,21000,160000,47699
="070445",40000,50000,-10000,-5800
="070531",0,75000,-75000,-10700
="070534",62000,0,62000,177598
="070538",185000,100000,85000,78400
="070539",10000,0,10000,9399
="070606",110000,0,110000,61299
="070608",0,102000,-102000,-55019
="070609",3000,0,3000,1800
="070735",0,3000,-3000,-1349
="070857",193000,0,193000,96299
="070860",53000,0,53000,3710
="070861",0,100000,-100000,-37999
="070862",0,11000,-11000,-1920
="070864",35000,20000,15000,3000
="070865",4000,185000,-181000,-105020
="070866",0,3000,-3000,-12390
="070867",107000,0,107000,26330
="071123",499000,0,499000,94809
="071125",10000,5000,5000,26000
="071215",10000,10000,0,-1300
="071218",0,10000,-10000,-1599
="071220",843000,994000,-151000,-55401
="071221",0,20000,-20000,-16000
="071225",136000,0,136000,145659
="071271",10000,0,10000,1299
="071321",24000,40000,-16000,-8439
="071326",10000,0,10000,9700
="071327",50000,0,50000,5000
="071334",10000,0,10000,15700
="071335",0,20000,-20000,-58000
="071444",21000,51000,-30000,-7009
="071445",85000,120000,-35000,-73903
="071446",30000,140000,-110000,-145499
="071447",0,230000,-230000,-64400
="071448",89000,49000,40000,85051
="071457",0,35000,-35000,-87650
="071567",0,100000,-100000,-41999
="071568",316000,0,316000,567819
="071569",100000,25000,75000,84549
="071572",9000,24000,-15000,-15189
="071709",100000,0,100000,27000
="071846",40000,0,40000,87600
="071848",1000000,5000,995000,368081
="071890",20000,24000,-4000,-18719
="072046",0,17000,-17000,-87598
="072047",1000,5000,-4000,-13969
="072049",387000,35000,352000,174809
="072051",197000,0,197000,267947
="072122",0,253000,-253000,-305877
="072124",0,40000,-40000,-16799
="072306",13000,0,13000,6109
="072308",40000,0,40000,8300
="072310",110000,50000,60000,33098
="072403",3000,0,3000,18000
="072409",33000,20000,13000,17490
="072410",35000,88000,-53000,-27819
="072412",25000,0,25000,29449
="072462",0,20000,-20000,-26800
="072481",30000,0,30000,47500
="072482",1050000,0,1050000,1793498
="072556",40000,209000,-169000,-203739
="072559",50000,20000,30000,26449
="072562",240000,147000,93000,87208
="072566",83000,82000,1000,-2630
="072569",4000,0,4000,400
="072638",23000,235000,-212000,-133179
="072669",10000,0,10000,13600
="072710",0,13000,-13000,-74299
="072712",10000,5000,5000,22590
="072713",0,16000,-16000,-56527
="072812",10000,0,10000,15199
="072813",20000,0,20000,51399
="072964",308000,350000,-42000,-15961
="072965",10000,0,10000,31900
="072968",154000,14000,140000,176531
="072971",0,21000,-21000,-100437
="072974",0,5000,-5000,-16749
="073027",15000,0,15000,13149
="073028",222000,1000,221000,271810
="073029",0,12000,-12000,-21059
="073031",55000,1198000,-1143000,-597720
="073035",521000,25000,496000,624720
="073036",279000,0,279000,161588
="073037",49000,51000,-2000,-1030
="073038",3000,507000,-504000,-564819
="073100",226000,188000,38000,40377
="073101",103000,995000,-892000,-739156
="073102",82000,2000,80000,99339
="073103",247000,421000,-174000,-208796
="073104",0,10000,-10000,-8600
="073106",56000,0,56000,46799
="073377",462000,124000,338000,254278
="073380",10000,2000,8000,27780
="073387",125000,59000,66000,75341
="073388",361000,902000,-541000,-531507
="073490",232000,0,232000,299558
="073493",488000,0,488000,355379
="073496",18000,0,18000,12960
="073497",25000,0,25000,88098
="073499",15000,97000,-82000,-96550
="073500",67000,197000,-130000,-179226
="073502",1402000,124000,1278000,602476
="073503",0,588000,-588000,-235200
="073504",199000,0,199000,21889
="073580",0,1000,-1000,-12000
="073615",62000,0,62000,131799
="073616",4000,0,4000,11439
="073617",1000,0,1000,400
="073737",0,3000,-3000,-5669
="073741",0,20000,-20000,-64699
="073744",46000,107000,-61000,-67519
="073745",1000,0,1000,1870
="073747",21000,53000,-32000,-19037
="073748",10000,0,10000,28399
="073808",20000,56000,-36000,-73438
="073811",421000,158000,263000,449789
="073813",346000,186000,160000,131740
="073980",0,2000,-2000,-5400
="073981",30000,1000,29000,19711
="073982",65000,0,65000,105878
="073983",0,286000,-286000,-179278
="073984",10000,1000,9000,11221
="073985",0,10000,-10000,-30099
="074060",267000,122000,145000,221140
="074062",0,60000,-60000,-162499
="074063",0,153000,-153000,-122638
="074066",9000,30000,-21000,-17850
="074067",43000,0,43000,82706
="074068",164000,55000,109000,148327
="074069",111000,0,111000,75480
="074165",0,13000,-13000,-13720
="074168",164000,232000,-68000,-79360
="074169",0,84000,-84000,-112210
="074170",58000,0,58000,83575
="074171",0,120000,-120000,-66000
="074256",2000,0,2000,6219
="074257",162000,0,162000,128479
="074343",7000,0,7000,10310
="074345",0,15000,-15000,-6149
="074347",11000,142000,-131000,-263087
="074349",0,15000,-15000,-36300
="074350",0,16000,-16000,-31119
="074352",6728000,274000,6454000,3028567
="074353",14000,0,14000,50477
="074354",127000,37000,90000,207004
="074446",39000,10000,29000,18070
="074450",121000,136000,-15000,-24676
="074452",99000,0,99000,64349
="074453",45000,1145000,-1100000,-774737
="074454",0,6000,-6000,-5880
="074458",30000,9000,21000,17010
="074495",200000,106000,94000,156040
="074496",600000,174000,426000,658601
="074497",2000,40000,-38000,-50640
="074498",0,30000,-30000,-17298
="074499",0,20000,-20000,-2599
="074681",191000,30000,161000,155971
="074685",11000,0,11000,70949
="074687",708000,342000,366000,481431
="074786",30000,20000,10000,25300
="074789",20000,0,20000,79200
="074790",0,2000,-2000,-4380
="074791",88000,24000,64000,52041
="074792",18000,33000,-15000,-11000
="074793",0,10000,-10000,-17200
="074794",21000,0,21000,59698
="074795",14000,0,14000,26319
="074796",63000,0,63000,131407
="074797",10000,0,10000,47300
="074798",10000,0,10000,43899
="074799",0,46000,-46000,-59339
="074803",0,1000,-1000,-1529
="074804",0,84000,-84000,-101548
="074806",52000,10000,42000,83158
="074807",11000,20000,-9000,-24969
="074809",525000,30000,495000,854537
="074811",0,18000,-18000,-23459
="074812",0,227000,-227000,-249687
="074814",10000,84000,-74000,-155097
="074819",10000,3000,7000,13559
="074867",20000,0,20000,8399
="074873",50000,0,50000,44499
="074897",4000,3000,1000,3410
="074899",68000,0,68000,99319
="074900",79000,30000,49000,77331
="074902",0,10000,-10000,-4699
="074903",264000,0,264000,198898
="074904",15000,15000,0,-198
="074906",5000,0,5000,900
="074908",53000,138000,-85000,-169529
="075049",33000,40000,-7000,-8641
="075050",5000,0,5000,2599
="075051",10000,12000,-2000,-4467
="075052",10000,10000,0,-999
="075133",0,386000,-386000,-706380
="075167",129000,42000,87000,121850
="075168",109000,264000,-155000,-286839
="075170",0,19000,-19000,-62258
="075172",0,3000,-3000,-7829
="075173",65000,288000,-223000,-323440
="075174",121000,0,121000,66420
="075243",0,9000,-9000,-18989
="075245",183000,79000,104000,145502
="075396",270000,50000,220000,268928
="075399",104000,127000,-23000,-16100
="075400",0,7000,-7000,-19599
="075401",83000,136000,-53000,-211999
="075402",4000,18000,-14000,-36617
="075404",118000,0,118000,211918
="075405",0,10000,-10000,-25999
="075408",0,10000,-10000,-7400
="075409",32000,0,32000,15800
="075410",0,171000,-171000,-106020
="075411",69000,92000,-23000,-21159
="075513",2000,6000,-4000,-8979
="075642",105000,280000,-175000,-493459
="075693",27000,0,27000,29700
="075695",0,32000,-32000,-40000
="075696",33000,0,33000,87120
="075697",141000,154000,-13000,-39052
="075698",191000,239000,-48000,-41659
="075699",0,10000,-10000,-47899
="075700",1000,137000,-136000,-217173
="075826",6000,46000,-40000,-40379
="075827",20000,174000,-154000,-368934
="075828",669000,2404000,-1735000,-1886406
="075831",75000,651000,-576000,-744029
="075965",474000,5000,469000,402990
="075968",12000,1000,11000,38101
="075969",588000,34000,554000,608355
="075970",101000,356000,-255000,-499937
="075971",79000,30000,49000,162549
="075972",360000,122000,238000,417509
="076057",208000,0,208000,112820
="076058",4000,0,4000,11880
="076059",0,113000,-113000,-80229
="076060",8000,24000,-16000,-88198
="076061",60000,20000,40000,114841
="076063",298000,0,298000,328540
="076064",5000,338000,-333000,-359369
="076107",5000,0,5000,7599
="076180",0,47000,-47000,-132566
="076182",0,12000,-12000,-45359
="076289",116000,101000,15000,14890
="076290",0,81000,-81000,-51769
="076291",227000,50000,177000,208808
="076292",539000,0,539000,369878
="076384",4000,0,4000,3519
="076405",90000,0,90000,72479
="076408",109000,10000,99000,61889
="076410",0,1000,-1000,-2779
="076411",99000,0,99000,74739
="076412",19000,1000,18000,16810
="076413",21000,0,21000,17850
="076415",0,2000,-2000,-1460
="076416",197000,953000,-756000,-1013677
="076417",72000,0,72000,55598
="076418",405000,10000,395000,392940
="076419",67000,0,67000,60299
="076420",18000,0,18000,36099
="076421",226000,0,226000,176178
="076550",8000,3000,5000,5520
="076551",31000,14000,17000,59140
="076652",0,400000,-400000,-413945
="076653",29000,47000,-18000,-46120
="076654",125000,21000,104000,64688
="076655",30000,32000,-2000,862
="076675",4000,0,4000,8049
="076777",30000,0,30000,17699
="076912",104000,42000,62000,49580
="076914",266000,0,266000,240407
="076920",40000,2000,38000,19999
="076921",363000,0,363000,256478
="076922",129000,0,129000,82348
="077006",10000,10000,0,-1499
="077060",0,2000,-2000,-819
="077061",282000,30000,252000,131240
="077064",158000,213000,-55000,-50759
="077065",0,222000,-222000,-268688
="077069",74000,2000,72000,253488
="077103",29000,13000,16000,54450
="077105",0,10000,-10000,-37699
="077108",161000,19000,142000,195959
="077125",28000,0,28000,191748
="077221",10000,0,10000,22200
="077274",0,20000,-20000,-49600
="077276",252000,15000,237000,198249
="077278",52000,0,52000,54567
="077280",0,138000,-138000,-89699
="077281",10000,203000,-193000,-399219
="077455",1000,0,1000,8000
="077486",40000,0,40000,17999
="077585",0,42000,-42000,-21637
="077586",10000,0,10000,30899
="077587",91000,1000,90000,310220
="077589",0,135000,-135000,-49950
="077591",10000,2000,8000,32632
="077593",242000,0,242000,157619
="077595",0,55000,-55000,-48748
="077641",0,2000,-2000,-31500
="077646",211000,138000,73000,41350
="077647",159000,116000,43000,47507
="077648",39000,279000,-240000,-328305
="077649",0,11000,-11000,-28579
="077651",9000,59000,-50000,-199059
="077652",499000,325000,174000,196200
="077653",0,2000,-2000,-1840
="077654",38000,15000,23000,17928
="077655",15000,33000,-18000,-17011
="077656",0,57000,-57000,-69179
="077658",57000,10000,47000,214658
="077659",0,10000,-10000,-46538
="077810",6000,27000,-21000,-51989
="077812",41000,0,41000,133659
="077917",5000,0,5000,13300
="077941",28000,15000,13000,12260
="077942",113000,65000,48000,62898
="077944",842000,388000,454000,368991
="077945",10000,3000,7000,10510
="077946",64000,0,64000,208638
="078038",0,15000,-15000,-59699
="078087",47000,0,47000,146107
="078089",192000,221000,-29000,-32317
="078090",117000,94000,23000,26419
="078091",138000,165000,-27000,-49912
="078092",422000,42000,380000,260898
="078095",14000,12000,2000,11296
="078096",9000,67000,-58000,-130979
="078097",15000,131000,-116000,-100899
="078098",548000,742000,-194000,-307770
="078099",281000,302000,-21000,-38636
="078128",0,2000,-2000,-7300
="078461",235000,123000,112000,55710
="078462",68000,62000,6000,4241
="078463",28000,0,28000,51380
="078464",120000,60000,60000,87851
="078466",187000,310000,-123000,-392961
="078468",84000,0,84000,132708
="078469",579000,214000,365000,631199
="078470",309000,147000,162000,318284
="078471",14000,0,14000,15400
="078472",13000,0,13000,13649
="078473",13000,22000,-9000,-11020
="078474",0,51000,-51000,-27029
="078475",0,113000,-113000,-189618
="078476",92000,33000,59000,60010
="078477",20000,20000,0,-2199
="078539",100000,0,100000,527499
="078645",2000,0,2000,16799
="078699",2000,0,2000,1200
="078718",321000,20000,301000,544779
="078719",0,558000,-558000,-2138286
="078720",0,100000,-100000,-218500
="078723",102000,14000,88000,130741
="078724",105000,36000,69000,47639
="078725",35000,0,35000,62649
="078848",1784000,339000,1445000,2283136
="078849",101000,75000,26000,73521
="078850",3000,9000,-6000,-11220
="078851",85000,181000,-96000,-168197
="078853",56000,58000,-2000,2684
="078854",24000,1026000,-1002000,-1422832
="078855",0,1000,-1000,-6550
="078856",0,50000,-50000,-272499
="078943",20000,0,20000,35199
="078944",50000,20000,30000,65100
="078945",9000,347000,-338000,-415126
="078947",137000,22000,115000,69809
="078948",0,15000,-15000,-19499
="078949",102000,0,102000,308909
="079047",3000,0,3000,6269
="079090",106000,0,106000,72080
="079091",306000,81000,225000,137482
="079285",0,7000,-7000,-9960
="079286",182000,30000,152000,102160
="079287",0,442000,-442000,-607286
="079288",1000,1000,0,-89
="079289",258000,0,258000,307557
="079290",212000,22000,190000,255450
="079291",0,8000,-8000,-12880
="079407",19000,0,19000,32870
="079425",267000,122000,145000,98421
="079426",14000,120000,-106000,-98977
="079427",18000,285000,-267000,-281996
="079428",0,171000,-171000,-240196
="079429",271000,54000,217000,378089
="079430",101000,45000,56000,61440
="079431",176000,156000,20000,6901
="079433",169000,0,169000,125060
="079434",30000,267000,-237000,-288780
="079435",0,20000,-20000,-76399
="079571",10000,0,10000,35599
="079582",50000,5000,45000,49951
="079583",0,10000,-10000,-11299
="079586",226000,155000,71000,25560
="079613",0,6000,-6000,-3479
="079726",0,20000,-20000,-19199
="079727",45000,10000,35000,32900
="079728",637000,340000,297000,284470
="079729",509000,236000,273000,188379
="079730",604000,426000,178000,127581
="079734",24000,52000,-28000,-66739
="079736",317000,1000,316000,202578
="079737",45000,213000,-168000,-257747
="079738",0,85000,-85000,-120398
="079739",69000,0,69000,52848
="079740",321000,2000,319000,491206
="079741",92000,0,92000,195538
="079742",1027000,119000,908000,1311699
="079744",144000,0,144000,74879
="079830",2000,0,2000,2079
="079868",62000,480000,-418000,-563789
="079869",0,159000,-159000,-109539
="079870",10000,67000,-57000,-43998
="079871",0,118000,-118000,-152038
="079872",0,100000,-100000,-73500
="079873",186000,19000,167000,581253
="079961",3000,2000,1000,3740
="079979",172000,193000,-21000,-11419
="079980",10000,2000,8000,11760
="079982",591000,1037000,-446000,-460027
="079983",160000,54000,106000,153448
="079984",30000,0,30000,34199
="079985",111000,77000,34000,25410
="080004",2000,0,2000,860
="080161",105000,0,105000,82879
="080162",0,76000,-76000,-82880
="080163",30000,0,30000,14099
="080166",341000,159000,182000,113171
="080167",218000,26000,192000,133999
="080168",255000,153000,102000,66841
="080169",10000,0,10000,4000
="080170",241000,280000,-39000,-23062
="080171",60000,54000,6000,259
="080172",314000,0,314000,152917
="080175",0,2000,-2000,-3099
="080176",10000,12000,-2000,-2192
="080177",264000,174000,90000,99197
="080178",0,35000,-35000,-42600
="080181",0,1341000,-1341000,-745259
="080183",0,25000,-25000,-15099
="080184",10000,75000,-65000,-148809
="080185",2000,0,2000,5960
="080186",512000,61000,451000,455411
="080205",0,2000,-2000,-4719
="080342",9000,0,9000,4950
="080343",278000,186000,92000,57761
="080344",39000,75000,-36000,-53257
="080345",0,36000,-36000,-34189
="080346",2000,259000,-257000,-203170
="080347",81000,135000,-54000,-50017
="080348",5000,32000,-27000,-43519
="080349",1020000,2406000,-1386000,-2432761
="080350",100000,0,100000,88999
="080351",23000,0,23000,13109
="080352",40000,0,40000,17999
="080506",350000,0,350000,862500
="080539",0,232000,-232000,-79199
="080540",94000,35000,59000,50968
="080541",2000,10000,-8000,-4280
="080542",0,2000,-2000,-800
="080543",0,75000,-75000,-40099
="080544",308000,904000,-596000,-353131
="080545",153000,41000,112000,368850
="080546",521000,98000,423000,296178
="080547",350000,77000,273000,406153
="080593",156000,0,156000,84240
="080594",32000,21000,11000,8551
="080595",10000,135000,-125000,-80909
="080596",718000,680000,38000,43660
="080597",340000,219000,121000,109440
="080598",163000,144000,19000,13888
="080599",0,9000,-9000,-3149
="080600",0,47000,-47000,-25410
="080601",221000,250000,-29000,-18690
="080602",8000,28000,-20000,-43860
="080604",5000,0,5000,2199
="080675",300000,0,300000,293998
="080764",0,5000,-5000,-8849
="080857",15000,75000,-60000,-48301
="080858",60000,0,60000,28199
="080859",15000,109000,-94000,-50796
="080860",0,242000,-242000,-156117
="080861",33000,25000,8000,11440
="080862",65000,0,65000,66597
="080863",0,30000,-30000,-21900
="080864",49000,0,49000,106740
="080865",155000,40000,115000,365038
="080866",2000,0,2000,779
="080867",290000,66000,224000,339199
="080868",276000,716000,-440000,-261829
="080869",31000,268000,-237000,-170919
="080870",0,20000,-20000,-8600
="081016",214000,405000,-191000,-202508
="081017",20000,138000,-118000,-88740
="081018",62000,201000,-139000,-83970
="081019",0,239000,-239000,-304228
="081020",80000,140000,-60000,-36901
="081021",37000,254000,-217000,-104069
="081023",0,27000,-27000,-21889
="081024",42000,26000,16000,25810
="081025",117000,0,117000,84740
="081026",389000,188000,201000,96811
="081039",2000,0,2000,800
="081043",30000,30000,0,-4000
="081213",123000,138000,-15000,-11211
="081214",416000,304000,112000,109952
="081215",196000,75000,121000,105531
="081216",308000,136000,172000,93837
="081217",27000,10000,17000,8189
="081218",674000,1843000,-1169000,-980512
="081219",414000,151000,263000,179281
="081220",0,30000,-30000,-46498
="081221",5000,60000,-55000,-84708
="081222",179000,95000,84000,48229
="081223",60000,396000,-336000,-377709
="081224",269000,278000,-9000,-10388
="081225",222000,110000,112000,82851
="081226",423000,15000,408000,207399
="081228",0,77000,-77000,-97578
="081231",45000,30000,15000,8150
="081232",44000,100000,-56000,-49042
="081233",35000,160000,-125000,-103549
="081235",1069000,116000,953000,569809
="081236",1000,201000,-200000,-166008
="081270",144000,122000,22000,17340
="081271",20000,9000,11000,5650
="081272",194000,267000,-73000,-62549
="081273",0,5000,-5000,-2300
="081276",15000,0,15000,12599
="081277",0,20000,-20000,-8799
="081278",115000,102000,13000,9040
="081280",18000,77000,-59000,-74601
="081281",293000,123000,170000,204750
="081282",50000,659000,-609000,-459110
="081283",102000,12000,90000,47797
="081285",10000,0,10000,27758
="081286",28000,224000,-196000,-104058
="081287",553000,418000,135000,172811
="081288",0,115000,-115000,-91850
="081289",115000,81000,34000,109848
="081346",6000,0,6000,22529
="081428",1000,1000,0,-10
="081429",0,20000,-20000,-10800
="081430",0,136000,-136000,-77519
="081431",0,378000,-378000,-185439
="081433",60000,5000,55000,23739
="081434",8000,20000,-12000,-5459
="081435",79000,0,79000,54057
="081436",267000,1011000,-744000,-612609
="081438",10000,25000,-15000,-17198
="081439",137000,373000,-236000,-340692
="081440",699000,334000,365000,219471
="081442",127000,94000,33000,25210
="081443",445000,1487000,-1042000,-947448
="081444",50000,0,50000,24500
="081446",0,80000,-80000,-74299
="081447",288000,19000,269000,414128
="081448",3000,10000,-7000,-7270
="081449",150000,0,150000,110359
="081450",487000,0,487000,307139
="081451",55000,22000,33000,138711
="081452",0,24000,-24000,-60959
="081587",0,10000,-10000,-9800
="081708",3000,506000,-503000,-297849
="081709",41000,52000,-11000,-17322
="081710",0,10000,-10000,-9100
="081711",179000,462000,-283000,-234811
="081712",281000,1313000,-1032000,-826379
="081714",0,166000,-166000,-109560
="081715",52000,42000,10000,17802
="081716",227000,4266000,-4039000,-4926236
="081717",0,60000,-60000,-39600
="081718",184000,50000,134000,105477
="081719",588000,140000,448000,439839
="081720",53000,279000,-226000,-207251
="081721",408000,178000,230000,288909
="081722",852000,50000,802000,764617
="081723",1052000,1116000,-64000,78741
="081724",236000,74000,162000,285259
="081725",249000,188000,61000,81924
="081726",9000,10000,-1000,-351
="081727",11000,0,11000,17500
="081816",33000,0,33000,47980
="081868",50000,0,50000,66000
="081945",15000,411000,-396000,-398618
="081946",5000,0,5000,13039
="081947",111000,600000,-489000,-728050
="081948",0,2000,-2000,-2960
="081949",0,3000,-3000,-4919
="081950",108000,0,108000,94959
="081951",202000,183000,19000,8399
="081952",1346000,258000,1088000,555730
="081953",42000,205000,-163000,-112101
="081956",40000,168000,-128000,-65679
="081958",0,11000,-11000,-5559
="081959",489000,86000,403000,732911
="082000",0,93000,-93000,-131129
="082056",2000,0,2000,6699
="082122",85000,80000,5000,3510
="082123",84000,3000,81000,78529
="082124",265000,170000,95000,71772
="082125",0,210000,-210000,-96799
="082127",14000,80000,-66000,-94360
="082128",0,1656000,-1656000,-975554
="082129",20000,112000,-92000,-95259
="082130",2759000,5978000,-3219000,-3695359
="082131",0,40000,-40000,-33200
="082132",146000,309000,-163000,-203858
="082134",24000,80000,-56000,-39158
="082136",0,8000,-8000,-3599
="082137",275000,95000,180000,234309
="082138",140000,212000,-72000,-66320
="082139",186000,5000,181000,151657
="082140",35000,35000,0,3061
="082141",51000,43000,8000,3219
="082142",128000,436000,-308000,-319646
="082144",201000,158000,43000,89847
="082145",77000,0,77000,50448
="082314",73000,65000,8000,4591
="082315",5000,20000,-15000,-7028
="082318",768000,173000,595000,261130
="082319",22000,841000,-819000,-713846
="082320",141000,10000,131000,185718
="082321",60000,63000,-3000,-3128
="082322",10000,10000,0,401
="082323",153000,97000,56000,49581
="082324",0,26000,-26000,-40820
="082325",44000,41000,3000,4009
="082326",134000,509000,-375000,-270030
="082327",34000,30000,4000,-1940
="082328",6000,85000,-79000,-110388
="082329",303000,210000,93000,73309
="082330",137000,30000,107000,160231
="082331",25000,71000,-46000,-29159
="082332",0,142000,-142000,-94719
="082333",50000,0,50000,34499
="082334",80000,394000,-314000,-235277
="082335",30000,0,30000,14399
="082336",0,20000,-20000,-9200
="082337",0,15000,-15000,-31578
="082338",192000,269000,-77000,-157157
="082339",5000,92000,-87000,-62689
="082340",61000,300000,-239000,-150231
="082475",481000,157000,324000,220192
="082476",213000,20000,193000,325569
="082477",2000,6000,-4000,-4609
="082478",48000,108000,-60000,-37817
="082479",19000,212000,-193000,-126369
="082481",1376000,1198000,178000,104190
="082482",340000,674000,-334000,-192000
="082483",0,19000,-19000,-19009
="082484",5000,5000,0,-50
="082486",10000,62000,-52000,-36138
="082487",58000,982000,-924000,-961017
="082488",889000,852000,37000,25240
="082489",647000,173000,474000,480921
="082490",8000,19000,-11000,-8201
="082491",108000,20000,88000,64492
="082493",13000,22000,-9000,-10109
="082494",10000,0,10000,12799
="082495",0,245000,-245000,-295199
="082496",189000,50000,139000,100068
="082497",0,40000,-40000,-58200
="082498",145000,160000,-15000,-6982
="082499",147000,16000,131000,223676
="082500",619000,178000,441000,389602
="082501",395000,1024000,-629000,-698669
="082502",10000,464000,-454000,-282539
="082503",265000,125000,140000,175354
="082504",10000,0,10000,9700
="082533",0,211000,-211000,-679420
="082556",30000,420000,-390000,-197400
="082557",102000,0,102000,81699
="082558",169000,78000,91000,90550
="082559",0,8000,-8000,-7039
="082560",176000,1302000,-1126000,-1347669
="082561",5000,74000,-69000,-69358
="082562",11000,49000,-38000,-42500
="082563",388000,32000,356000,434928
="082564",535000,262000,273000,240831
="082565",246000,952000,-706000,-583647
="082566",30000,10000,20000,15401
="082568",187000,81000,106000,95138
="082569",309000,30000,279000,224691
="082570",76000,74000,2000,-840
="082572",0,82000,-82000,-93660
="082573",0,30000,-30000,-15698
="082574",215000,1817000,-1602000,-2276807
="082575",101000,332000,-231000,-226950
="082576",80000,137000,-57000,-53548
="082577",10000,334000,-324000,-216679
="082578",12000,3000,9000,13190
="082665",10000,0,10000,9200
="082676",18000,0,18000,107296
="082750",260000,75000,185000,187250
="082751",76000,21000,55000,48871
="082752",0,5000,-5000,-3849
="082754",120000,22000,98000,126609
="082755",0,60000,-60000,-49998
="082756",16000,33000,-17000,-17611
="082757",175000,95000,80000,87841
="082758",61000,84000,-23000,-31541
="082759",10000,0,10000,5600
="082760",130000,0,130000,96200
="082761",48000,116000,-68000,-80047
="082764",0,1000,-1000,-439
="082765",40000,164000,-124000,-116520
="082766",100000,70000,30000,27101
="082767",192000,34000,158000,120456
="082768",90000,81000,9000,10073
="082769",42000,272000,-230000,-171611
="082770",17000,371000,-354000,-230698
="082771",50000,75000,-25000,-15160
="082772",154000,89000,65000,90533
="082773",825000,785000,40000,57901
="082774",10000,20000,-10000,-20599
="082775",19000,10000,9000,12159
="082776",182000,142000,40000,25108
="082854",50000,0,50000,88697
="082867",0,4000,-4000,-2799
="082923",10000,10000,0,-100
="082924",523000,2000,521000,479460
="082925",318000,405000,-87000,-43280
="082927",0,14000,-14000,-13038
="082928",0,113000,-113000,-101077
="082929",5000,109000,-104000,-85149
="082930",0,3000,-3000,-1800
="082931",341000,0,341000,223649
="082932",10000,0,10000,5099
="082933",131000,1267000,-1136000,-748399
="082934",0,3000,-3000,-1380
="082935",0,10000,-10000,-5199
="082937",56000,694000,-638000,-708834
="082950",100000,0,100000,126998
="083034",3000,0,3000,1739
="083197",222000,187000,35000,16170
="083198",0,20000,-20000,-8399
="083199",207000,2665000,-2458000,-953739
="083201",0,12000,-12000,-7119
="083202",100000,120000,-20000,-10198
="083204",72000,143000,-71000,-62538
="083205",643000,1349000,-706000,-430410
="083206",130000,706000,-576000,-426838
="083207",338000,866000,-528000,-460378
="083208",128000,469000,-341000,-478309
="083209",100000,20000,80000,56950
="083210",0,3000,-3000,-2339
="083211",277000,165000,112000,70439
="083212",0,45000,-45000,-36098
="083213",14000,6000,8000,10410
="083214",10000,15000,-5000,-1651
="083215",313000,605000,-292000,-529095
="083216",11000,59000,-48000,-34359
="083218",15000,16000,-1000,-1079
="083220",76000,165000,-89000,-139761
="083245",125000,0,125000,263248
="083326",3000,0,3000,1680
="083327",523000,586000,-63000,-30998
="083328",20000,25000,-5000,-2798
="083329",11000,50000,-39000,-27948
="083330",50000,40000,10000,8661
="083336",192000,358000,-166000,-171277
="083338",846000,782000,64000,87259
="083340",126000,86000,40000,39658
="083341",106000,173000,-67000,-96552
="083342",125000,84000,41000,46870
="083343",150000,1000,149000,108750
="083344",179000,0,179000,316326
="083345",341000,629000,-288000,-402514
="083346",0,499000,-499000,-234529
="083347",17000,17000,0,-850
="083349",154000,42000,112000,55899
="083350",28000,192000,-164000,-151711
="083460",371000,205000,166000,215352
="083461",262000,329000,-67000,-51749
="083462",35000,63000,-28000,-11298
="083463",77000,290000,-213000,-92089
="083464",1697000,1929000,-232000,-202240
="083465",54000,112000,-58000,-76778
="083466",150000,93000,57000,33761
="083467",9000,20000,-11000,-7181
="083468",5000,0,5000,4749
="083470",113000,0,113000,62150
="083471",80000,254000,-174000,-181039
="083472",20000,98000,-78000,-102221
="083473",21000,72000,-51000,-87060
="083474",0,23000,-23000,-27600
="083476",443000,209000,234000,154171
="083478",52000,90000,-38000,-26070
="083479",0,3000,-3000,-1529
="083480",232000,5000,227000,140881
="083665",248000,21000,227000,204568
="083667",24000,11000,13000,11711
="083668",247000,354000,-107000,-91099
="083671",28000,33000,-5000,-4559
="083672",176000,141000,35000,24160
="083673",1000,85000,-84000,-44559
="083674",0,110000,-110000,-76199
="083675",0,108000,-108000,-73938
="083678",5000,218000,-213000,-200236
="083679",130000,3146000,-3016000,-3623326
="083681",10000,0,10000,9100
="083682",0,40000,-40000,-29200
="083684",87000,4000,83000,149244
="083685",16000,0,16000,19199
="083687",402000,448000,-46000,-21668
="083688",106000,30000,76000,57121
="083689",10000,30000,-20000,-16198
="083768",100000,0,100000,126999
="083787",77000,221000,-144000,-137887
="083788",320000,726000,-406000,-273219
="083790",0,200000,-200000,-148000
="083791",134000,100000,34000,30109
="083792",0,10000,-10000,-6600
="083793",0,10000,-10000,-7300
="083794",52000,60000,-8000,-10880
="083796",0,174000,-174000,-387195
="083797",35000,35000,0,350
="083798",2000,100000,-98000,-86889
="083799",117000,3496000,-3379000,-3295107
="084005",80000,0,80000,36800
="084006",0,20000,-20000,-19800
="084009",0,2000,-2000,-980
="084010",330000,442000,-112000,-37480
="084014",5000,0,5000,4149
="084015",111000,70000,41000,22980
="084016",0,2000,-2000,-1200
="084018",116000,90000,26000,17140
="084019",126000,327000,-201000,-337477
="084020",2000,6000,-4000,-2901
="084021",1000,3000,-2000,-2089
="084022",642000,1264000,-622000,-775119
="084024",394000,764000,-370000,-333299
="084025",128000,126000,2000,-131
="084026",107000,123000,-16000,-17829
="084027",133000,131000,2000,-3001
="084178",2000,0,2000,5009
="084230",154000,26000,128000,87200
="084231",933000,928000,5000,-15641
="084232",0,46000,-46000,-39800
="084236",120000,15000,105000,41950
="084237",88000,179000,-91000,-95219
="084238",221000,529000,-308000,-287359
="084239",5000,23000,-18000,-10639
="084240",0,3000,-3000,-1439
="084241",0,15000,-15000,-12487
="084242",10000,40000,-30000,-17698
="084243",440000,692000,-252000,-443848
="084244",100000,18000,82000,123160
="084245",161000,438000,-277000,-236859
="084246",295000,562000,-267000,-262877
="084247",0,240000,-240000,-118999
="084248",16000,391000,-375000,-310927
="084249",111000,175000,-64000,-42410
="084250",0,2000,-2000,-1440
="084251",10000,351000,-341000,-228668
="084252",4000,88000,-84000,-98510
="084253",14000,98000,-84000,-107641
="084371",0,5000,-5000,-5149
="084374",2000,10000,-8000,-3819
="084375",0,499000,-499000,-149700
="084378",15000,63000,-48000,-26879
="084380",0,14000,-14000,-17998
="084383",40000,209000,-169000,-143129
="084385",101000,385000,-284000,-364820
="084386",10000,8000,2000,959
="084387",0,10000,-10000,-5500
="084388",108000,240000,-132000,-114900
="084389",10000,0,10000,6200
="084390",40000,0,40000,28399
="084533",18000,2000,16000,10209
="084535",0,50000,-50000,-24299
="084536",68000,60000,8000,12519
="084538",0,10000,-10000,-6650
="084539",336000,50000,286000,189920
="084540",1000,0,1000,1000
="084542",4000,0,4000,4559
="084543",0,26000,-26000,-16428
="084545",114000,298000,-184000,-211123
="084546",82000,250000,-168000,-180528
="084547",0,68000,-68000,-47648
="084548",0,186000,-186000,-124720
="084602",0,20000,-20000,-20999
="084685",95000,45000,50000,37750
="084686",29000,22000,7000,6541
="084687",17000,656000,-639000,-558768
="084688",500000,0,500000,259999
="084691",10000,0,10000,7300
="084692",80000,68000,12000,6891
="084693",15000,310000,-295000,-115199
="084694",0,30000,-30000,-24698
="084695",0,88000,-88000,-169918
="084696",163000,104000,59000,49499
="084697",21000,37000,-16000,-13250
="084699",34000,5000,29000,26027
="084700",6000,1000,5000,4900
="084701",106000,40000,66000,67421
="084702",0,125000,-125000,-75000
="084703",42000,1000,41000,64869
="084704",146000,27000,119000,90028
="084707",0,5000,-5000,-3899
="084708",100000,30000,70000,59001
="084709",15000,10000,5000,2401
="084710",10000,84000,-74000,-58209
="084734",10000,0,10000,21099
="084821",4000,14000,-10000,-9559
="084822",30000,264000,-234000,-194738
="084823",19000,15000,4000,2950
="084827",0,85000,-85000,-48648
="084828",300000,70000,230000,196201
="084829",100000,0,100000,56000
="084830",3000,50000,-47000,-37130
="084831",57000,0,57000,45100
="084832",0,15000,-15000,-15348
="084833",3000,100000,-97000,-71610
="084834",180000,33000,147000,118649
="084835",0,13000,-13000,-15439
="084836",0,20000,-20000,-13899
="084837",138000,898000,-760000,-817159
="084838",203000,265000,-62000,-60122
="084840",160000,0,160000,165798
="084892",10000,17000,-7000,-5079
="084893",10000,10000,0,-200
="084894",0,148000,-148000,-131697
="084895",0,10000,-10000,-13799
="084896",525000,391000,134000,133831
="084897",35000,11000,24000,19900
="084898",0,10000,-10000,-12350
="085026",119000,7000,112000,122051
="085027",100000,1220000,-1120000,-753708
="085028",5000,32000,-27000,-25769
="085029",13000,0,13000,26088
="085030",0,65000,-65000,-25337
="085031",239000,22000,217000,163080
="085032",312000,200000,112000,70798
="085079",60000,0,60000,75200
="085126",100000,125000,-25000,-36800
="085127",248000,1756000,-1508000,-1528285
="085128",90000,47000,43000,45919
="085129",0,10000,-10000,-7099
="085131",0,77000,-77000,-77738
="085132",0,15000,-15000,-15099
="085133",385000,230000,155000,125763
="085134",0,217000,-217000,-157489
="085174",0,490000,-490000,-478107
="085175",0,22000,-22000,-14178
="085176",0,100000,-100000,-85000
="085177",60000,10000,50000,32099
="085181",0,270000,-270000,-288598
="085182",40000,28000,12000,14119
="085183",0,81000,-81000,-96390
="085267",0,55000,-55000,-57698
="085268",0,100000,-100000,-75000
="085269",0,20000,-20000,-16399
="08690P",0,5000,-5000,-399
="1101",38300,2800,35500,1476749
="1102",1000,369000,-368000,-15173694
="1104",1000,0,1000,21200
="1210",16000,10000,6000,301600
="1216",308000,101100,206900,14111941
="1227",3100,1000,2100,119229
="1229",100,1000,-900,-37500
="1231",1000,0,1000,45849
="1236",2000,0,2000,27399
="1264",1000,0,1000,253000
="1301",23000,13500,9500,917302
="1304",31000,63000,-32000,-687001
="1305",50000,113000,-63000,-1653651
="1309",56000,13073,42927,1468927
="1310",47000,19034,27966,494947
="1312",16000,5000,11000,263502
="1313",12000,4302,7698,134191
="1314",460000,29000,431000,4499550
="1319",0,150000,-150000,-5279847
="1325",11050,6000,5050,397225
="1326",7000,0,7000,581699
="1336",0,10000,-10000,-239500
="1337",4000,6230,-2230,-19922
="1338",1,0,1,68
="1409",10000,8000,2000,27602
="1432",5000,0,5000,69250
="1434",20000,0,20000,597000
="1438",20000,0,20000,227498
="1444",4000,9000,-5000,-60200
="1447",250,0,250,2134
="1454",0,14000,-14000,-115529
="1455",20000,28000,-8000,-85600
="1456",16000,16000,0,-17400
="1460",0,15000,-15000,-119498
="1464",0,2000,-2000,-36249
="1473",70,0,70,1207
="1476",6118,2000,4118,1738272
="1477",45000,42235,2765,757943
="1506",3,0,3,33
="1513",85000,54000,31000,1554296
="1515",233000,78000,155000,13700696
="1517",10000,0,10000,135000
="1524",4000,0,4000,41599
="1527",2000,7000,-5000,-222201
="1533",12000,14000,-2000,-149597
="1536",23000,414606,-391606,-45410902
="1558",1100,3000,-1900,-284468
="1568",3000,0,3000,83398
="1569",20000,2000,18000,521201
="1580",1000,1000,0,1100
="1582",110,1100,-990,-82260
="1586",0,1000,-1000,-46450
="1590",5000,15000,-10000,-10230000
="1593",1000,0,1000,127000
="1597",25000,159000,-134000,-15392500
="1598",1000,3000,-2000,-200000
="1604",4000,0,4000,104599
="1605",72000,33000,39000,712852
="1608",2000,0,2000,25399
="1609",57000,223000,-166000,-3240099
="1611",11000,0,11000,142849
="1612",1000,2000,-1000,-18549
="1615",552,0,552,13358
="1618",36000,0,36000,460800
="1701",8000,25000,-17000,-385400
="1702",0,11000,-11000,-500849
="1709",5000,0,5000,73000
="1710",0,454,-454,-8784
="1711",323000,321034,1966,77377
="1718",44000,66000,-22000,-207287
="1720",3000,0,3000,109200
="1721",0,850,-850,-8967
="1722",1000,2000,-1000,-52701
="1723",1000,1000,0,-1000
="1724",0,1000,-1000,-12449
="1727",7000,0,7000,76299
="1730",1000,0,1000,71000
="1731",4000,0,4000,73000
="1732",20000,0,20000,531198
="1734",2000,2000,0,349
="1736",31000,23000,8000,710002
="1737",2,0,2,63
="1752",1000,2000,-1000,-39751
="1760",3000,5000,-2000,-164299
="1762",4000,7000,-3000,-179202
="1773",3000,0,3000,317500
="1783",100,0,100,2450
="1784",0,1000,-1000,-39099
="1785",30000,20000,10000,448748
="1795",3000,1000,2000,146999
="1796",0,1000,-1000,-34299
="1799",5000,0,5000,80000
="1802",24000,119309,-95309,-1737840
="1805",0,15000,-15000,-192748
="1808",0,200,-200,-12200
="1810",4000,0,4000,36909
="1815",2000,2000,0,-799
="1817",76000,0,76000,2532948
="1904",6000,0,6000,182750
="1905",10000,8000,2000,20601
="1907",80000,20000,60000,1576400
="1909",281000,212000,69000,1750101
="2002",61120,383100,-321980,-7821217
="2006",6000,46000,-40000,-1351249
="2009",275010,151000,124010,3597532
="2010",71000,74000,-3000,-47148
="2014",434000,297000,137000,2109650
="2022",1000,2000,-1000,-7200
="2025",6,0,6,17
="2027",142000,38000,104000,2941951
="2028",6000,2000,4000,92800
="2029",100,0,100,2100
="2031",1000,0,1000,38049
="2033",10000,10000,0,1549
="2034",4000,10000,-6000,-158550
="2038",25000,25000,0,2449
="2049",11200,21000,-9800,-4009300
="2061",1000,4000,-3000,-90050
="2062",0,120000,-120000,-3091247
="2101",8000,4000,4000,170550
="2103",12000,333100,-321100,-8253580
="2104",0,70000,-70000,-1774500
="2105",97000,0,97000,4138848
="2106",0,10000,-10000,-341497
="2107",9000,0,9000,211949
="2109",0,5000,-5000,-60749
="2114",0,10000,-10000,-1010000
="2201",145000,22000,123000,5269789
="2206",1000,1000,0,-299
="2207",1,0,1,593
="2208",20,0,20,497
="2227",90,40,50,12695
="2230",170000,0,170000,2805000
="2231",6000,34000,-28000,-5561000
="2233",1,1225,-1224,-114143
="2247",2001,0,2001,477239
="2301",308000,10000,298000,17354795
="2303",7279495,1386100,5893395,339530835
="2308",38215,174000,-135785,-40527043
="2312",87000,148000,-61000,-741550
="2313",92000,273000,-181000,-7973749
="2314",3000,3000,0,-2399
="2316",0,4000,-4000,-124400
="2317",339138,1368150,-1029012,-113537624
="2323",14000,3000,11000,90718
="2324",8000,0,8000,173549
="2327",54210,107306,-53096,-31985650
="2328",90000,119000,-29000,-1195350
="2329",75000,969000,-894000,-14794298
="2330",222777,361650,-138873,-90733900
="2331",3228000,778000,2450000,71566753
="2332",73998,194000,-120002,-3001099
="2337",4722000,4332890,389110,19151573
="2338",662000,182002,479998,23987850
="2340",17000,2000,15000,383899
="2342",2000,2000,0,201
="2344",5126370,1244220,3882150,118118858
="2345",3000,5000,-2000,-539500
="2347",7000,74000,-67000,-3192552
="2351",523000,44000,479000,43712595
="2352",2000,0,2000,56599
="2353",445000,392000,53000,1482649
="2354",104000,816300,-712300,-48899650
="2355",61000,4000,57000,1919496
="2356",44000,3000,41000,956399
="2357",6200,9000,-2800,-800300
="2359",0,17000,-17000,-306898
="2360",22000,18000,4000,927000
="2363",12000,33000,-21000,-361099
="2367",20000,217000,-197000,-4141349
="2368",2843000,319746,2523254,141111219
="2369",25000,35000,-10000,-156749
="2371",315000,171000,144000,3926050
="2374",0,2000,-2000,-29600
="2375",97000,90000,7000,1053500
="2376",45100,19000,26100,2208200
="2377",22136,32000,-9864,-1361750
="2379",21073,51100,-30027,-14737683
="2382",8200,52000,-43800,-3826619
="2383",184000,37000,147000,24747000
="2385",1000,0,1000,88900
="2387",1060,0,1060,71544
="2388",0,1000,-1000,-53299
="2390",255000,595000,-340000,-6061350
="2392",0,1000,-1000,-45900
="2393",32000,44000,-12000,-515750
="2395",3000,0,3000,1111000
="2399",25000,29000,-4000,-75651
="2401",86000,304000,-218000,-5768249
="2404",5000,0,5000,1202500
="2406",1000,0,1000,19049
="2408",1433050,579100,853950,80005861
="2409",2810000,2302000,508000,8614599
="2412",92,3000,-2908,-316018
="2413",0,27000,-27000,-684948
="2415",121000,225000,-104000,-4071649
="2417",6000,4000,2000,94699
="2419",20000,8000,12000,283200
="2421",10000,3000,7000,389899
="2426",92000,79000,13000,252901
="2428",3000,13000,-10000,-1982000
="2436",5000,3000,2000,94299
="2439",1000,8000,-7000,-943500
="2440",0,3000,-3000,-38849
="2441",3000,7000,-4000,-292999
="2449",133000,163000,-30000,-1188349
="2451",0,1000,-1000,-64500
="2454",86275,280000,-193725,-186301275
="2455",8444,34000,-25556,-2778627
="2456",30000,36548,-6548,-695161
="2457",30000,30000,0,3001
="2458",8100,13000,-4900,-820550
="2459",40,0,40,1880
="2460",27000,1125,25875,660220
="2465",196000,47000,149000,3294499
="2467",10000,19000,-9000,-388846
="2472",1000,2000,-1000,-72400
="2474",3000,4000,-1000,-188500
="2476",6000,0,6000,158449
="2478",7000,10000,-3000,-244401
="2480",2,0,2,135
="2481",69000,30000,39000,2096801
="2484",19000,0,19000,457400
="2485",1000,1000,0,0
="2486",782000,180100,601900,12284869
="2489",5355,0,5355,60529
="2491",0,2000,-2000,-23000
="2492",305998,17301,288697,76145507
="2497",5000,0,5000,175000
="2498",7000,5000,2000,56899
="2501",1000,0,1000,19149
="2504",27000,3000,24000,551001
="2505",3000,50000,-47000,-1561248
="2511",64000,0,64000,714148
="2515",0,25000,-25000,-224330
="2520",0,10000,-10000,-335999
="2535",1000,0,1000,25850
="2540",6000,0,6000,411599
="2548",1000,1000,0,-400
="2601",7001,14000,-6999,-68020
="2603",1681100,2194000,-512900,-19038102
="2605",129011,9000,120011,2377616
="2606",5000,2000,3000,100648
="2609",1026006,681039,344967,8929824
="2610",769000,147000,622000,7205350
="2611",2000,439000,-437000,-4467498
="2612",16000,62000,-46000,-1573598
="2613",0,2000,-2000,-34700
="2614",1,0,1,16
="2615",101000,36000,65000,2902098
="2616",1,0,1,32
="2617",106000,12000,94000,1896449
="2618",88000,178000,-90000,-1179600
="2633",0,8000,-8000,-237600
="2636",1,0,1,40
="2637",7000,0,7000,183299
="2641",0,435000,-435000,-4992694
="2705",1,0,1,20
="2707",1000,0,1000,139500
="2723",0,4000,-4000,-548000
="2726",188000,0,188000,12990799
="2727",77001,1000,76001,10164136
="2731",2000,1100,900,71600
="2732",3000,5000,-2000,-261500
="2754",1,0,1,72
="2755",0,1000,-1000,-56700
="2801",1000,0,1000,17000
="2812",1000,0,1000,10850
="2823",1000,0,1000,22923
="2832",20001,0,20001,411019
="2834",3148,24000,-20852,-196186
="2836",0,100,-100,-978
="2841",1,0,1,7
="2851",20000,0,20000,444000
="2852",1000,0,1000,12850
="2855",37000,4000,33000,687148
="2867",2184,0,2184,18020
="2880",11501,1061,10440,185209
="2881",20200,51000,-30800,-1520067
="2882",12100,90000,-77900,-3269910
="2882A",0,193,-193,-11907
="2882B",0,8,-8,-495
="2883",16001,116000,-99999,-919280
="2884",4000,45000,-41000,-1017299
="2885",30066,320000,-289934,-6149097
="2886",6200,1000000,-993800,-28919812
="2887",9784,0,9784,125291
="2888",31000,1000,30000,247537
="2889",5000,0,5000,66450
="2890",1000,107,893,10309
="2891",327001,47000,280001,5598222
="2892",1000,41000,-40000,-836100
="2897",300000,0,300000,2024698
="2901",1000,0,1000,23450
="2911",1,0,1,6
="2912",3000,0,3000,795000
="2913",60001,0,60001,999015
="2915",15000,0,15000,1073800
="2939",2000,0,2000,49750
="3003",2000,49000,-47000,-2634200
="3005",0,2000,-2000,-98898
="3006",485001,145000,340001,25423975
="3008",33005,5164,27841,93744045
="3010",0,11000,-11000,-873200
="3011",1000,0,1000,6519
="3014",15001,0,15001,1247481
="3015",107000,5000,102000,4993248
="3016",1000,6000,-5000,-352100
="3017",47070,23000,24070,1658901
="3018",1000,5000,-4000,-65440
="3019",322001,1077050,-755049,-66090350
="3022",0,10412,-10412,-548818
="3023",22001,1000,21001,5663275
="3024",1,0,1,11
="3025",1,10000,-9999,-297467
="3026",1,7000,-6999,-832882
="3027",1,10000,-9999,-197480
="3028",5001,0,5001,118523
="3029",1,0,1,40
="3030",1000,0,1000,58200
="3032",2000,1000,1000,43349
="3033",1,0,1,19
="3034",80131,87000,-6869,-3808964
="3035",40001,10500,29501,1655202
="3036",13001,0,13001,559242
="3037",145002,91000,54002,5000684
="3038",1,1000,-999,-18631
="3040",0,1000,-1000,-43000
="3041",9001,4000,5001,142980
="3042",509200,107030,402170,43883475
="3044",120,4000,-3880,-516030
="3045",1020,0,1020,97928
="3047",46001,0,46001,598212
="3048",1,4000,-3999,-93777
="3049",1,0,1,10
="3050",22001,80000,-57999,-1013082
="3052",1,0,1,12
="3055",3000,0,3000,94350
="3057",1001,1000,1,-195
="3058",1,5000,-4999,-66487
="3059",2002,2000,2,1820
="3060",3000,3000,0,901
="3062",23000,25000,-2000,-36249
="3066",1000,0,1000,7900
="3071",0,50000,-50000,-1275000
="3078",442001,109000,333001,17010552
="3081",9000,6000,3000,894500
="3083",0,2000,-2000,-105499
="3090",1000,0,1000,51700
="3092",126000,139000,-13000,-876800
="3094",3002,4000,-998,-29343
="3095",0,5000,-5000,-13750
="3105",87151,83000,4151,1531601
="3122",0,206000,-206000,-3883995
="3131",2000,0,2000,770500
="3138",5019,3440,1579,772473
="3141",130000,49000,81000,4040099
="3149",6000,30250,-24250,-694400
="3152",12000,10000,2000,1005500
="3163",17000,0,17000,872399
="3169",6000,18000,-12000,-1160899
="3176",187000,226000,-39000,-1710500
="3178",51000,74000,-23000,-1534399
="3189",934000,315500,618500,57293751
="3206",1000,3000,-2000,-77500
="3211",3001,8000,-4999,-521397
="3217",17000,2000,15000,1956500
="3218",19000,10000,9000,2275000
="3221",3000,0,3000,64949
="3227",11000,31000,-20000,-3648000
="3228",81000,186000,-105000,-30750500
="3230",10000,0,10000,65250
="3231",8000,1278,6722,207595
="3232",0,11000,-11000,-168850
="3234",16000,3000,13000,549298
="3236",3000,4000,-1000,-24300
="3252",0,1000,-1000,-17250
="3257",0,2000,-2000,-174800
="3259",31000,4000,27000,1183950
="3260",222001,292005,-70004,-5621020
="3264",85000,1396000,-1311000,-60418695
="3265",24000,1000,23000,661098
="3272",1000,2000,-1000,-51499
="3289",1000,0,1000,54500
="3293",19000,21000,-2000,-1696000
="3297",2000,0,2000,32000
="3305",138000,228000,-90000,-3552600
="3306",5000,0,5000,97250
="3313",1000,0,1000,10649
="3317",3000,0,3000,141348
="3322",3000,12000,-9000,-133451
="3323",0,1000,-1000,-49049
="3324",19000,16750,2250,527275
="3325",0,2000,-2000,-50200
="3346",87000,31000,56000,2758000
="3354",100000,0,100000,1530000
="3362",2000,2000,0,-1650
="3373",1001,0,1001,71167
="3374",116000,273000,-157000,-28615500
="3376",0,8000,-8000,-1012000
="3380",12300,68000,-55700,-1973853
="3383",1000,0,1000,3619
="3406",84200,31000,53200,27496000
="3413",203204,34000,169204,41994396
="3416",10000,0,10000,765898
="3419",9000,10000,-1000,-21151
="3437",14000,4000,10000,331149
="3443",218000,83999,134001,58702932
="3450",1055,0,1055,67530
="3455",27000,15000,12000,672301
="3479",0,15000,-15000,-769499
="3481",870450,1004073,-133623,-2017182
="3483",76000,438100,-362100,-37938100
="3484",77000,148169,-71169,-5318365
="3490",4000,4000,0,1451
="3491",23000,3599,19401,1483791
="3492",0,1000,-1000,-18799
="3501",1000,0,1000,51599
="3504",12000,21000,-9000,-529101
="3508",0,162000,-162000,-3968398
="3515",6000,6000,0,-5500
="3516",0,2000,-2000,-33000
="3521",0,1000,-1000,-18049
="3526",0,6000,-6000,-618000
="3527",12000,0,12000,1176598
="3529",17115,55000,-37885,-32927520
="3530",0,1000,-1000,-118500
="3532",8000,35000,-27000,-4115000
="3533",27001,19000,8001,4166548
="3540",120002,77000,43002,2933634
="3541",0,1000,-1000,-49500
="3545",158070,247000,-88930,-8618293
="3552",57000,6000,51000,17264500
="3556",1000,0,1000,61099
="3563",47000,15000,32000,9255000
="3567",3000,0,3000,100099
="3576",10000,34000,-24000,-316948
="3580",2000,5000,-3000,-160200
="3587",20000,11000,9000,898500
="3588",6000,23000,-17000,-1097099
="3596",0,4000,-4000,-383099
="3597",5000,143000,-138000,-4630641
="3605",7000,4000,3000,127249
="3611",1000,2000,-1000,-195000
="3615",10000,3000,7000,161600
="3622",0,1000,-1000,-32500
="3630",29000,27000,2000,111504
="3631",0,1000,-1000,-50700
="3653",29010,24000,5010,1698380
="3661",16100,59000,-42900,-40040700
="3665",38000,66000,-28000,-8542500
="3666",7000,5000,2000,131901
="3669",0,1000,-1000,-79000
="3673",16000,61000,-45000,-1985199
="3680",37015,9000,28015,9978832
="3682",53,0,53,506
="3685",0,7000,-7000,-263399
="3686",120000,2000,118000,1983549
="3691",32000,10000,22000,4099000
="3702",3000,0,3000,132549
="3703",104000,0,104000,2095449
="3704",120000,188000,-68000,-2530401
="3706",0,2000,-2000,-59448
="3707",16000,447000,-431000,-19858897
="3708",7000,6000,1000,168500
="3710",6000,0,6000,64199
="3711",385020,131000,254020,28781770
="3712",0,12000,-12000,-338400
="3713",1000,0,1000,56400
="3714",48140,38700,9440,781352
="4102",0,2000,-2000,-51700
="4104",2000,0,2000,111000
="4105",36000,8000,28000,1892497
="4106",1000,0,1000,26700
="4108",186000,2000,184000,4938148
="4113",0,5000,-5000,-66250
="4119",1000,0,1000,93599
="4123",12000,1047,10953,720687
="4128",94000,36000,58000,3682004
="4133",3000,5000,-2000,-107799
="4137",68000,8000,60000,14085000
="4142",1056012,1086000,-29988,1309507
="4147",0,1000,-1000,-74800
="4157",4000,7000,-3000,-58951
="4167",0,36000,-36000,-1121899
="4168",2,7000,-6998,-192097
="4171",3000,0,3000,367500
="4173",0,1000,-1000,-23200
="4174",1000,0,1000,123000
="4190",0,1000,-1000,-89699
="4192",18000,85,17915,877835
="4417",0,2000,-2000,-67800
="4420",1120,1374,-254,-6760
="4528",2000,0,2000,99699
="4534",0,57,-57,-549
="4549",1100,0,1100,89630
="4551",1000,18000,-17000,-3139000
="4555",10000,0,10000,522498
="4564",144000,5000,139000,5051697
="4566",11000,74000,-63000,-4260995
="4571",45000,25000,20000,2204500
="4572",0,1000,-1000,-81599
="4576",11000,11000,0,21000
="4580",0,3000,-3000,-285000
="4609",1000,0,1000,7380
="4707",10000,0,10000,111000
="4714",1000,0,1000,11899
="4722",1000,1000,0,-299
="4726",1000,2000,-1000,-32300
="4735",0,6000,-6000,-554598
="4736",9499,0,9499,1809809
="4737",10000,0,10000,708000
="4739",62000,15000,47000,3194699
="4743",94000,9400,84600,19440200
="4745",1000,1000,0,100
="4746",4000,4000,0,-1001
="4755",0,1000,-1000,-65400
="4760",0,1000,-1000,-120500
="4803",2000,0,2000,78000
="4904",2000,5000,-3000,-180499
="4906",14000,44000,-30000,-893748
="4909",5000,4000,1000,20200
="4912",0,15000,-15000,-2225000
="4915",29000,14000,15000,974200
="4919",9020,0,9020,427688
="4930",15000,0,15000,289349
="4933",0,8000,-8000,-341600
="4934",6000,5000,1000,25250
="4935",0,112000,-112000,-11193598
="4938",64110,6050,58060,4410185
="4939",21000,18000,3000,68500
="4943",4500,4000,500,44199
="4946",31000,138,30862,1205161
="4952",1000,3000,-2000,-93499
="4956",0,1000,-1000,-21399
="4958",83000,20000,63000,7544000
="4960",33000,149000,-116000,-1344500
="4961",615065,594000,21065,3690035
="4966",7000,11000,-4000,-5450000
="4967",28000,12000,16000,839099
="4968",6000,5000,1000,567000
="4971",1000,1000,0,-301
="4974",2101,2000,101,5041
="4976",322000,87000,235000,24094699
="4977",0,1000,-1000,-106500
="4979",0,6000,-6000,-144549
="4989",15000,22000,-7000,-169400
="4994",0,3000,-3000,-222299
="5011",0,115000,-115000,-4216192
="5014",51000,321000,-270000,-5440199
="5203",0,12000,-12000,-1234500
="5213",0,1000,-1000,-17299
="5215",5000,4269,731,92185
="5223",3000,24000,-21000,-1696700
="5227",10000,0,10000,143999
="5243",34000,20000,14000,915900
="5251",1000,914,86,915
="5269",10031,32000,-21969,-40813745
="5272",174000,0,174000,4158599
="5274",0,2000,-2000,-3910000
="5289",0,1000,-1000,-165500
="5299",0,2000,-2000,-250000
="5306",26000,29000,-3000,-628500
="5309",16000,4000,12000,479800
="5315",2000,2000,0,0
="5328",0,2000,-2000,-27799
="5344",0,5000,-5000,-70000
="5345",0,1000,-1000,-6650
="5347",42000,35000,7000,877000
="5351",0,5000,-5000,-114499
="5371",76022,179000,-102978,-5087888
="5383",0,76000,-76000,-1819898
="5386",7000,0,7000,511699
="5388",0,7000,-7000,-516600
="5425",329000,202000,127000,7438699
="5434",5131,0,5131,633694
="5439",17000,73000,-56000,-3354395
="5443",0,3000,-3000,-127049
="5457",2000,3000,-1000,-91399
="5464",0,6123,-6123,-88090
="5465",2000,0,2000,37599
="5468",1000,3000,-2000,-33400
="5469",0,26000,-26000,-1147900
="5471",151000,69060,81940,7071196
="5474",0,1000,-1000,-184000
="5478",5000,0,5000,488699
="5483",68000,4000,64000,10560000
="5498",4000,17000,-13000,-209650
="5531",5000,0,5000,75999
="5534",0,1000,-1000,-79800
="5546",0,2000,-2000,-168000
="5603",5280,374000,-368720,-7354804
="5607",0,21,-21,-591
="5608",199000,57412,141588,1640256
="5871",1000,1800,-800,-139200
="5876",1000,0,1000,39049
="5880",510,0,510,10174
="5906",0,1000,-1000,-48349
="6015",0,4000,-4000,-45299
="6016",4000,1000,3000,45599
="6024",50,0,50,1907
="6104",115000,28000,87000,6186898
="6108",16000,0,16000,342998
="6116",250000,602000,-352000,-4560050
="6118",12000,0,12000,150500
="6120",0,2000,-2000,-27000
="6121",0,54516,-54516,-18923600
="6122",0,2000,-2000,-22200
="6125",12051,14000,-1949,-42863
="6126",187000,36000,151000,4535653
="6127",0,10000,-10000,-261099
="6129",11002,3000,8002,135683
="6134",1000,9000,-8000,-175250
="6141",1000,3000,-2000,-61400
="6143",1000,3000,-2000,-82249
="6147",6000,3000,3000,220199
="6150",65000,1000,64000,7168500
="6151",5000,13000,-8000,-220649
="6152",1000,0,1000,9369
="6153",12000,44400,-32400,-1116038
="6164",20000,390000,-370000,-4518297
="6165",105000,11000,94000,4202799
="6168",0,10000,-10000,-180000
="6169",0,3000,-3000,-81899
="6173",24000,9000,15000,987503
="6175",46000,1000,45000,1688648
="6176",6050,13000,-6950,-822600
="6180",2774,100000,-97226,-6221692
="6182",152337,171000,-18663,-794928
="6187",17000,26000,-9000,-1099500
="6188",1002,2000,-998,-39069
="6189",1000,0,1000,35700
="6190",20000,13000,7000,132000
="6191",128000,124000,4000,163150
="6192",1100,0,1100,76079
="6194",0,2000,-2000,-68648
="6196",1000,1000,0,-1000
="6197",1000,1000,0,-99
="6201",96000,0,96000,4540799
="6202",47000,97100,-50100,-4425589
="6203",112000,93000,19000,1948696
="6205",0,1000,-1000,-44250
="6207",1000,0,1000,28200
="6208",5000,20000,-15000,-660047
="6209",18000,16000,2000,74051
="6213",43000,60000,-17000,-2408500
="6214",1000,1009,-9,-1493
="6217",2000,2000,0,1100
="6219",0,3000,-3000,-60650
="6221",13000,64000,-51000,-2834697
="6223",9020,3000,6020,725840
="6224",3000,39000,-36000,-4497000
="6229",2,8000,-7998,-251036
="6230",1000,0,1000,222000
="6231",5000,1000,4000,382299
="6233",11000,47000,-36000,-1536749
="6237",54001,51000,3001,282296
="6239",6000,9000,-3000,-301500
="6243",1000,0,1000,15300
="6244",7000,2000,5000,154500
="6245",16000,5000,11000,741798
="6251",0,5000,-5000,-96199
="6257",12000,3000,9000,457400
="6261",1000,0,1000,62400
="6269",197200,52000,145200,19194900
="6271",11250,35000,-23750,-5350750
="6274",100000,19000,81000,10015500
="6275",39000,29000,10000,261099
="6278",69000,27000,42000,5059500
="6279",1000,21000,-20000,-2322500
="6281",1000,0,1000,74400
="6282",34000,21000,13000,390652
="6283",85000,129000,-44000,-1909203
="6284",2041,508000,-505959,-38049445
="6285",5000,5000,0,-3500
="6288",6000,154000,-148000,-4725400
="6290",3019,3000,19,446
="6405",10000,75000,-65000,-1426546
="6409",2161,0,2161,3054005
="6411",3000,1000,2000,220500
="6412",15000,1030,13970,1109830
="6414",32020,6000,26020,6726140
="6415",640,0,640,1926400
="6416",0,1000,-1000,-123000
="6417",2000,2000,0,-1401
="6425",60000,23000,37000,1202550
="6432",5000,0,5000,195750
="6435",5000,0,5000,588500
="6438",3000,12000,-9000,-798899
="6441",14000,0,14000,1964500
="6443",100100,48001,52099,1968898
="6446",0,1000,-1000,-109500
="6451",5000,4100,900,121900
="6456",1000,19000,-18000,-1958000
="6457",12000,34000,-22000,-2513500
="6462",0,14000,-14000,-2121000
="6464",0,9000,-9000,-994500
="6469",0,1000,-1000,-98000
="6470",0,1000,-1000,-53599
="6477",6000,8000,-2000,-119597
="6485",217000,225000,-8000,-652900
="6486",1000,1000,0,0
="6488",75900,14000,61900,44234200
="6491",1000,0,1000,272000
="6492",1000,0,1000,188500
="6494",71000,1000,70000,4650100
="6496",1050,1000,50,975
="6499",1000,0,1000,56299
="6504",4000,0,4000,680000
="6505",20000,23000,-3000,-301697
="6509",2000,3000,-1000,-26449
="6510",0,5000,-5000,-4685000
="6515",1000,0,1000,419000
="6523",0,27000,-27000,-1902498
="6525",93000,334200,-241200,-19456887
="6531",47000,54000,-7000,-5290000
="6533",15000,21000,-6000,-2626000
="6535",10000,0,10000,335348
="6538",5000,2000,3000,504000
="6541",1000,0,1000,40900
="6547",500,5000,-4500,-884250
="6548",13000,3000,10000,671399
="6552",1000,0,1000,66800
="6558",3020,0,3020,151283
="6560",0,1000,-1000,-89000
="6576",1120,3000,-1880,-164519
="6582",2000,1000,1000,136500
="6589",25000,426000,-401000,-22720496
="6591",1000,0,1000,63200
="6593",2000,1000,1000,24601
="6598",2000,1000,1000,50800
="6605",39,1039,-1000,-61990
="6629",0,1000,-1000,-63700
="6640",0,4000,-4000,-280300
="6642",3000,10000,-7000,-473601
="6643",3000,0,3000,1029500
="6651",1000,0,1000,115000
="6655",0,1000,-1000,-51500
="6668",1000,0,1000,64599
="6669",3000,8000,-5000,-4331000
="6670",2000,27000,-25000,-4993000
="6672",29000,0,29000,2516798
="6679",3000,2000,1000,247000
="6683",5000,8000,-3000,-1001000
="6698",5000,0,5000,214199
="6703",0,7000,-7000,-745500
="6706",1000,30000,-29000,-4677500
="6712",1000,0,1000,256500
="6715",0,1000,-1000,-120000
="6716",45000,115000,-70000,-5910793
="6732",2000,2000,0,3000
="6733",1000,1000,0,-449
="6743",244000,6000,238000,34022000
="6747",15,20000,-19985,-4032410
="6756",1000,0,1000,287500
="6762",5000,1000,4000,1164500
="711479",0,103000,-103000,-131998
="711701",94000,0,94000,18769
="712071",160000,0,160000,277598
="712326",71000,19000,52000,13439
="712370",90000,55000,35000,82830
="712605",5000,0,5000,7799
="712612",20000,51000,-31000,-14470
="712616",10000,0,10000,28800
="712916",30000,50000,-20000,-25300
="712920",0,1000,-1000,-370
="712979",0,465000,-465000,-269217
="712980",3000,100000,-97000,-94030
="712981",102000,41000,61000,37892
="713040",0,3000,-3000,-4619
="713042",90000,0,90000,31199
="713074",10000,47000,-37000,-14800
="713085",48000,30000,18000,8841
="713182",41000,0,41000,7170
="713184",10000,0,10000,3799
="713326",0,15000,-15000,-43690
="713327",714000,590000,124000,23639
="713388",0,10000,-10000,-2399
="713514",460000,0,460000,4599
="713515",43000,32000,11000,5249
="713587",0,1000,-1000,-100
="713589",12000,0,12000,1319
="713649",8000,13000,-5000,-7219
="713651",12000,10000,2000,2544
="713653",0,20000,-20000,-2800
="713675",125000,424000,-299000,-88228
="713833",0,1000,-1000,-1470
="713938",50000,0,50000,11999
="713939",38000,0,38000,10260
="713976",0,3000,-3000,-119
="714011",0,10000,-10000,-1899
="714033",2000,216000,-214000,-134971
="714034",280000,463000,-183000,-145051
="714156",107000,0,107000,93019
="714212",22000,0,22000,120898
="714214",1000,0,1000,2299
="714239",0,70000,-70000,-21600
="714272",266000,5000,261000,47271
="714366",408000,927000,-519000,-369397
="714367",0,33000,-33000,-19757
="714385",0,5000,-5000,-2399
="714489",631000,199000,432000,365232
="714513",149000,0,149000,103808
="714516",25000,280000,-255000,-91448
="714518",10000,45000,-35000,-19501
="714619",5000,0,5000,20599
="714620",163000,25000,138000,127200
="714622",0,37000,-37000,-29108
="714624",0,31000,-31000,-13639
="714672",200000,0,200000,117999
="714685",79000,10000,69000,15890
="714714",0,66000,-66000,-23339
="714755",325000,33000,292000,409464
="714795",130000,122000,8000,3968
="714837",10000,0,10000,7300
="714856",2000,40000,-38000,-32959
="714857",20000,0,20000,5000
="714858",17000,552000,-535000,-378869
="714859",0,199000,-199000,-113058
="714860",0,50000,-50000,-59999
="714861",5000,0,5000,24200
="714889",81000,33000,48000,18257
="714950",0,200000,-200000,-319998
="714995",0,24000,-24000,-11378
="715011",100000,0,100000,34999
="715012",10000,28000,-18000,-17380
="715013",0,154000,-154000,-74528
="715066",435000,678000,-243000,-300391
="715069",203000,0,203000,271960
="715070",350000,23000,327000,307338
="715071",4000,3000,1000,1469
="715072",13000,137000,-124000,-88372
="715073",1000,36000,-35000,-248848
="715115",2000,0,2000,620
="715116",0,148000,-148000,-218559
="715158",50000,1000,49000,10369
="715159",72000,36000,36000,15960
="715161",5000,0,5000,16799
="715163",10000,220000,-210000,-398276
="715164",0,116000,-116000,-233808
="715180",34000,403000,-369000,-234239
="715181",6000,107000,-101000,-173762
="715239",7000,75000,-68000,-92450
="715240",50000,0,50000,9000
="715250",0,75000,-75000,-86249
="715285",33000,0,33000,21780
="715286",10000,10000,0,400
="715287",0,60000,-60000,-60000
="715288",36000,71000,-35000,-21298
="715327",77000,501000,-424000,-333361
="715356",12000,0,12000,28680
="715417",106000,10000,96000,324668
="715478",0,100000,-100000,-43999
="715489",0,80000,-80000,-83999
="715519",80000,861000,-781000,-672009
="715520",148000,205000,-57000,-59678
="715548",49000,10000,39000,21041
="715549",0,25000,-25000,-20749
="715552",0,96000,-96000,-179907
="715553",60000,1000,59000,30670
="715554",180000,367000,-187000,-134068
="715555",88000,571000,-483000,-467678
="715609",0,30000,-30000,-36900
="715656",80000,0,80000,70878
="715657",7000,68000,-61000,-61639
="715658",50000,0,50000,25499
="715660",6000,132000,-126000,-295048
="715661",260000,473000,-213000,-267870
="715662",30000,6000,24000,28771
="715693",2000,3000,-1000,-2959
="715694",10000,156000,-146000,-177609
="715743",15000,0,15000,39108
="715780",80000,0,80000,57599
="715813",385000,20000,365000,574600
="715815",44000,42000,2000,6069
="715850",80000,0,80000,61918
="715902",0,127000,-127000,-77470
="715935",78000,201000,-123000,-165339
="715971",734000,1230000,-496000,-589784
="715972",8000,232000,-224000,-361348
="716032",761000,706000,55000,-7565
="716034",335000,717000,-382000,-309140
="716036",0,103000,-103000,-100940
="716037",3000,7000,-4000,-7131
="716111",38000,0,38000,31919
="716112",4000,8000,-4000,-6371
="716137",249000,544000,-295000,-256288
="716252",110000,20000,90000,46760
="716295",64000,24000,40000,77401
="716296",255000,91000,164000,287608
="716297",122000,94000,28000,42858
="716298",4000,4000,0,-678
="716299",36000,253000,-217000,-377109
="716300",5000,30000,-25000,-123030
="716325",20000,0,20000,34600
="716347",0,38000,-38000,-46970
="716368",81000,86000,-5000,-14022
="716369",144000,1313000,-1169000,-2265849
="716370",455000,820000,-365000,-595629
="716382",30000,0,30000,56697
="716432",34000,0,34000,39838
="716433",178000,0,178000,231966
="716507",203000,515000,-312000,-226511
="716508",0,98000,-98000,-73539
="716529",0,50000,-50000,-31299
="716590",0,11000,-11000,-11950
="716593",248000,20000,228000,286425
="716594",266000,27000,239000,235420
="716595",236000,174000,62000,106712
="716596",187000,42000,145000,331149
="716677",12000,0,12000,7310
="716748",0,10000,-10000,-23398
="716759",0,60000,-60000,-74200
="716760",0,55000,-55000,-64798
="716785",11000,0,11000,15289
="716798",7000,0,7000,4969
="716816",20000,160000,-140000,-117699
="716837",302000,345000,-43000,-67692
="716905",161000,80000,81000,49142
="716907",52000,37000,15000,21012
="716908",95000,588000,-493000,-623366
="716933",10000,0,10000,35699
="716953",150000,177000,-27000,-44043
="716954",79000,33000,46000,52161
="716955",417000,0,417000,388458
="716956",263000,47000,216000,271258
="716957",5000,94000,-89000,-59571
="716958",456000,572000,-116000,-151339
="716997",353000,134000,219000,194550
="716998",161000,266000,-105000,-81379
="716999",8000,218000,-210000,-129959
="717000",129000,13000,116000,79769
="717001",0,125000,-125000,-72698
="717007",0,5000,-5000,-14550
="717024",280000,143000,137000,130147
="717037",50000,0,50000,61000
="717086",91000,36000,55000,44191
="717087",25000,4000,21000,22370
="717088",35000,120000,-85000,-82651
="717101",10000,37000,-27000,-31597
="717102",69000,368000,-299000,-332439
="717103",156000,10000,146000,151259
="717145",40000,40000,0,-998
="717159",0,22000,-22000,-104720
="717203",10000,6000,4000,11042
="717204",89000,54000,35000,93319
="717208",1000,0,1000,2400
="717210",6000,10000,-4000,-10429
="717234",3000,0,3000,1830
="717306",0,45000,-45000,-29700
="717307",2000,699000,-697000,-385118
="717309",0,584000,-584000,-385528
="717310",0,30000,-30000,-16800
="717311",5000,15000,-10000,-9671
="717351",20000,0,20000,13400
="717352",10000,0,10000,4799
="717353",98000,97000,1000,-7116
="717354",130000,207000,-77000,-60219
="717355",499000,263000,236000,182732
="717356",0,50000,-50000,-28798
="717358",166000,100000,66000,55209
="717359",185000,25000,160000,73798
="717361",0,10000,-10000,-5299
="717363",209000,183000,26000,34711
="717364",21000,2000,19000,24279
="717382",1000,0,1000,1750
="717459",20000,118000,-98000,-56759
="717460",106000,857000,-751000,-514658
="717461",280000,284000,-4000,-7088
="717463",0,480000,-480000,-206400
="717464",72000,278000,-206000,-187857
="717465",0,179000,-179000,-146938
="717466",0,288000,-288000,-403384
="717467",70000,20000,50000,30200
="717468",47000,627000,-580000,-384049
="717469",181000,102000,79000,89017
="717513",5000,0,5000,7500
="717514",108000,65000,43000,47711
="717516",132000,237000,-105000,-89788
="717517",0,108000,-108000,-65880
="717519",1228000,483000,745000,706371
="717520",759000,1380000,-621000,-477368
="717521",95000,87000,8000,-1188
="717522",96000,110000,-14000,-7131
="717523",88000,283000,-195000,-301709
="717524",601000,612000,-11000,-30048
="717525",597000,333000,264000,266732
="717526",0,4000,-4000,-3500
="717566",10000,114000,-104000,-63020
="717568",0,80000,-80000,-48599
="717569",137000,447000,-310000,-230081
="717570",0,106000,-106000,-83198
="717601",50000,0,50000,30000
="717602",5000,0,5000,1800
="717603",81000,0,81000,76618
="717604",79000,835000,-756000,-763365
="717607",0,505000,-505000,-269699
="717608",0,20000,-20000,-13699
="717609",248000,296000,-48000,-68236
="717635",154000,122000,32000,30451
="717636",11000,50000,-39000,-19570
="717638",0,244000,-244000,-172319
="717639",601000,266000,335000,345970
="717640",684000,484000,200000,248178
="717641",29000,288000,-259000,-259459
="717683",5000,286000,-281000,-205959
="717684",81000,92000,-11000,-7292
="717685",214000,0,214000,157460
="717686",29000,5000,24000,10800
="717687",0,2000,-2000,-1100
="717688",0,110000,-110000,-69299
="717689",364000,96000,268000,352469
="717735",105000,133000,-28000,-17919
="717736",180000,362000,-182000,-177435
="717737",0,56000,-56000,-58218
="717738",184000,240000,-56000,-55939
="717739",1000,110000,-109000,-86458
="717740",10000,70000,-60000,-62376
="717741",195000,250000,-55000,-32270
="717742",626000,1129000,-503000,-467200
="717773",204000,287000,-83000,-114310
="717774",91000,317000,-226000,-241856
="717775",97000,236000,-139000,-129768
="717776",0,6000,-6000,-3939
="717777",0,10000,-10000,-5299
="717778",0,100000,-100000,-47999
="717779",0,31000,-31000,-22108
="717780",30000,29000,1000,760
="717784",50000,0,50000,85500
="717815",313000,0,313000,217318
="717816",484000,435000,49000,23831
="717817",300000,51000,249000,88500
="717818",250000,373000,-123000,-81171
="717819",215000,64000,151000,53061
="717820",30000,30000,0,-540
="717860",144000,149000,-5000,-5258
="717861",0,10000,-10000,-10800
="717862",30000,45000,-15000,-5248
="717918",1000,54000,-53000,-34460
="717920",25000,0,25000,29499
="717950",139000,189000,-50000,-35979
="717951",43000,36000,7000,5020
="717953",10000,60000,-50000,-33450
="717956",0,100000,-100000,-46999
="717957",252000,210000,42000,39100
="717958",45000,0,45000,24750
="717959",30000,0,30000,19499
="717960",20000,2000,18000,9439
="717962",21000,1003000,-982000,-941118
="717963",48000,0,48000,40320
="718039",129000,398000,-269000,-357114
="718040",214000,818000,-604000,-486409
="718041",30000,383000,-353000,-370668
="718043",1000,0,1000,1100
="718045",0,300000,-300000,-170999
="718046",320000,200000,120000,95899
="718047",80000,544000,-464000,-203979
="718048",5000,30000,-25000,-9449
="718093",518000,400000,118000,120521
="718094",283000,512000,-229000,-197658
="718095",0,16000,-16000,-15680
="718096",142000,200000,-58000,-54821
="718098",10000,10000,0,-200
="718099",2000,80000,-78000,-65117
="718100",130000,10000,120000,55900
="718101",0,2000,-2000,-1090
="718102",8000,20000,-12000,-11319
="718104",72000,320000,-248000,-115479
="718175",186000,9000,177000,166890
="718178",0,5000,-5000,-2700
="718179",0,130000,-130000,-76699
="718180",133000,44000,89000,62312
="718202",0,40000,-40000,-58800
="718218",0,154000,-154000,-91059
="718219",0,3000,-3000,-1630
="718220",0,40000,-40000,-29400
="718221",40000,0,40000,22000
="718223",90000,1476000,-1386000,-919297
="718225",78000,20000,58000,43128
="718263",0,232000,-232000,-168689
="718264",2000,66000,-64000,-23061
="718265",0,90000,-90000,-34199
="718266",0,38000,-38000,-28018
="718307",0,20000,-20000,-16799
="718308",10000,0,10000,5699
="718309",180000,0,180000,135000
="718310",126000,110000,16000,17921
="718359",80000,247000,-167000,-121099
="718360",431000,0,431000,388519
="718361",140000,40000,100000,92378
="718362",516000,1000,515000,522890
="718363",62000,166000,-104000,-147830
="718407",92000,40000,52000,54501
="718461",93000,40000,53000,66302
="718462",20000,169000,-149000,-123769
="718463",100000,55000,45000,44601
="718464",12000,62000,-50000,-40000
="718465",50000,40000,10000,5001
="718466",5000,90000,-85000,-67201
="718467",0,762000,-762000,-579238
="718469",20000,39000,-19000,-13759
="718470",0,50000,-50000,-40500
="718471",0,205000,-205000,-118979
="718472",0,120000,-120000,-158519
="718490",20000,68000,-48000,-69090
="718491",1000,53000,-52000,-52516
="718492",94000,240000,-146000,-136160
="718493",5000,521000,-516000,-458169
="718494",63000,35000,28000,21950
="718516",9000,5000,4000,4161
="718517",0,211000,-211000,-214347
="718543",0,117000,-117000,-97537
="718544",0,32000,-32000,-28919
="718545",0,55000,-55000,-60600
="718546",0,100000,-100000,-111000
="718547",0,221000,-221000,-216998
="73653P",188000,0,188000,114680
="73655P",11000,0,11000,5589
="73686P",10000,0,10000,11949
="73692P",100000,0,100000,194000
="73693P",4000,0,4000,11840
="73717P",30000,10000,20000,16369
="73740P",0,31000,-31000,-30380
="73754P",0,5000,-5000,-4129
="73755P",3000,0,3000,3360
="73764P",16000,152000,-136000,-83601
="73799P",0,490000,-490000,-86919
="73803P",115000,0,115000,50499
="73804P",21000,0,21000,14070
="73805P",5000,263000,-258000,-88059
="73811P",200000,0,200000,163999
="73833P",0,1000,-1000,-1059
="73839P",0,5000,-5000,-5049
="73859P",0,20000,-20000,-14800
="8011",0,2000,-2000,-44299
="8016",2000,52200,-50200,-8744300
="8021",8000,2000,6000,171549
="8024",9000,9000,0,0
="8027",1000,1000,0,-600
="8028",4000,0,4000,209698
="8033",5000,239000,-234000,-4070299
="8034",0,104000,-104000,-1894496
="8039",20000,10000,10000,529100
="8040",48000,10001,37999,883328
="8043",0,1000,-1000,-31850
="8044",6000,0,6000,493299
="8046",55000,106000,-51000,-14729000
="8049",15000,5000,10000,216999
="8050",5000,11,4989,182098
="8054",14000,3000,11000,370150
="8059",0,45000,-45000,-478898
="8069",299000,429000,-130000,-6368695
="8070",254000,335000,-81000,-3181005
="8081",2000,0,2000,394000
="8084",0,75000,-75000,-6381597
="8086",199000,62000,137000,22911000
="8088",9000,9000,0,1649
="8089",0,4000,-4000,-170000
="8092",1000,0,1000,8909
="8093",1000,86000,-85000,-1015795
="8097",2000,82000,-80000,-1408646
="8103",31000,35000,-4000,-150302
="8105",14000,4000,10000,133401
="8110",5000,5000,0,-1500
="8111",3,0,3,49
="8112",2000,18000,-16000,-595550
="8150",20000,35000,-15000,-542798
="8155",8000,0,8000,955500
="8163",1000,21000,-20000,-857650
="8171",0,1000,-1000,-49900
="8182",3000,10000,-7000,-210750
="8183",191000,42000,149000,4254454
="8210",60,1000,-940,-79520
="8213",5000,1000,4000,189448
="8215",24000,2000,22000,695849
="8240",1000,1000,0,-449
="8249",2,0,2,40
="8255",1000,3000,-2000,-247000
="8261",5100,4000,1100,55930
="8271",5001,21000,-15999,-667359
="8277",301000,0,301000,3341100
="8299",30010,13000,17010,7233760
="8341",0,1000,-1000,-219000
="8349",330000,1000,329000,22922598
="8358",281000,333000,-52000,-2988801
="8383",31000,4000,27000,1110849
="8390",8000,5000,3000,97951
="8403",11000,800,10200,321831
="8404",0,10000,-10000,-294500
="8406",0,1000,-1000,-142000
="8421",1097,1000,97,803
="8429",10000,2000,8000,68041
="8431",4000,5000,-1000,-70100
="8436",18018,15000,3018,697546
="8454",1000,0,1000,851000
="8464",1000,0,1000,377500
="8924",99000,83000,16000,1324797
="8929",1000,1000,0,-188
="8933",0,5000,-5000,-53000
="8936",0,3000,-3000,-72600
="8938",79000,2000,77000,3658193
="8996",0,2000,-2000,-108199
="9103",1000,2000,-1000,-25401
="9105",50000,3852000,-3802000,-15316969
="911616",0,1000,-1000,-2049
="911622",1000,0,1000,4099
="912000",10000,79000,-69000,-214180
="9802",1000,5000,-4000,-466000
="9902",0,52,-52,-574
="9904",54000,51000,3000,70999
="9905",1000,0,1000,22750
="9910",9000,0,9000,1674000
="9911",1000,65000,-64000,-3315897
="9914",232000,23000,209000,61948000
="9919",1000,0,1000,28799
="9921",2000,0,2000,568500
="9924",4100,0,4100,180238
="9935",115000,0,115000,3361947
="9938",63000,97000,-34000,-2903694
="9939",1000,60000,-59000,-3586697
="9940",0,98,-98,-2788
="9942",17000,63000,-46000,-4100199
="9943",0,15000,-15000,-938399
="9945",0,10000,-10000,-405748
="9958",13000,105000,-92000,-10009500
