="0050",37039,20000,17039,2259980
="0052",1000,0,1000,126349
="0056",117000,61000,56000,1732123
="0061",30000,0,30000,755900
="006206",1000,30000,-29000,-1200399
="006208",223067,259000,-35933,-2754073
="00631L",1000,0,1000,104500
="00632R",1745000,4012000,-2267000,-14671853
="00633L",0,400000,-400000,-31489999
="00635U",15000,0,15000,374516
="00636",0,25000,-25000,-728499
="00637L",101000,5350000,-5249000,-161973061
="00638R",99000,540000,-441000,-3301090
="00642U",422000,26000,396000,3567869
="00677U",54000,11000,43000,145328
="00679B",1000,0,1000,43770
="00682U",0,55000,-55000,-988798
="00683L",11000,62000,-51000,-844379
="00684R",0,203000,-203000,-3950547
="00687B",50000,50000,0,0
="00688L",50000,50000,0,0
="00689R",50000,50000,0,0
="00692",1000,0,1000,33130
="00693U",10000,2000,8000,168419
="00694B",50000,50000,0,0
="00695B",50000,50000,0,0
="00696B",100000,100000,0,0
="00697B",50000,50000,0,0
="00701",1000,0,1000,20760
="00713",62000,0,62000,2184319
="00715L",1493000,72000,1421000,7386418
="00717",7000,0,7000,116319
="00718B",100000,100000,0,0
="00719B",50000,50000,0,0
="00720B",65000,50000,15000,676050
="00721B",50000,50000,0,0
="00722B",54000,50000,4000,189237
="00723B",50000,50000,0,0
="00724B",50000,50000,0,0
="00728",0,3000,-3000,-79110
="00733",100000,100000,0,0
="00738U",0,7000,-7000,-184729
="00740B",25000,25000,0,0
="00741B",25000,25000,0,0
="00745B",25000,25000,0,0
="00746B",26000,25000,1000,45729
="00747B",21000,0,21000,1064700
="00751B",60000,50000,10000,463119
="00752",1000,1000,0,-20
="00754B",50000,50000,0,0
="00755B",51000,56000,-5000,-229689
="00756B",51000,50000,1000,47250
="00757",0,28000,-28000,-1342280
="00758B",10000,10000,0,0
="00764B",50000,70000,-20000,-918248
="00765B",50000,50000,0,0
="00772B",70000,75000,-5000,-230599
="00773B",70000,70000,0,0
="00784B",25000,25000,0,0
="00785B",25000,25000,0,0
="00795B",70000,70000,0,0
="00796B",70000,70000,0,0
="00847B",70000,70000,0,0
="00848B",70000,70000,0,0
="00849B",70000,70000,0,0
="00850",2030,0,2030,64532
="00862B",70000,70000,0,0
="00863B",70000,70000,0,0
="00864B",70000,70000,0,0
="00868B",50000,50000,0,0
="00869B",50000,50000,0,0
="00870B",50000,50000,0,0
="00871B",53000,50000,3000,117659
="00877",2000,2000,0,-20
="00878",129000,0,129000,2169156
="00881",247545,41000,206545,3635742
="020011",4000,8000,-4000,-21279
="020018",23000,43000,-20000,-244670
="020019",224000,215000,9000,130831
="020020",10000,0,10000,64200
="020021",680000,1442000,-762000,-9239274
="020022",0,1000,-1000,-5300
="03573P",451000,0,451000,4509
="04017P",0,49000,-49000,-3430
="04513P",215000,540000,-325000,-62200
="04594P",40000,0,40000,14858
="04729P",60000,131000,-71000,-80970
="04826P",10000,0,10000,13099
="04827P",7000,5000,2000,931
="04860P",16000,4000,12000,3681
="04861P",1000,0,1000,1230
="04985P",714000,110000,604000,150949
="05006P",225000,414000,-189000,-94047
="05070P",0,30000,-30000,-16199
="05104P",3000,0,3000,1380
="05128P",3000,0,3000,3128
="05143P",72000,0,72000,69840
="05144P",100000,1000,99000,36630
="05160P",0,50000,-50000,-36500
="05161P",350000,392000,-42000,-37210
="05162P",57000,42000,15000,13419
="05237P",30000,113000,-83000,-97732
="05297P",33000,17000,16000,10161
="05299P",12000,8000,4000,4480
="05300P",88000,0,88000,79397
="05342P",1000,72000,-71000,-76709
="05422P",12000,25000,-13000,-11180
="05481P",54000,0,54000,54539
="05482P",40000,0,40000,26800
="05500P",11000,52000,-41000,-53158
="05536P",20000,0,20000,10399
="05594P",52000,0,52000,49099
="05595P",553000,356000,197000,132791
="05609P",0,130000,-130000,-89699
="05632P",33000,0,33000,35310
="05697P",12000,0,12000,16479
="05698P",34000,19000,15000,16739
="05699P",400000,0,400000,619999
="05703P",0,400000,-400000,-688000
="05706P",5000,0,5000,8899
="05707P",48000,36000,12000,19739
="05749P",0,15000,-15000,-2849
="05750P",25000,0,25000,31109
="05774P",200000,0,200000,231999
="05776P",162000,418000,-256000,-186689
="05777P",542000,328000,214000,142001
="05829P",0,2000,-2000,-2409
="05858P",36000,41000,-5000,-1940
="05888P",200000,100000,100000,160001
="05906P",104000,27000,77000,87828
="05907P",60000,10000,50000,43020
="05908P",145000,195000,-50000,-42250
="05955P",281000,299000,-18000,-19399
="05972P",39000,0,39000,33540
="05973P",562000,61000,501000,454590
="05986P",28000,10000,18000,17440
="06032P",208000,11000,197000,272569
="062806",13000,0,13000,81900
="063057",1157000,138000,1019000,1002065
="063444",5000,105000,-100000,-88907
="064055",20000,0,20000,2399
="064057",55000,0,55000,10900
="064162",50000,10000,40000,57100
="064448",150000,108000,42000,26360
="064462",100000,1000,99000,39651
="064710",0,6000,-6000,-3039
="064713",368000,0,368000,241338
="064719",25000,0,25000,168898
="064720",1000,10000,-9000,-2099
="064725",0,30000,-30000,-10499
="064729",5000,0,5000,599
="064835",0,20000,-20000,-4799
="064843",110000,5000,105000,19598
="064911",85000,52000,33000,15048
="064919",100000,0,100000,20999
="064921",2000,0,2000,1559
="064925",0,180000,-180000,-130098
="065185",2019000,288000,1731000,609019
="065186",7000,5000,2000,-270
="065342",5000,0,5000,17999
="065353",0,539000,-539000,-204419
="065451",0,60000,-60000,-9699
="065679",6000,65000,-59000,-465897
="065683",5000,0,5000,1700
="065889",10000,19000,-9000,-32279
="065890",0,1000,-1000,-14300
="065945",37000,0,37000,196700
="065950",1000,0,1000,550
="066197",1000,0,1000,7050
="066198",5000,50000,-45000,-73806
="066203",60000,100000,-40000,-21495
="066213",0,100000,-100000,-20000
="066217",15000,0,15000,16200
="066422",0,61000,-61000,-8148
="066460",212000,53000,159000,51249
="066467",0,2000,-2000,-2180
="066471",20000,0,20000,10399
="066524",64000,80000,-16000,-27396
="066525",0,85000,-85000,-91861
="066526",203000,263000,-60000,-48509
="066527",0,8000,-8000,-800
="066694",5000,0,5000,10750
="066997",0,40000,-40000,-17798
="067147",14000,0,14000,159599
="067149",0,10000,-10000,-14500
="067151",2000,0,2000,2819
="067276",0,27000,-27000,-15120
="067278",273000,0,273000,106009
="067368",0,50000,-50000,-18500
="067372",0,1000,-1000,-1799
="067383",6000,0,6000,2419
="067503",10000,0,10000,3499
="067505",0,50000,-50000,-15999
="067510",0,10000,-10000,-3700
="067514",11000,0,11000,3359
="067515",5000,0,5000,1599
="067516",0,22000,-22000,-8140
="067755",0,357000,-357000,-7139
="067766",10000,0,10000,18099
="067770",5000,5000,0,-100
="067774",35000,63000,-28000,-11225
="067831",10000,0,10000,92500
="067834",1000,0,1000,10300
="067836",20000,40000,-20000,-51999
="068047",2000,0,2000,14699
="068127",3000,0,3000,12630
="068128",1000,0,1000,4469
="068129",1114000,151000,963000,545617
="068131",5000,0,5000,9399
="068217",2000,20000,-18000,-31511
="068219",1000,10000,-9000,-19550
="068220",83000,55000,28000,51810
="068221",195000,799000,-604000,-887738
="068223",60000,69000,-9000,-3197
="068224",0,29000,-29000,-6348
="068388",0,245000,-245000,-126059
="068390",103000,84000,19000,22052
="068510",5000,0,5000,17899
="068511",15000,69000,-54000,-125077
="068512",1000,490000,-489000,-437807
="068514",130000,89000,41000,26639
="068515",2000,0,2000,2869
="068516",0,2015000,-2015000,-1161392
="068521",2000,30000,-28000,-16800
="068669",54000,0,54000,90077
="068670",676000,2019000,-1343000,-1544270
="068672",130000,829000,-699000,-111619
="068673",0,1000,-1000,-1799
="068674",2000,0,2000,1559
="068767",21000,11000,10000,37969
="068769",557000,92000,465000,108939
="068843",0,4000,-4000,-15679
="068848",0,98000,-98000,-211790
="068849",0,2000,-2000,-2180
="068851",31000,0,31000,19329
="068852",1988000,0,1988000,472129
="068887",2000,0,2000,740
="068939",0,100000,-100000,-2510000
="069030",10000,0,10000,22000
="069031",0,5000,-5000,-8500
="069032",0,100000,-100000,-10999
="069095",11000,0,11000,11568
="069097",24000,1000,23000,17108
="069098",10000,0,10000,12239
="069099",0,100000,-100000,-94999
="069105",18000,26000,-8000,-29108
="069106",78000,80000,-2000,-12026
="069190",28000,64000,-36000,-25909
="069191",60000,314000,-254000,-124010
="069192",10000,93000,-83000,-36589
="069193",157000,210000,-53000,-22179
="069397",25000,40000,-15000,-14301
="069402",0,9000,-9000,-35010
="069409",0,22000,-22000,-22720
="069412",0,80000,-80000,-18948
="069414",318000,3586000,-3268000,-1505019
="069416",0,279000,-279000,-68168
="069420",60000,131000,-71000,-13290
="069449",30000,1339000,-1309000,-204839
="069612",114000,65000,49000,181842
="069615",0,1000,-1000,-4800
="069616",0,2000,-2000,-16000
="069618",6000,167000,-161000,-104337
="069622",39000,0,39000,51257
="069623",30000,7000,23000,2192
="069691",538000,119000,419000,691777
="069693",0,16000,-16000,-9499
="069927",0,30000,-30000,-10000
="069930",0,185000,-185000,-186565
="069933",87000,0,87000,54809
="069949",20000,0,20000,18600
="070129",0,1000,-1000,-400
="070131",200000,0,200000,37999
="070133",170000,3000,167000,94259
="070134",456000,77000,379000,128680
="070135",10000,0,10000,4099
="070136",146000,30000,116000,61057
="070138",60000,0,60000,25800
="070139",0,650000,-650000,-287397
="070141",247000,293000,-46000,-56751
="070147",98000,35000,63000,86599
="070148",498000,35000,463000,110620
="070245",39000,0,39000,22619
="070250",1000,0,1000,939
="070252",89000,15000,74000,48850
="070253",10000,0,10000,99
="070255",60000,0,60000,4799
="070258",0,10000,-10000,-2399
="070426",0,11000,-11000,-7608
="070428",0,6000,-6000,-19726
="070430",15000,108000,-93000,-54439
="070431",42000,10000,32000,23810
="070444",652000,91000,561000,94890
="070445",128000,94000,34000,29132
="070531",5000,41000,-36000,-8389
="070533",121000,44000,77000,11971
="070536",0,118000,-118000,-82599
="070537",5000,0,5000,450
="070538",207000,349000,-142000,-178949
="070539",51000,67000,-16000,-17667
="070606",291000,64000,227000,114060
="070608",100000,0,100000,64999
="070609",15000,0,15000,10050
="070735",2000,0,2000,1139
="070857",0,25000,-25000,-12100
="070860",0,200000,-200000,-40000
="070861",40000,0,40000,18400
="070862",218000,150000,68000,19021
="070864",499000,0,499000,169160
="070867",4000,0,4000,1080
="070913",70000,42000,28000,61303
="071123",0,20000,-20000,-3000
="071124",0,10000,-10000,-3199
="071125",3000,0,3000,25500
="071127",0,11000,-11000,-33369
="071209",2000,0,2000,11899
="071218",0,3000,-3000,-719
="071220",388000,371000,17000,-1539
="071224",2000,0,2000,3819
="071226",0,87000,-87000,-99179
="071319",17000,67000,-50000,-101908
="071321",10000,40000,-30000,-18950
="071323",0,56000,-56000,-71679
="071335",0,10000,-10000,-20099
="071446",1005000,0,1005000,793879
="071447",30000,0,30000,8699
="071448",0,30000,-30000,-60899
="071457",50000,25000,25000,47750
="071568",0,20000,-20000,-29800
="071708",5000,2000,3000,2378
="071736",0,20000,-20000,-20799
="071750",20000,0,20000,1000
="071845",0,216000,-216000,-30400
="071890",20000,50000,-30000,-96099
="071999",0,30000,-30000,-93299
="072046",18000,8000,10000,75500
="072047",13000,19000,-6000,-20581
="072049",46000,115000,-69000,-37680
="072051",246000,464000,-218000,-109198
="072122",133000,0,133000,169139
="072152",0,55000,-55000,-62699
="072307",50000,182000,-132000,-126818
="072310",0,10000,-10000,-2000
="072313",2000,0,2000,3220
="072403",34000,84000,-50000,-243108
="072404",62000,59000,3000,8432
="072408",31000,0,31000,5580
="072409",80000,0,80000,82999
="072410",22000,90000,-68000,-55629
="072411",17000,51000,-34000,-28229
="072412",50000,10000,40000,51399
="072462",0,23000,-23000,-37319
="072556",60000,241000,-181000,-263088
="072557",0,71000,-71000,-93109
="072561",50000,0,50000,33000
="072562",0,30000,-30000,-26699
="072566",80000,0,80000,33599
="072571",5000,0,5000,1350
="072625",0,10000,-10000,-1500
="072628",1000,0,1000,7750
="072634",0,5000,-5000,-9250
="072635",3000,0,3000,1169
="072638",0,50000,-50000,-38999
="072669",0,5000,-5000,-10000
="072711",20000,0,20000,11599
="072712",0,20000,-20000,-60899
="072812",0,11000,-11000,-18820
="072964",333000,308000,25000,22980
="072971",1000,6000,-5000,-17350
="072973",173000,1000,172000,210578
="073027",99000,27000,72000,81240
="073028",0,193000,-193000,-327608
="073031",200000,442000,-242000,-49828
="073037",35000,14000,21000,7980
="073038",12000,187000,-175000,-247777
="073039",270000,50000,220000,115850
="073094",17000,0,17000,140299
="073095",0,20000,-20000,-63300
="073096",30000,2000,28000,18220
="073097",66000,180000,-114000,-72340
="073100",30000,350000,-320000,-307046
="073101",0,2000,-2000,-1240
="073102",24000,437000,-413000,-370449
="073103",131000,417000,-286000,-227280
="073105",27000,20000,7000,5560
="073106",20000,230000,-210000,-199086
="073377",5000,10000,-5000,-3700
="073379",30000,81000,-51000,-33088
="073384",20000,0,20000,3400
="073388",4000,86000,-82000,-70160
="073390",10000,0,10000,15599
="073489",4000,0,4000,12560
="073493",2000,0,2000,1480
="073496",0,3000,-3000,-2339
="073497",2000,0,2000,7340
="073500",30000,0,30000,26999
="073502",10000,464000,-454000,-147800
="073577",0,3000,-3000,-9188
="073580",30000,1000,29000,284799
="073615",6000,0,6000,12840
="073617",0,2000,-2000,-1059
="073737",0,20000,-20000,-45999
="073741",10000,2000,8000,23560
="073742",6000,0,6000,39000
="073743",6000,0,6000,15376
="073745",30000,20000,10000,20600
="073748",0,10000,-10000,-30299
="073808",78000,51000,27000,46790
="073809",0,13000,-13000,-5069
="073813",65000,43000,22000,22889
="073920",10000,0,10000,17200
="073982",12000,0,12000,12920
="073984",31000,25000,6000,4869
="073985",0,10000,-10000,-30599
="074067",106000,14000,92000,161690
="074068",169000,11000,158000,225448
="074069",0,3000,-3000,-2220
="074165",10000,0,10000,8999
="074168",206000,1000,205000,197799
="074171",30000,0,30000,18600
="074257",270000,0,270000,226799
="074258",180000,0,180000,178200
="074347",371000,341000,30000,89301
="074349",0,5000,-5000,-10000
="074350",10000,26000,-16000,-24738
="074352",140000,274000,-134000,-37940
="074353",70000,0,70000,177566
="074354",91000,58000,33000,63069
="074355",6000,0,6000,5580
="074378",0,15000,-15000,-17850
="074444",1000,0,1000,4030
="074446",69000,10000,59000,49569
="074447",40000,1152000,-1112000,-1558088
="074448",30000,30000,0,1199
="074450",0,16000,-16000,-11419
="074452",0,90000,-90000,-64930
="074453",305000,814000,-509000,-569269
="074454",15000,112000,-97000,-135338
="074685",5000,10000,-5000,-32001
="074687",63000,58000,5000,5131
="074787",0,1000,-1000,-2000
="074789",0,2000,-2000,-6940
="074790",0,8000,-8000,-21280
="074791",21000,182000,-161000,-193050
="074793",0,23000,-23000,-34340
="074794",0,41000,-41000,-100040
="074795",7000,43000,-36000,-66100
="074796",6000,39000,-33000,-66750
="074802",62000,144000,-82000,-180630
="074803",4000,48000,-44000,-91326
="074804",0,418000,-418000,-694334
="074806",20000,130000,-110000,-268396
="074807",73000,45000,28000,92169
="074809",40000,0,40000,77600
="074810",5000,4000,1000,1301
="074812",0,6000,-6000,-6119
="074814",0,10000,-10000,-26700
="074819",117000,4000,113000,210899
="074860",0,20000,-20000,-22999
="074896",10000,1000,9000,16521
="074897",2000,59000,-57000,-144509
="074899",0,155000,-155000,-211618
="074900",9000,34000,-25000,-46149
="074902",41000,198000,-157000,-92700
="074903",0,182000,-182000,-173147
="074906",40000,0,40000,15298
="074908",24000,4000,20000,32212
="075049",95000,300000,-205000,-235220
="075051",43000,1000,42000,76120
="075052",12000,0,12000,36879
="075054",0,28000,-28000,-55480
="075167",0,321000,-321000,-333888
="075168",18000,1000,17000,25830
="075172",2000,83000,-81000,-322130
="075173",1000,0,1000,1679
="075174",64000,181000,-117000,-132071
="075243",0,7000,-7000,-12240
="075245",8000,88000,-80000,-126740
="075396",252000,15000,237000,263778
="075399",10000,0,10000,8399
="075401",32000,20000,12000,34960
="075402",0,4000,-4000,-7999
="075413",10000,0,10000,76500
="075517",60000,0,60000,329999
="075642",13000,10000,3000,6020
="075658",10000,0,10000,9900
="075694",10000,0,10000,4099
="075697",19000,10000,9000,11981
="075698",108000,1000,107000,67400
="075700",10000,35000,-25000,-36050
="075796",3000,0,3000,4500
="075827",0,13000,-13000,-32898
="075828",70000,20000,50000,53100
="075829",15000,0,15000,10800
="075831",2000,15000,-13000,-21210
="075886",10000,0,10000,25599
="075966",0,27000,-27000,-87738
="075968",4000,1000,3000,11059
="075969",0,40000,-40000,-23448
="075970",96000,20000,76000,90099
="075971",25000,25000,0,-3541
="075972",0,123000,-123000,-199459
="076057",0,535000,-535000,-262999
="076059",20000,0,20000,15199
="076060",0,21000,-21000,-66407
="076061",5000,10000,-5000,-14767
="076063",0,70000,-70000,-80499
="076064",66000,23000,43000,59689
="076182",1000,4000,-3000,-11478
="076184",0,109000,-109000,-313239
="076185",0,16000,-16000,-74777
="076289",90000,529000,-439000,-554127
="076290",10000,10000,0,301
="076291",0,4000,-4000,-5440
="076292",74000,568000,-494000,-364261
="076406",5000,0,5000,14299
="076408",0,55000,-55000,-40760
="076410",325000,1000,324000,1134918
="076411",102000,55000,47000,43707
="076413",4000,2000,2000,1750
="076416",107000,49000,58000,70130
="076417",66000,211000,-145000,-209689
="076418",472000,388000,84000,121209
="076419",0,82000,-82000,-80360
="076551",74000,13000,61000,185597
="076559",0,500000,-500000,-560000
="076652",100000,356000,-256000,-254480
="076653",223000,298000,-75000,-147321
="076654",30000,143000,-113000,-78800
="076655",20000,6000,14000,54278
="076675",15000,0,15000,23780
="076912",0,97000,-97000,-71780
="076913",0,5000,-5000,-16599
="076914",32000,447000,-415000,-359217
="076916",0,6000,-6000,-15599
="076917",6000,4000,2000,5239
="076922",0,26000,-26000,-19240
="077060",0,20000,-20000,-8799
="077061",0,15000,-15000,-7199
="077064",30000,0,30000,21299
="077065",49000,0,49000,73736
="077066",0,1000,-1000,-3640
="077067",6000,5000,1000,3349
="077069",0,89000,-89000,-271276
="077103",3000,4000,-1000,-3388
="077105",1000,11000,-10000,-30269
="077108",8000,161000,-153000,-244856
="077109",214000,125000,89000,190830
="077110",463000,0,463000,336439
="077275",30000,4000,26000,56600
="077276",343000,371000,-28000,-27829
="077278",18000,10000,8000,9419
="077280",348000,0,348000,305288
="077281",61000,20000,41000,76378
="077364",0,6000,-6000,-41099
="077411",15000,0,15000,7350
="077412",0,50000,-50000,-131999
="077455",2000,0,2000,14150
="077457",1000,1000,0,-301
="077585",0,2000,-2000,-980
="077587",3000,32000,-29000,-93509
="077590",0,4000,-4000,-14519
="077591",9000,100000,-91000,-261880
="077592",0,4000,-4000,-2079
="077593",0,12000,-12000,-9670
="077595",30000,23000,7000,7189
="077647",9000,0,9000,8459
="077648",55000,16000,39000,50520
="077649",36000,60000,-24000,-63339
="077652",86000,445000,-359000,-380368
="077654",36000,10000,26000,22700
="077656",15000,92000,-77000,-130970
="077657",0,7000,-7000,-11970
="077658",4000,22000,-18000,-52240
="077659",41000,27000,14000,29564
="077690",0,1000,-1000,-3160
="077810",15000,18000,-3000,-3848
="077811",0,50000,-50000,-66000
="077812",10000,0,10000,23099
="077941",0,5000,-5000,-3899
="077942",142000,304000,-162000,-222061
="077944",513000,222000,291000,278909
="077945",0,15000,-15000,-23507
="077946",92000,60000,32000,62369
="078038",0,5000,-5000,-14149
="078039",10000,0,10000,28399
="078087",149000,20000,129000,375680
="078089",10000,0,10000,10199
="078095",0,28000,-28000,-71158
="078096",1000,9000,-8000,-15419
="078097",0,20000,-20000,-24600
="078374",0,1000,-1000,-7300
="078461",0,549000,-549000,-408339
="078462",0,169000,-169000,-162218
="078463",0,5000,-5000,-8510
="078465",2000,2000,0,-299
="078466",62000,66000,-4000,-7973
="078468",0,15000,-15000,-16600
="078469",52000,10000,42000,58159
="078470",0,123000,-123000,-201867
="078473",12000,0,12000,9959
="078474",51000,0,51000,38868
="078475",0,10000,-10000,-12799
="078476",0,7000,-7000,-6020
="078477",60000,60000,0,-12630
="078718",8000,112000,-104000,-172271
="078720",0,10000,-10000,-20699
="078721",106000,1545000,-1439000,-4811980
="078724",37000,10000,27000,25909
="078727",18000,1000,17000,27769
="078846",26000,150000,-124000,-349828
="078847",0,7000,-7000,-18629
="078848",342000,1567000,-1225000,-1893387
="078849",22000,34000,-12000,-33438
="078850",1000,0,1000,1919
="078853",31000,28000,3000,4979
="078854",22000,26000,-4000,-3999
="078856",25000,63000,-38000,-199330
="078857",1000,0,1000,1950
="078943",1000,0,1000,1850
="078944",0,4000,-4000,-9098
="078945",23000,480000,-457000,-521929
="078946",96000,13000,83000,92381
="078947",82000,102000,-20000,-21971
="078949",83000,3000,80000,176861
="079065",100000,0,100000,356999
="079090",210000,52000,158000,161420
="079091",91000,0,91000,55489
="079286",185000,0,185000,191779
="079288",32000,46000,-14000,-22892
="079290",6000,40000,-34000,-47959
="079291",0,121000,-121000,-195939
="079425",31000,1000,30000,22200
="079426",7000,31000,-24000,-22112
="079427",185000,11000,174000,175781
="079429",7000,459000,-452000,-539917
="079430",11000,0,11000,13530
="079431",0,65000,-65000,-39000
="079433",12000,100000,-88000,-66880
="079434",0,30000,-30000,-22039
="079435",125000,72000,53000,97296
="079584",0,332000,-332000,-536428
="079586",0,80000,-80000,-35197
="079727",391000,1453000,-1062000,-1288096
="079729",105000,57000,48000,29623
="079730",17000,10000,7000,6010
="079732",25000,0,25000,46617
="079734",0,41000,-41000,-79359
="079735",20000,0,20000,55800
="079736",259000,59000,200000,180630
="079737",12000,10000,2000,1118
="079738",0,718000,-718000,-638026
="079740",56000,283000,-227000,-334328
="079741",379000,130000,249000,566518
="079742",0,116000,-116000,-155338
="079743",20000,0,20000,11799
="079744",0,10000,-10000,-6299
="079745",45000,40000,5000,5402
="079778",0,5000,-5000,-2899
="079868",104000,701000,-597000,-643759
="079871",25000,65000,-40000,-34766
="079872",5000,0,5000,4250
="079873",0,2000,-2000,-4619
="079878",66000,21000,45000,123441
="079961",0,3000,-3000,-9660
="079981",55000,77000,-22000,-50638
="079982",120000,15000,105000,74099
="079983",40000,0,40000,37798
="079985",133000,321000,-188000,-199780
="080161",0,53000,-53000,-38489
="080162",26000,0,26000,23660
="080163",46000,1000,45000,39939
="080164",620000,0,620000,266600
="080165",0,25000,-25000,-13750
="080168",2000,0,2000,1379
="080170",0,81000,-81000,-33077
="080172",150000,0,150000,62999
="080174",0,20000,-20000,-23849
="080175",0,33000,-33000,-50567
="080176",30000,12000,18000,24439
="080177",0,20000,-20000,-17399
="080178",0,78000,-78000,-70516
="080181",53000,55000,-2000,38
="080183",0,100000,-100000,-55000
="080186",0,64000,-64000,-67387
="080204",0,150000,-150000,-177499
="080205",0,187000,-187000,-310539
="080306",5000,0,5000,44749
="080344",26000,21000,5000,6550
="080345",10000,60000,-50000,-50318
="080347",100000,111000,-11000,-12240
="080349",40000,43000,-3000,-2051
="080351",143000,35000,108000,88130
="080352",413000,5000,408000,283517
="080540",10000,50000,-40000,-33399
="080541",110000,15000,95000,70598
="080542",2000,0,2000,879
="080543",0,50000,-50000,-29499
="080544",10000,17000,-7000,-2969
="080545",119000,113000,6000,14969
="080546",0,8000,-8000,-6480
="080547",105000,0,105000,133346
="080594",299000,802000,-503000,-491938
="080595",0,25000,-25000,-7999
="080596",90000,35000,55000,41248
="080597",2000,17000,-15000,-14479
="080598",0,10000,-10000,-5199
="080599",3000,15000,-12000,-4618
="080600",60000,0,60000,35399
="080601",100000,0,100000,37000
="080602",0,87000,-87000,-125879
="080603",30000,80000,-50000,-107477
="080696",0,40000,-40000,-99200
="080728",7000,0,7000,9029
="080844",71000,0,71000,65696
="080857",0,5000,-5000,-2899
="080859",50000,62000,-12000,-6829
="080860",27000,86000,-59000,-41290
="080861",87000,6000,81000,232588
="080864",25000,100000,-75000,-73749
="080867",9000,75000,-66000,-96948
="080868",6000,121000,-115000,-78148
="080869",5000,3000,2000,1310
="080914",10000,0,10000,6800
="081014",47000,0,47000,22559
="081017",0,190000,-190000,-94100
="081018",20000,0,20000,9599
="081020",529000,0,529000,267719
="081021",46000,53000,-7000,-1092
="081022",0,10000,-10000,-12500
="081024",0,55000,-55000,-64007
="081025",4000,0,4000,2400
="081130",2000,5000,-3000,-33398
="081213",0,110000,-110000,-82400
="081214",20000,1000,19000,13529
="081216",0,135000,-135000,-97639
="081217",35000,18000,17000,10231
="081218",635000,595000,40000,51351
="081219",30000,0,30000,13800
="081220",5000,110000,-105000,-130800
="081221",23000,152000,-129000,-159257
="081222",293000,269000,24000,18173
="081223",5000,10000,-5000,-3800
="081224",3536000,931000,2605000,734460
="081225",552000,431000,121000,61471
="081226",0,70000,-70000,-26448
="081227",13000,2000,11000,5090
="081228",0,1000,-1000,-740
="081229",0,1000,-1000,-479
="081230",0,1000,-1000,-349
="081231",0,25000,-25000,-9499
="081233",0,50000,-50000,-25698
="081234",69000,12000,57000,90908
="081235",10000,91000,-81000,-57048
="081236",1000,0,1000,649
="081270",22000,0,22000,15840
="081271",0,12000,-12000,-5128
="081274",93000,0,93000,45570
="081276",0,110000,-110000,-92248
="081278",164000,384000,-220000,-227748
="081279",4000,110000,-106000,-45520
="081280",0,1000,-1000,-790
="081281",46000,43000,3000,2142
="081282",0,20000,-20000,-17799
="081285",12000,52000,-40000,-47510
="081286",20000,20000,0,200
="081287",349000,826000,-477000,-630115
="081288",0,20000,-20000,-16299
="081289",477000,433000,44000,77285
="081428",200000,8000,192000,216870
="081429",219000,648000,-429000,-336475
="081430",10000,0,10000,4699
="081434",0,210000,-210000,-94398
="081436",136000,350000,-214000,-161159
="081437",0,40000,-40000,-23399
="081438",56000,30000,26000,29419
="081439",10000,0,10000,9740
="081440",5000,74000,-69000,-53158
="081441",0,10000,-10000,-4900
="081442",15000,15000,0,0
="081443",240000,132000,108000,66420
="081444",10000,40000,-30000,-10701
="081446",0,4000,-4000,-4519
="081447",10000,152000,-142000,-203516
="081448",5000,288000,-283000,-276779
="081450",220000,101000,119000,75451
="081451",225000,75000,150000,436951
="081452",18000,20000,-2000,-6481
="081505",1000,0,1000,3109
="081661",60000,30000,30000,4499
="081692",30000,30000,0,7698
="081707",127000,234000,-107000,-104389
="081708",47000,721000,-674000,-581567
="081709",50000,47000,3000,5037
="081710",131000,194000,-63000,-133288
="081711",3329000,2297000,1032000,1534942
="081712",866000,2513000,-1647000,-2303909
="081713",0,3000,-3000,-2069
="081715",215000,416000,-201000,-291714
="081716",14000,179000,-165000,-113269
="081717",35000,25000,10000,7199
="081718",35000,304000,-269000,-194220
="081719",127000,581000,-454000,-435840
="081720",535000,566000,-31000,-19649
="081721",67000,393000,-326000,-401672
="081722",472000,45000,427000,342152
="081723",347000,392000,-45000,-46250
="081724",92000,332000,-240000,-298780
="081725",464000,595000,-131000,-236621
="081726",0,22000,-22000,-15478
="081727",66000,57000,9000,8914
="081814",0,20000,-20000,-30000
="081816",94000,50000,44000,96620
="081865",0,1000,-1000,-3720
="081868",0,20000,-20000,-20799
="081930",29000,0,29000,135719
="081945",163000,395000,-232000,-228508
="081946",109000,259000,-150000,-323079
="081947",1000,70000,-69000,-89797
="081950",30000,0,30000,30600
="081951",63000,10000,53000,36470
="081952",0,30000,-30000,-17497
="081953",0,23000,-23000,-13339
="081954",0,267000,-267000,-212688
="081956",150000,0,150000,103499
="081957",0,1000,-1000,-540
="081958",337000,0,337000,223919
="081959",234000,665000,-431000,-687466
="082016",870000,0,870000,1346656
="082123",0,82000,-82000,-72159
="082124",577000,764000,-187000,-215799
="082127",96000,24000,72000,90239
="082128",1329000,2868000,-1539000,-1745147
="082129",110000,130000,-20000,-22660
="082130",955000,3040000,-2085000,-2034429
="082131",94000,17000,77000,62540
="082132",335000,188000,147000,215374
="082133",26000,35000,-9000,-12910
="082134",2000,1000,1000,889
="082135",0,160000,-160000,-136239
="082136",0,1000,-1000,-670
="082137",136000,118000,18000,13291
="082138",0,93000,-93000,-75498
="082140",117000,230000,-113000,-189215
="082143",0,290000,-290000,-113999
="082144",254000,359000,-105000,-190895
="082145",112000,909000,-797000,-575578
="082162",90000,0,90000,197700
="082306",77000,376000,-299000,-1067735
="082315",425000,389000,36000,9001
="082318",47000,107000,-60000,-27319
="082319",324000,3039000,-2715000,-5092336
="082320",47000,33000,14000,17629
="082321",37000,98000,-61000,-82239
="082322",0,1000,-1000,-779
="082323",105000,15000,90000,75050
="082324",43000,82000,-39000,-57412
="082325",4000,2000,2000,1669
="082326",3000,17000,-14000,-11359
="082328",12000,2000,10000,9070
="082330",5000,321000,-316000,-317587
="082331",0,734000,-734000,-585003
="082332",29000,837000,-808000,-642148
="082333",80000,387000,-307000,-236777
="082334",0,306000,-306000,-267255
="082335",34000,518000,-484000,-316608
="082336",0,10000,-10000,-5600
="082337",37000,17000,20000,37650
="082338",120000,80000,40000,41070
="082339",41000,0,41000,30750
="082340",0,300000,-300000,-170999
="082395",0,1000,-1000,-1399
="082476",15000,2000,13000,20559
="082477",21000,545000,-524000,-570907
="082478",5000,25000,-20000,-11699
="082479",0,104000,-104000,-64287
="082480",101000,101000,0,989
="082481",1276000,2064000,-788000,-893650
="082482",1027000,2399000,-1372000,-1544999
="082483",1000,190000,-189000,-194677
="082484",0,11000,-11000,-7920
="082485",84000,30000,54000,51341
="082486",156000,205000,-49000,-37371
="082487",47000,772000,-725000,-619416
="082488",505000,354000,151000,125431
="082490",120000,172000,-52000,-42567
="082491",100000,160000,-60000,-26899
="082492",424000,25000,399000,298861
="082493",71000,140000,-69000,-75088
="082494",592000,231000,361000,468447
="082495",385000,1171000,-786000,-769126
="082496",0,32000,-32000,-19420
="082497",0,2000,-2000,-1819
="082498",1000,121000,-120000,-86500
="082499",480000,87000,393000,519899
="082500",95000,10000,85000,63850
="082501",26000,78000,-52000,-47410
="082502",49000,45000,4000,400
="082503",65000,65000,0,2131
="082555",0,20000,-20000,-10399
="082557",16000,0,16000,12579
="082558",158000,420000,-262000,-252212
="082560",272000,192000,80000,81900
="082561",683000,20000,663000,713842
="082562",124000,14000,110000,136259
="082563",586000,784000,-198000,-279727
="082564",429000,283000,146000,114021
="082565",25000,10000,15000,8450
="082568",0,17000,-17000,-13430
="082569",16000,0,16000,12479
="082571",0,1000,-1000,-639
="082572",0,1000,-1000,-730
="082573",0,60000,-60000,-36600
="082574",277000,431000,-154000,-158771
="082575",80000,63000,17000,12592
="082576",142000,50000,92000,90070
="082577",2000,146000,-144000,-128419
="082578",60000,47000,13000,20009
="082595",0,10000,-10000,-17400
="082661",75000,0,75000,234749
="082749",30000,0,30000,19499
="082750",86000,0,86000,79120
="082751",0,7000,-7000,-5389
="082752",0,20000,-20000,-20799
="082753",10000,7000,3000,1611
="082754",94000,319000,-225000,-277131
="082755",215000,23000,192000,153369
="082756",4000,10000,-6000,-4590
="082757",5000,4000,1000,1130
="082760",19000,0,19000,12920
="082761",120000,0,120000,80400
="082763",0,10000,-10000,-5699
="082764",7000,328000,-321000,-167009
="082765",30000,33000,-3000,-2599
="082766",0,21000,-21000,-12919
="082767",15000,0,15000,8499
="082768",147000,151000,-4000,-6528
="082770",40000,123000,-83000,-60180
="082771",0,205000,-205000,-142738
="082772",100000,290000,-190000,-213678
="082773",385000,1034000,-649000,-750547
="082774",360000,646000,-286000,-401461
="082775",27000,9000,18000,17560
="082776",2000,4000,-2000,-1939
="082784",209000,71000,138000,207439
="082785",0,193000,-193000,-291840
="082788",120000,0,120000,208548
="082789",1388000,0,1388000,2739517
="082798",262000,165000,97000,237599
="082799",115000,0,115000,336848
="082925",283000,196000,87000,50772
="082929",22000,23000,-1000,157
="082930",0,143000,-143000,-118788
="082931",1000,160000,-159000,-111669
="082932",100000,101000,-1000,-580
="082933",34000,2785000,-2751000,-2674678
="082934",0,97000,-97000,-60559
="082935",0,182000,-182000,-100100
="082936",0,9000,-9000,-8190
="082937",42000,62000,-20000,-21498
="082950",400000,0,400000,403999
="083034",0,5000,-5000,-2439
="083035",0,5000,-5000,-2789
="083045",143000,0,143000,180469
="083061",111000,117000,-6000,-721
="083197",126000,330000,-204000,-177059
="083198",0,60000,-60000,-47699
="083199",928000,1090000,-162000,-141992
="083201",0,5000,-5000,-3279
="083202",10000,41000,-31000,-16761
="083203",85000,60000,25000,20898
="083204",524000,222000,302000,224939
="083205",0,1473000,-1473000,-863897
="083206",292000,264000,28000,24661
="083207",3198000,1809000,1389000,973630
="083208",50000,134000,-84000,-68721
="083209",105000,35000,70000,48399
="083210",123000,34000,89000,71370
="083211",4000,30000,-26000,-17601
="083212",5000,308000,-303000,-203677
="083213",12000,18000,-6000,-6141
="083214",10000,2000,8000,4099
="083215",13000,12000,1000,1189
="083216",613000,0,613000,369058
="083217",21000,74000,-53000,-49009
="083218",0,18000,-18000,-13868
="083219",145000,157000,-12000,-13247
="083220",5000,8000,-3000,-4659
="083319",30000,100000,-70000,-183811
="083326",5000,1000,4000,2030
="083327",91000,832000,-741000,-846229
="083328",42000,41000,1000,1609
="083329",41000,673000,-632000,-780761
="083330",0,100000,-100000,-77599
="083333",0,1000,-1000,-839
="083334",0,1000,-1000,-800
="083335",40000,56000,-16000,-9638
="083336",839000,702000,137000,75850
="083338",302000,263000,39000,48142
="083339",211000,0,211000,184119
="083340",30000,66000,-36000,-22958
="083341",39000,20000,19000,16538
="083342",198000,276000,-78000,-61377
="083343",0,38000,-38000,-30750
="083344",0,25000,-25000,-30899
="083345",1000,0,1000,620
="083346",0,6000,-6000,-3340
="083347",6000,306000,-300000,-331490
="083348",0,100000,-100000,-72700
="083349",0,92000,-92000,-59799
="083350",26000,26000,0,-460
="083460",10000,249000,-239000,-302966
="083461",20000,5000,15000,11901
="083462",92000,200000,-108000,-100621
="083463",319000,146000,173000,155680
="083464",62000,700000,-638000,-413558
="083466",38000,0,38000,19759
="083467",35000,0,35000,19600
="083471",106000,42000,64000,55581
="083472",15000,0,15000,14700
="083473",10000,10000,0,500
="083476",974000,434000,540000,409562
="083478",0,25000,-25000,-18999
="083479",0,109000,-109000,-79600
="083480",0,120000,-120000,-83177
="083570",60000,0,60000,335999
="083665",33000,41000,-8000,-7989
="083668",145000,641000,-496000,-404148
="083670",1000,10000,-9000,-8509
="083672",145000,0,145000,100049
="083674",10000,2000,8000,5300
="083675",0,23000,-23000,-13479
="083678",316000,0,316000,240159
="083679",0,24000,-24000,-22600
="083681",0,1000,-1000,-959
="083682",5000,35000,-30000,-20599
="083684",0,8000,-8000,-13548
="083685",21000,137000,-116000,-170665
="083688",66000,28000,38000,34041
="083787",5000,98000,-93000,-86187
="083788",626000,1024000,-398000,-532209
="083789",240000,137000,103000,103529
="083790",0,137000,-137000,-124316
="083791",1000,302000,-301000,-338466
="083792",210000,0,210000,118298
="083793",0,26000,-26000,-19419
="083797",0,3000,-3000,-2639
="084006",0,15000,-15000,-13698
="084009",0,723000,-723000,-600089
="084010",0,235000,-235000,-141769
="084011",0,1000,-1000,-879
="084012",0,56000,-56000,-43975
="084015",0,200000,-200000,-101999
="084016",0,30000,-30000,-15599
="084017",0,105000,-105000,-48199
="084018",0,11000,-11000,-6179
="084019",0,192000,-192000,-189238
="084025",0,491000,-491000,-290828
="1101",335000,200000,135000,5447398
="1102",260000,0,260000,10553698
="1103",1,0,1,16
="1104",100,0,100,2110
="1108",1,1000,-999,-10939
="1201",2000,0,2000,40599
="1203",1,0,1,35
="1210",6000,2000,4000,196151
="1215",1000,1000,0,-201
="1216",88000,303000,-215000,-14488600
="1219",1,0,1,19
="1225",1,0,1,36
="1227",5000,5000,0,1000
="1264",0,2000,-2000,-490000
="1301",400,44000,-43600,-3972860
="1303",25100,7000,18100,1246310
="1304",213001,125000,88001,1843867
="1305",50000,30000,20000,470700
="1308",5000,5000,0,-1800
="1309",0,8000,-8000,-251600
="1310",1,30000,-29999,-491983
="1312",4001,13000,-8999,-195428
="1313",0,30000,-30000,-468000
="1314",22000,1000,21000,203150
="1325",13050,7000,6050,560752
="1326",3000,6000,-3000,-242001
="1336",1,0,1,26
="1337",9001,0,9001,74047
="1338",1000,0,1000,65800
="1340",2,0,2,20
="1341",1,0,1,66
="1402",1000,22000,-21000,-564699
="1414",0,4000,-4000,-50799
="1416",147,0,147,1596
="1434",20000,10000,10000,289999
="1440",21000,0,21000,275000
="1444",0,36000,-36000,-405000
="1445",0,10000,-10000,-121000
="1446",2000,0,2000,57900
="1454",0,11000,-11000,-88738
="1456",10000,0,10000,158999
="1466",3000,0,3000,50950
="1473",130,0,130,2268
="1476",3000,6020,-3020,-1240740
="1477",200,11000,-10800,-2118100
="1504",4002,0,4002,110553
="1513",22000,70000,-48000,-2259150
="1514",2001,0,2001,48224
="1515",2000,0,2000,151099
="1517",150,0,150,1920
="1519",11000,0,11000,480650
="1522",0,2000,-2000,-47549
="1524",0,1000,-1000,-11600
="1525",1000,16000,-15000,-1024701
="1526",1000,3000,-2000,-83299
="1527",2000,4000,-2000,-86947
="1528",1,0,1,9
="1533",128000,106000,22000,1578403
="1536",253000,51000,202000,25203000
="1558",0,667,-667,-93380
="1568",83000,1000,82000,2465749
="1582",0,2000,-2000,-165000
="1590",9000,1000,8000,9445000
="1592",1000,0,1000,8010
="1593",1000,5000,-4000,-543500
="1597",24000,44500,-20500,-2292500
="1598",18000,48,17952,1885032
="1605",0,6000,-6000,-103500
="1609",11000,1000,10000,186451
="1614",5000,9000,-4000,-136751
="1618",1000,0,1000,11050
="1626",0,1000,-1000,-23700
="1701",1000,0,1000,22250
="1702",1,0,1,48
="1709",0,40000,-40000,-565999
="1714",6000,0,6000,57319
="1722",54000,0,54000,2755999
="1723",2000,0,2000,201000
="1726",1000,1000,0,-100
="1732",67000,45000,22000,760497
="1734",4000,0,4000,112800
="1737",1,0,1,32
="1760",7000,5000,2000,162000
="1762",1000,1000,0,-200
="1773",2000,0,2000,206000
="1783",1,0,1,24
="1785",10000,11200,-1200,-57799
="1789",1000,0,1000,25100
="1796",2000,0,2000,62649
="1802",0,78000,-78000,-1327197
="1809",1,0,1,11
="1815",0,1000,-1000,-13250
="1903",1,0,1,48
="1904",2000,0,2000,59749
="1905",13000,0,13000,132399
="1909",6000,1270000,-1264000,-24526844
="2002",100,11100,-11000,-260864
="2006",0,1000,-1000,-33299
="2009",10000,1000,9000,194099
="2010",40000,20000,20000,235999
="2013",1000,0,1000,28799
="2014",22000,48000,-26000,-373749
="2020",5000,0,5000,95000
="2027",29000,1841000,-1812000,-47415497
="2038",7000,15000,-8000,-132901
="2049",13000,12000,1000,435000
="2059",0,1000,-1000,-309500
="2061",0,5000,-5000,-99300
="2065",29000,0,29000,1288500
="2101",0,484,-484,-18464
="2104",1,7000,-6999,-164826
="2105",51000,204000,-153000,-6360897
="2106",20000,0,20000,641999
="2108",63000,11408,51592,3211477
="2201",93000,70000,23000,968545
="2206",0,3000,-3000,-100200
="2207",1,0,1,599
="2227",2000,0,2000,495000
="2231",6000,7000,-1000,-174000
="2233",2000,2127,-127,-9377
="2239",1000,1000,0,2000
="2247",1000,0,1000,236000
="2301",173000,23321,149679,8700536
="2303",2363757,1537515,826242,45761653
="2305",1000,0,1000,8590
="2308",113267,163800,-50533,-14346055
="2312",10000,0,10000,122249
="2313",39000,2000,37000,1613749
="2314",10000,31000,-21000,-705298
="2317",1120930,480276,640654,79278067
="2323",68000,0,68000,577369
="2324",624000,106000,518000,11337995
="2327",59220,118998,-59778,-35222672
="2328",1837000,739000,1098000,47136643
="2329",24001,2000,22001,338815
="2330",266009,148992,117017,72064549
="2331",2000,21000,-19000,-506400
="2332",13000,3000,10000,245000
="2337",1049325,618000,431325,17186889
="2338",7000,8000,-1000,-45548
="2340",0,2100,-2100,-52179
="2342",27000,4000,23000,830051
="2344",144000,603000,-459000,-12847749
="2345",65000,33000,32000,9381000
="2347",1000,1000,0,-250
="2348",0,2000,-2000,-173399
="2349",1,0,1,10
="2351",10000,10000,0,8300
="2352",152000,42000,110000,3276553
="2353",3925915,414080,3511835,92498741
="2354",1353800,274000,1079800,83761499
="2356",63000,41000,22000,526700
="2357",66000,915000,-849000,-247346500
="2359",9000,6000,3000,53701
="2360",10100,64000,-53900,-11490200
="2363",5000,0,5000,84450
="2367",6000,0,6000,123449
="2368",161000,177000,-16000,-894698
="2369",11001,11000,1,-1087
="2371",91000,58000,33000,836350
="2375",37000,200000,-163000,-16514000
="2376",70000,25000,45000,3605798
="2377",78000,27007,50993,7040541
="2379",23000,41000,-18000,-8781500
="2382",38000,17000,21000,1780400
="2383",42000,2000,40000,6500500
="2385",121000,11000,110000,9814394
="2387",384063,573000,-188937,-12973545
="2388",0,12000,-12000,-656999
="2392",11000,0,11000,510500
="2393",19000,251000,-232000,-10128493
="2395",1000,2000,-1000,-359000
="2399",1000,0,1000,14050
="2401",289000,419000,-130000,-3280052
="2402",4000,10000,-6000,-113599
="2404",2000,26000,-24000,-5940000
="2405",1001,0,1001,11612
="2406",0,10000,-10000,-182999
="2408",84000,148000,-64000,-5189693
="2409",45000,2452000,-2407000,-34347548
="2412",100,0,100,10950
="2413",33000,35000,-2000,-60249
="2415",528000,32000,496000,18044550
="2417",21002,55000,-33998,-1656852
="2423",2000,0,2000,46500
="2424",1000,0,1000,24600
="2426",4000,24000,-20000,-366649
="2431",0,1000,-1000,-10899
="2436",1000,3000,-2000,-88349
="2439",1000,7000,-6000,-803000
="2441",30100,260000,-229900,-15568526
="2442",3000,3000,0,-270
="2449",189000,249000,-60000,-2361349
="2454",177080,130002,47078,42205310
="2455",41000,14000,27000,3126052
="2456",34005,37000,-2995,-316488
="2457",5000,0,5000,83249
="2458",120000,218000,-98000,-16948000
="2460",1000,0,1000,24450
="2461",1,0,1,17
="2465",1,0,1,17
="2467",54000,2000,52000,2138551
="2471",26000,0,26000,685047
="2474",2120,46000,-43880,-8932593
="2476",71000,16000,55000,1508801
="2477",10000,0,10000,297250
="2478",1000,0,1000,82300
="2480",10000,0,10000,666999
="2481",4000,4000,0,-1402
="2484",14000,13000,1000,21999
="2485",0,1000,-1000,-17600
="2486",3001,3000,1,-432
="2492",34005,301000,-266995,-62184840
="2493",1000,0,1000,34299
="2497",2000,0,2000,75699
="2498",9000,25000,-16000,-448348
="2501",20000,1000,19000,360900
="2504",73000,9000,64000,1398149
="2505",31001,0,31001,972279
="2511",0,5000,-5000,-54499
="2515",15000,2000,13000,114488
="2516",1,0,1,5
="2520",23002,2000,21002,689063
="2530",1,0,1,13
="2534",31,0,31,561
="2538",2,0,2,19
="2542",0,3700,-3700,-161813
="2546",0,1000,-1000,-46900
="2548",0,1000,-1000,-87099
="2601",0,10000,-10000,-91700
="2603",991500,5769616,-4778116,-156257389
="2605",2000,0,2000,37000
="2606",2000,0,2000,66299
="2607",0,35000,-35000,-547749
="2609",1261013,1766000,-504987,-10547031
="2610",457200,48200,409000,4437949
="2611",0,3000,-3000,-29550
="2614",1,0,1,16
="2615",76000,27000,49000,2188747
="2618",407000,44000,363000,4630499
="2633",3000,1000,2000,58500
="2636",1000,0,1000,39000
="2704",0,1000,-1000,-30350
="2723",1000,0,1000,129000
="2727",3000,0,3000,339000
="2732",1000,1000,0,2000
="2754",0,500,-500,-34150
="2801",0,457,-457,-7746
="2812",130,0,130,1390
="2820",0,10000,-10000,-147500
="2823",6000,8000,-2000,-44851
="2834",3000,0,3000,27790
="2841",1,0,1,7
="2855",18000,10000,8000,163500
="2867",10000,0,10000,81229
="2880",10000,2000,8000,140050
="2881",16100,100,16000,749800
="2882",11000,1200,9800,398219
="2883",40000,33000,7000,62769
="2884",2100,6000,-3900,-94571
="2885",11001,1116000,-1104999,-22966628
="2886",297000,1000,296000,8516900
="2887",66000,717,65283,832258
="2888",8001,20000,-11999,-98632
="2889",0,10650,-10650,-134786
="2890",10000,0,10000,111000
="2891",1,13011,-13010,-251944
="2892",4068,2227,1841,37543
="2897",333000,0,333000,2209918
="2913",2000,0,2000,33500
="3002",1000,0,1000,11250
="3003",65000,69200,-4200,-199162
="3006",12000,32000,-20000,-1249797
="3008",2079,1000,1079,3219215
="3010",0,55000,-55000,-4344697
="3011",10000,0,10000,63200
="3013",1000,0,1000,13550
="3014",6000,0,6000,448500
="3015",17000,11000,6000,250899
="3016",283000,38000,245000,17617500
="3017",16000,81100,-65100,-4435319
="3019",6000,0,6000,445800
="3022",4000,14000,-10000,-527999
="3023",1000,0,1000,254500
="3027",108,0,108,1950
="3029",2000,1000,1000,38248
="3032",0,1000,-1000,-40250
="3033",1,0,1,18
="3034",26100,278000,-251900,-104272550
="3035",394000,107000,287000,15089199
="3036",5000,1000,4000,165300
="3036A",0,1000,-1000,-48000
="3037",182000,40100,141900,13186528
="3038",102,0,102,1846
="3041",0,1000,-1000,-27450
="3042",370000,695000,-325000,-28798593
="3043",0,1000,-1000,-4389
="3044",269000,12000,257000,34702000
="3045",1000,7000,-6000,-585000
="3046",1000,0,1000,16299
="3051",500,0,500,2950
="3057",1,0,1,10
="3058",1000,68000,-67000,-930898
="3059",648001,57000,591001,21239286
="3060",1,1000,-999,-14035
="3062",6000,0,6000,112200
="3071",2000,0,2000,52200
="3078",14000,36100,-22100,-949526
="3081",23000,15835,7165,2098015
="3083",1000,0,1000,59500
="3088",0,7000,-7000,-358400
="3092",157000,79000,78000,5103401
="3094",7000,3000,4000,102800
="3105",45000,80500,-35500,-15460500
="3122",2001,3000,-999,-17733
="3128",114000,60000,54000,1087751
="3138",6000,8000,-2000,-567000
="3141",12000,12000,0,-2599
="3149",82001,7000,75001,2154327
="3152",26000,23000,3000,1400000
="3169",41000,2000,39000,2491000
="3178",38000,18000,20000,1301902
="3189",74000,165000,-91000,-7763795
="3202",2001,0,2001,36017
="3209",1,19000,-18999,-426877
="3211",1,1000,-999,-89210
="3217",43000,15077,27923,3467221
="3218",2000,2000,0,-500
="3226",0,2000,-2000,-142099
="3227",34500,45100,-10600,-2044000
="3228",78000,0,78000,18444500
="3231",352000,210040,141960,4572569
="3234",0,1000,-1000,-36650
="3257",2000,1000,1000,77999
="3260",12008,26000,-13992,-1015921
="3264",36000,64000,-28000,-1232548
="3284",1,0,1,13
="3287",2000,8000,-6000,-147401
="3293",32020,11000,21020,17949920
="3296",1000,0,1000,21399
="3305",5000,1000,4000,117550
="3312",10000,589,9411,138813
="3317",2000,3000,-1000,-44850
="3322",0,2000,-2000,-24799
="3323",6000,3000,3000,146749
="3324",1000,11000,-10000,-2181000
="3338",0,1000,-1000,-59000
="3339",2000,0,2000,27899
="3346",3000,0,3000,139049
="3374",294000,385000,-91000,-19137500
="3376",2000,618,1382,178896
="3379",0,3000,-3000,-34800
="3383",0,1000,-1000,-3329
="3390",75000,76000,-1000,22152
="3406",21000,18000,3000,1509500
="3413",8000,8000,0,3500
="3419",2,0,2,38
="3432",4000,0,4000,49400
="3437",7000,29000,-22000,-705602
="3438",2000,0,2000,100400
="3441",1,0,1,29
="3443",58000,20000,38000,15769000
="3466",35,0,35,398
="3481",920200,9854000,-8933800,-116021282
="3483",0,1000,-1000,-79000
="3484",30070,22000,8070,542664
="3490",0,100,-100,-3004
="3491",1000,0,1000,70900
="3501",1000,0,1000,51099
="3512",4000,0,4000,119298
="3515",3000,0,3000,455500
="3516",2000,22000,-20000,-277099
="3521",5000,0,5000,84549
="3522",0,1000,-1000,-11149
="3526",44000,5000,39000,3886101
="3527",6000,9000,-3000,-298499
="3529",11000,8000,3000,2099000
="3532",7000,207350,-200350,-27767475
="3533",16000,4000,12000,6348000
="3541",0,100,-100,-5159
="3545",15000,2000,13000,1181200
="3552",242030,242000,30,464840
="3556",1,0,1,57
="3557",3000,0,3000,263600
="3563",1000,1000,0,-4000
="3576",1001,3000,-1999,-25238
="3580",1000,2000,-1000,-53299
="3583",0,51,-51,-3284
="3587",31000,183000,-152000,-16104500
="3588",2000,0,2000,121000
="3591",3000,0,3000,53399
="3593",1,0,1,11
="3596",19000,6000,13000,1214596
="3597",95000,0,95000,2692250
="3605",1000,8000,-7000,-291100
="3622",41000,3000,38000,1266497
="3625",12000,13000,-1000,-23601
="3630",0,4000,-4000,-202399
="3653",64000,3000,61000,18916500
="3661",11000,54000,-43000,-35719000
="3665",336000,116000,220000,69464500
="3669",87000,51000,36000,2827100
="3673",2000,0,2000,88000
="3675",0,1000,-1000,-71500
="3680",252000,68075,183925,67277363
="3689",1000,0,1000,29600
="3691",4000,2000,2000,407500
="3694",0,3000,-3000,-82600
="3702",2000,55000,-53000,-2365698
="3704",27000,17000,10000,363249
="3706",0,16000,-16000,-470849
="3707",38000,136000,-98000,-4732400
="3708",0,2000,-2000,-283000
="3711",43401,123000,-79599,-7828183
="3714",81000,21000,60000,5066396
="4105",1000,0,1000,62700
="4108",1,7000,-6999,-183972
="4111",1000,0,1000,22799
="4114",28000,45000,-17000,-419500
="4121",1,0,1,20
="4123",0,8000,-8000,-490999
="4126",1000,0,1000,66800
="4128",10,0,10,555
="4129",130,0,130,4328
="4130",5130,20000,-14870,-427789
="4138",0,20,-20,-974
="4142",16010,0,16010,816708
="4147",0,1000,-1000,-72099
="4157",0,5000,-5000,-92749
="4160",2071,1000,1071,24268
="4163",0,1000,-1000,-91599
="4167",10000,7000,3000,83201
="4168",96000,0,96000,2513949
="4171",64000,1000,63000,9377000
="4183",1000,0,1000,21100
="4306",1,0,1,14
="4438",0,5000,-5000,-537500
="4526",1,0,1,15
="4528",3000,1000,2000,102800
="4536",2000,10000,-8000,-1164500
="4540",33000,274000,-241000,-15762196
="4551",92000,2000,90000,16612000
="4564",2000,1000,1000,33000
="4566",0,2000,-2000,-126600
="4568",0,5000,-5000,-350000
="4571",2000,0,2000,179699
="4576",129002,59000,70002,8906747
="4714",0,30000,-30000,-346500
="4720",0,2000,-2000,-31500
="4721",1000,0,1000,61599
="4722",10000,0,10000,311000
="4728",1000,0,1000,83300
="4735",5000,0,5000,445499
="4736",8000,5000,3000,550000
="4741",27000,26000,1000,56903
="4743",9750,9430,320,68408
="4746",0,4000,-4000,-187900
="4760",4000,29000,-25000,-2960500
="4763",0,16000,-16000,-1967000
="4904",2000,0,2000,121000
="4906",35000,0,35000,979498
="4909",1,0,1,22
="4915",37000,26000,11000,633000
="4919",36000,2000,34000,1543449
="4927",341001,48000,293001,20626870
="4931",0,2000,-2000,-43249
="4935",0,1000,-1000,-105500
="4938",280000,171500,108500,8816949
="4942",2000,0,2000,73300
="4943",1000,5000,-4000,-302800
="4945",0,1000,-1000,-48099
="4946",0,1000,-1000,-40250
="4950",2000,0,2000,41900
="4952",1000,1000,0,-351
="4958",317000,474000,-157000,-18652500
="4960",0,1000,-1000,-10649
="4961",294120,303150,-9030,-1332910
="4966",6000,4000,2000,2605000
="4967",12000,24000,-12000,-555150
="4968",91000,60000,31000,18350000
="4971",1,0,1,53
="4974",3000,3000,0,1001
="4976",229000,108000,121000,10695998
="4989",0,4000,-4000,-93599
="4991",2002,4000,-1998,-105095
="4994",0,1000,-1000,-75900
="5011",0,20000,-20000,-707000
="5014",3000,3000,0,-150
="5203",2000,0,2000,211000
="5215",11000,1000,10000,1402500
="5223",4000,7000,-3000,-238298
="5230",1,0,1,25
="5243",215000,73000,142000,9711295
="5263",0,2000,-2000,-199399
="5269",25000,25000,0,-195000
="5274",2000,2000,0,50000
="5285",3000,0,3000,209600
="5289",0,1000,-1000,-167500
="5291",0,1000,-1000,-23399
="5299",0,9,-9,-1093
="5306",81000,19000,62000,13162500
="5309",1001,0,1001,37938
="5340",2000,0,2000,67699
="5347",58000,71000,-13000,-1553000
="5351",3,7000,-6997,-150886
="5353",2000,0,2000,31700
="5364",1000,0,1000,16600
="5371",235000,0,235000,9414497
="5386",13000,3000,10000,584398
="5388",3005,1000,2005,150074
="5392",1000,0,1000,26200
="5398",1,0,1,21
="5425",14000,115000,-101000,-5371996
="5439",147000,24000,123000,6719196
="5443",5000,3000,2000,89652
="5457",0,1000,-1000,-92599
="5460",1,0,1,11
="5465",3000,0,3000,54149
="5469",3000,105000,-102000,-4355946
="5471",139000,439000,-300000,-23187800
="5474",8000,10000,-2000,-382000
="5478",1000,0,1000,107000
="5483",18020,26000,-7980,-1281220
="5488",0,10000,-10000,-65418
="5512",1,0,1,9
="5529",1,0,1,12
="5530",0,5000,-5000,-254500
="5607",0,1000,-1000,-26850
="5608",6000,36000,-30000,-300209
="5609",7000,0,7000,421299
="5871",21000,1000,20000,3256000
="5871A",0,19000,-19000,-1886700
="5876",29200,0,29200,1127239
="5880",5001,0,5001,98019
="5903",10,0,10,2620
="5905",0,1000,-1000,-10100
="6005",10000,0,10000,138000
="6015",0,5000,-5000,-66999
="6016",1,0,1,14
="6104",0,2000,-2000,-134199
="6108",1000,0,1000,21399
="6116",10100,466000,-455900,-5580289
="6124",1000,0,1000,29450
="6125",3000,89000,-86000,-2012848
="6126",29000,29000,0,-15951
="6127",1000,55000,-54000,-1326198
="6129",12000,7000,5000,85752
="6139",4000,0,4000,123450
="6143",1000,0,1000,39099
="6147",138000,1565000,-1427000,-109978388
="6150",54000,7680,46320,4538780
="6152",2000,0,2000,21399
="6153",45000,10000,35000,1213698
="6156",2001,0,2001,38618
="6158",1,0,1,31
="6164",1,0,1,10
="6166",9000,0,9000,503299
="6168",2000,14000,-12000,-207600
="6173",3000,0,3000,189600
="6176",84000,5000,79000,9608000
="6182",386000,96000,290000,12157446
="6187",1000,15000,-14000,-1699000
="6188",69000,20000,49000,1955646
="6190",22000,14000,8000,141300
="6191",20001,1000,19001,460923
="6194",0,6000,-6000,-194400
="6196",3000,1000,2000,238500
="6197",1000,1000,0,99
="6201",0,1000,-1000,-40349
="6203",50000,1000,49000,4011696
="6206",2000,0,2000,119400
="6207",1000,0,1000,27000
="6208",118000,8000,110000,4470697
="6209",0,5000,-5000,-168500
="6213",0,6000,-6000,-831000
="6214",1000,0,1000,84400
="6215",55000,121000,-66000,-1300448
="6218",1000,0,1000,19000
="6221",0,1000,-1000,-44900
="6223",32000,25000,7000,832500
="6224",11000,5000,6000,626500
="6229",0,1000,-1000,-28250
="6230",0,1000,-1000,-216000
="6231",9000,2000,7000,661899
="6233",0,11000,-11000,-407650
="6234",1,0,1,22
="6235",24000,28000,-4000,-74150
="6237",76000,77000,-1000,-131002
="6239",117000,253000,-136000,-13874000
="6243",1000,2000,-1000,-15800
="6245",13000,4000,9000,610398
="6251",13002,12000,1002,17988
="6257",72000,56000,16000,818601
="6261",0,11000,-11000,-680098
="6269",5080,3000,2080,259365
="6271",17000,237000,-220000,-48739000
="6274",0,2000,-2000,-223500
="6275",3000,2000,1000,24200
="6278",0,18000,-18000,-2255500
="6279",152000,89000,63000,7692500
="6282",1000,5000,-4000,-115700
="6283",1000,0,1000,39500
="6284",1000,9000,-8000,-621100
="6288",6000,51000,-45000,-1467100
="6290",2000,6000,-4000,-209501
="6404",1,0,1,4
="6409",1000,1000,0,60000
="6411",8000,1000,7000,720500
="6412",1000,1000,0,400
="6414",12200,18000,-5800,-1516500
="6416",1000,1000,0,-1000
="6417",83000,5000,78000,5680996
="6432",7000,0,7000,254449
="6435",0,2000,-2000,-229500
="6438",8000,0,8000,672398
="6443",18013,32000,-13987,-459818
="6446",0,11000,-11000,-1001199
="6451",5000,7000,-2000,-245000
="6456",62000,39000,23000,2775000
="6462",2000,3000,-1000,-150000
="6472",6000,5000,1000,165000
="6485",114000,4000,110000,4793647
="6488",7000,10000,-3000,-2029000
="6492",1000,3000,-2000,-376500
="6494",2000,4000,-2000,-119800
="6496",2030,1850,180,4399
="6504",50,15000,-14950,-2716900
="6510",3000,1000,2000,1844000
="6516",0,11000,-11000,-922198
="6525",44000,45210,-1210,-73523
="6531",47000,100016,-53016,-38337240
="6532",0,2000,-2000,-112999
="6533",13000,34000,-21000,-8309500
="6538",0,1000,-1000,-166000
="6541",0,2000,-2000,-73500
="6547",0,5000,-5000,-537500
="6548",2000,4000,-2000,-126101
="6568",4000,0,4000,568000
="6573",0,5001,-5001,-77715
="6576",13000,1000,12000,1014628
="6582",0,4000,-4000,-588000
="6588",0,1000,-1000,-65000
="6589",1000,0,1000,39700
="6596",1,0,1,54
="6603",0,1000,-1000,-13949
="6605",1000,1000,0,-801
="6616",0,1000,-1000,-28850
="6640",36000,4000,32000,2396900
="6642",0,3000,-3000,-145649
="6643",21000,0,21000,7564500
="6669",2000,0,2000,1706000
="6670",0,2000,-2000,-343500
="6672",20000,17000,3000,247601
="6679",2000,2000,0,5000
="6683",2000,6000,-4000,-1352500
="6706",1000,0,1000,162500
="6712",5,1000,-995,-227355
="6732",1000,4000,-3000,-2328000
="6743",21500,2000,19500,2725000
="6751",0,10000,-10000,-750199
="6756",1000,0,1000,284000
="6762",0,80,-80,-20960
="6803",0,10000,-10000,-2139500
="711562",185000,216000,-31000,-17137
="711631",10000,0,10000,12899
="711673",1000,0,1000,1279
="711677",10000,2000,8000,10761
="711701",40000,0,40000,13200
="711702",0,10000,-10000,-4799
="711936",0,7000,-7000,-12648
="712014",0,2000,-2000,-2059
="712015",103000,0,103000,100950
="712018",15000,0,15000,7408
="712199",30000,0,30000,11399
="712262",0,30000,-30000,-20999
="712326",105000,100000,5000,1150
="712370",0,90000,-90000,-57897
="712504",28000,0,28000,41400
="712605",66000,0,66000,44220
="712612",0,70000,-70000,-41599
="712616",0,10000,-10000,-22500
="712630",30000,0,30000,7599
="712916",293000,295000,-2000,-12108
="712917",0,20000,-20000,-1000
="712920",30000,0,30000,12299
="712922",0,3000,-3000,-5388
="712979",45000,10000,35000,37050
="712980",10000,12000,-2000,-2529
="712981",101000,37000,64000,57999
="713042",0,12000,-12000,-4559
="713073",58000,0,58000,15079
="713074",0,395000,-395000,-165899
="713124",190000,0,190000,210900
="713182",30000,0,30000,6599
="713183",0,50000,-50000,-49000
="713184",60000,70000,-10000,-5599
="713225",35000,0,35000,12950
="713326",4000,0,4000,10139
="713327",124000,50000,74000,54308
="713352",0,4000,-4000,-1080
="713404",50000,0,50000,74000
="713516",20000,0,20000,6600
="713648",3000,0,3000,600
="713651",0,5000,-5000,-7200
="713654",100000,0,100000,11999
="713675",1490000,296000,1194000,409541
="713676",7000,0,7000,11579
="713820",4000,0,4000,1120
="713976",180000,0,180000,12600
="714030",0,3000,-3000,-1409
="714033",13000,0,13000,4680
="714153",10000,0,10000,18200
="714154",0,600000,-600000,-68498
="714155",0,100000,-100000,-135500
="714212",20000,0,20000,84600
="714214",1000,0,1000,3500
="714236",0,50000,-50000,-72099
="714237",71000,9000,62000,130191
="714238",3000,30000,-27000,-20748
="714272",210000,250000,-40000,-11999
="714366",20000,378000,-358000,-214830
="714367",0,50000,-50000,-20999
="714384",0,8000,-8000,-13199
="714431",113000,111000,2000,-1970
="714441",63000,0,63000,61110
="714489",10000,30000,-20000,-13799
="714513",9000,131000,-122000,-85707
="714514",25000,0,25000,33000
="714516",521000,595000,-74000,-52778
="714517",10000,11000,-1000,-3450
="714518",89000,176000,-87000,-74081
="714609",10000,0,10000,7200
="714620",144000,50000,94000,124173
="714624",357000,0,357000,167769
="714685",5000,5000,0,-100
="714712",111000,2000,109000,170910
="714714",0,50000,-50000,-15500
="714795",25000,0,25000,20499
="714856",100000,116000,-16000,-13039
="714858",7000,19000,-12000,-8590
="714859",0,23000,-23000,-13569
="714860",20000,0,20000,22999
="714861",30000,0,30000,129899
="714889",35000,0,35000,12850
="714995",20000,2000,18000,8399
="715013",0,20000,-20000,-9900
="715066",51000,40000,11000,7891
="715067",30000,2000,28000,60239
="715070",17000,10000,7000,7589
="715071",0,1000,-1000,-2039
="715072",120000,113000,7000,6131
="715073",19000,5000,14000,90600
="715116",0,1000,-1000,-1720
="715131",50000,0,50000,45500
="715151",50000,0,50000,109500
="715158",0,5000,-5000,-1449
="715159",323000,259000,64000,40590
="715161",110000,0,110000,334399
="715163",20000,0,20000,61599
="715181",2000,51000,-49000,-129689
="715239",18000,22000,-4000,-5891
="715285",100000,0,100000,105999
="715286",0,4000,-4000,-1959
="715288",28000,0,28000,20260
="715356",8000,1000,7000,15970
="715417",5000,3000,2000,6852
="715520",0,11000,-11000,-10010
="715552",24000,0,24000,63239
="715553",10000,120000,-110000,-84698
="715555",10000,0,10000,8000
="715609",0,5000,-5000,-7450
="715656",0,45000,-45000,-45899
="715657",18000,31000,-13000,-14179
="715658",29000,28000,1000,-58
="715659",10000,254000,-244000,-157748
="715660",5000,0,5000,18500
="715661",22000,13000,9000,15861
="715662",26000,95000,-69000,-114731
="715691",33000,10000,23000,18101
="715692",34000,0,34000,28159
="715743",1000,1000,0,-10
="715780",10000,120000,-110000,-91400
="715781",7000,0,7000,7700
="715813",186000,214000,-28000,-64561
="715814",26000,0,26000,13259
="715815",1000,2000,-1000,-2080
="715850",0,91000,-91000,-79278
="715901",35000,54000,-19000,-41551
="715935",124000,61000,63000,99097
="715971",0,374000,-374000,-310487
="716032",0,545000,-545000,-593656
="716033",125000,21000,104000,65280
="716035",1000,0,1000,2819
="716037",6000,0,6000,12408
="716084",50000,0,50000,123500
="716090",0,1000,-1000,-3470
="716110",5000,8000,-3000,-4120
="716111",55000,0,55000,67199
="716137",78000,60000,18000,21850
="716171",0,101000,-101000,-44439
="716281",100000,0,100000,50000
="716295",64000,301000,-237000,-449556
="716296",0,566000,-566000,-1000854
="716297",5000,187000,-182000,-280897
="716298",127000,54000,73000,139848
="716299",78000,516000,-438000,-732756
="716300",0,8000,-8000,-33570
="716347",11000,0,11000,13420
="716368",7000,15000,-8000,-12559
="716369",59000,21000,38000,71939
="716370",106000,322000,-216000,-335261
="716433",279000,0,279000,291727
="716493",20000,0,20000,14800
="716509",20000,0,20000,36600
="716535",30000,0,30000,15299
="716590",0,50000,-50000,-56499
="716591",0,50000,-50000,-50999
="716592",0,98000,-98000,-85260
="716593",23000,0,23000,23818
="716594",294000,414000,-120000,-161060
="716595",57000,0,57000,87779
="716596",12000,21000,-9000,-16328
="716677",89000,94000,-5000,-2562
="716759",5000,0,5000,3849
="716761",37000,0,37000,29970
="716816",103000,42000,61000,55330
="716837",47000,13000,34000,44717
="716838",39000,0,39000,35287
="716905",28000,5000,23000,16460
="716907",448000,243000,205000,316869
="716908",257000,324000,-67000,-104670
="716953",0,1000,-1000,-899
="716954",166000,380000,-214000,-304174
="716955",10000,0,10000,7699
="716956",360000,766000,-406000,-610167
="716957",0,5000,-5000,-3149
="716958",31000,11000,20000,21381
="716997",0,414000,-414000,-251986
="716998",0,80000,-80000,-45399
="716999",3000,0,3000,2069
="717000",40000,0,40000,29600
="717024",0,1000,-1000,-910
="717086",40000,1024000,-984000,-952670
="717088",10000,9000,1000,1031
="717095",0,1000,-1000,-1259
="717101",0,6000,-6000,-5460
="717102",12000,0,12000,9967
="717103",70000,0,70000,69300
="717139",9000,0,9000,8099
="717203",13000,12000,1000,823
="717204",298000,607000,-309000,-815900
="717205",0,113000,-113000,-434796
="717208",15000,1000,14000,32609
="717209",6000,0,6000,14440
="717210",243000,73000,170000,355010
="717305",10000,308000,-298000,-386667
="717308",0,2000,-2000,-1360
="717311",100000,0,100000,111000
="717321",25000,50000,-25000,-53750
="717351",49000,0,49000,34188
="717352",35000,10000,25000,12300
="717353",395000,279000,116000,232652
="717354",0,43000,-43000,-29339
="717355",0,104000,-104000,-68579
="717356",116000,462000,-346000,-195289
="717358",0,1000,-1000,-750
="717359",40000,0,40000,22099
="717360",8000,62000,-54000,-56989
="717361",438000,2000,436000,379920
="717362",0,1000,-1000,-569
="717363",206000,49000,157000,177999
="717364",10000,10000,0,-501
="717365",35000,47000,-12000,-12189
="717420",0,19000,-19000,-68970
="717459",0,20000,-20000,-11618
="717460",50000,0,50000,31000
="717461",519000,967000,-448000,-832967
="717462",0,340000,-340000,-204599
="717463",0,290000,-290000,-130499
="717464",0,42000,-42000,-33079
="717465",0,21000,-21000,-15269
="717466",0,141000,-141000,-166899
="717468",315000,652000,-337000,-261619
="717469",10000,14000,-4000,-3949
="717489",0,20000,-20000,-20199
="717494",5000,0,5000,15099
="717500",62000,0,62000,247247
="717509",60000,50000,10000,35440
="717513",0,74000,-74000,-64628
="717514",125000,248000,-123000,-137360
="717515",50000,0,50000,27500
="717516",130000,28000,102000,72239
="717517",0,5000,-5000,-3149
="717518",145000,895000,-750000,-1267441
="717520",50000,27000,23000,11800
="717522",35000,51000,-16000,-9141
="717523",20000,26000,-6000,-8821
="717524",831000,276000,555000,511889
="717525",0,204000,-204000,-312078
="717526",38000,8000,30000,37151
="717566",0,21000,-21000,-9617
="717570",50000,116000,-66000,-76627
="717601",31000,225000,-194000,-119600
="717602",3000,30000,-27000,-16340
="717605",109000,0,109000,110408
="717606",0,40000,-40000,-21399
="717607",61000,110000,-49000,-30511
="717608",0,1000,-1000,-759
="717609",8000,19000,-11000,-9858
="717635",0,165000,-165000,-140099
="717636",202000,104000,98000,56229
="717639",130000,101000,29000,36821
="717640",14000,346000,-332000,-370448
="717641",0,50000,-50000,-81999
="717649",35000,0,35000,36749
="717683",59000,170000,-111000,-106568
="717685",60000,50000,10000,9251
="717686",0,10000,-10000,-5500
="717687",0,5000,-5000,-4149
="717688",117000,0,117000,102949
="717689",7000,185000,-178000,-194751
="717735",331000,329000,2000,11930
="717736",100000,414000,-314000,-219579
="717737",15000,0,15000,11850
="717738",3000,0,3000,2339
="717739",0,9000,-9000,-11430
="717740",9000,12000,-3000,-4519
="717741",22000,80000,-58000,-51942
="717742",58000,59000,-1000,-898
="717773",0,1000,-1000,-970
="717774",0,95000,-95000,-84398
="717775",4000,82000,-78000,-63240
="717776",141000,0,141000,112579
="717777",60000,28000,32000,18720
="717778",110000,0,110000,52799
="717779",135000,73000,62000,48641
="717780",31000,165000,-134000,-105358
="717815",0,77000,-77000,-46349
="717816",332000,622000,-290000,-260196
="717817",10000,65000,-55000,-34944
="717818",118000,124000,-6000,-6997
="717819",495000,46000,449000,248969
="717861",64000,0,64000,72959
="717862",22000,0,22000,15779
="717950",1000,1000,0,-11
="717951",145000,0,145000,112498
="717952",4000,266000,-262000,-179330
="717953",42000,299000,-257000,-210577
="717954",38000,9000,29000,15669
="717955",0,6000,-6000,-4198
="717956",100000,0,100000,63999
="717957",436000,904000,-468000,-531008
="717958",0,25000,-25000,-16750
="717959",8000,48000,-40000,-30080
="717962",1092000,1769000,-677000,-620639
="717963",5000,25000,-20000,-18099
="718039",5000,226000,-221000,-178730
="718040",35000,0,35000,24849
="718041",131000,132000,-1000,-8209
="718042",5000,313000,-308000,-630454
="718043",30000,61000,-31000,-43316
="718044",565000,0,565000,541547
="718047",100000,61000,39000,30061
="718048",0,20000,-20000,-12200
="718093",0,115000,-115000,-113277
="718094",0,15000,-15000,-14550
="718098",0,188000,-188000,-180849
="718099",24000,217000,-193000,-171829
="718101",0,111000,-111000,-79920
="718102",0,166000,-166000,-187796
="718103",0,181000,-181000,-156997
="718104",0,75000,-75000,-57498
="718175",0,10000,-10000,-8999
="718177",0,7000,-7000,-4340
="73597P",200000,300000,-100000,-44000
="73604P",4000,0,4000,5719
="73630P",0,700000,-700000,-343000
="73650P",0,60000,-60000,-33600
="73653P",936000,123000,813000,621579
="73655P",166000,130000,36000,18979
="73686P",0,100000,-100000,-101797
="73691P",0,17000,-17000,-13939
="73692P",0,9000,-9000,-16088
="73693P",20000,61000,-41000,-111210
="73700P",0,170000,-170000,-50499
="73717P",0,10000,-10000,-11100
="73729P",0,42000,-42000,-51350
="73731P",36000,0,36000,59399
="73740P",13000,0,13000,14170
="73747P",1000,0,1000,1379
="73753P",0,30000,-30000,-49499
="73754P",0,28000,-28000,-20900
="73755P",5000,63000,-58000,-61050
="73764P",34000,21000,13000,12349
="73774P",347000,795000,-448000,-415502
="73794P",0,350000,-350000,-127500
="73796P",13000,0,13000,3900
="73799P",569000,2794000,-2225000,-578109
="73803P",80000,937000,-857000,-493566
="73804P",0,55000,-55000,-37949
="73805P",410000,2436000,-2026000,-875850
="73809P",218000,25000,193000,196071
="73826P",61000,10000,51000,47190
="73828P",0,130000,-130000,-251999
="73829P",0,50000,-50000,-104999
="73833P",20000,17000,3000,2881
="73838P",0,103000,-103000,-91638
="7556",19000,9000,10000,1405000
="8011",1000,0,1000,20799
="8016",12000,11000,1000,166000
="8021",3000,1000,2000,55349
="8024",4000,0,4000,97999
="8027",2000,1000,1000,83300
="8028",0,1000,-1000,-51599
="8033",1000,9000,-8000,-149300
="8039",1000,0,1000,54700
="8044",14000,0,14000,1235899
="8046",129000,146000,-17000,-4176000
="8054",209000,8000,201000,5046595
="8069",156150,487000,-330850,-16506388
="8070",30000,8000,22000,683397
="8076",1,0,1,30
="8081",1000,0,1000,180000
="8086",236201,82000,154201,25676566
="8088",5000,0,5000,144250
="8096",2001,0,2001,25713
="8103",0,1000,-1000,-33750
="8105",0,1000,-1000,-11699
="8107",0,4000,-4000,-84199
="8112",161000,80000,81000,3024999
="8121",1,0,1,17
="8147",0,1000,-1000,-43400
="8163",1,0,1,41
="8171",1000,0,1000,39750
="8176",1166,646,520,4554
="8183",4000,4000,0,-449
="8210",1000,1000,0,-801
="8213",1000,0,1000,46299
="8215",18000,17000,1000,29550
="8234",0,2000,-2000,-50500
="8271",0,1000,-1000,-39549
="8299",2000,4000,-2000,-784500
="8358",417000,206000,211000,11546899
="8390",5000,0,5000,146499
="8403",1000,0,1000,32700
="8409",1,0,1,19
="8422",10,0,10,1595
="8423",0,100,-100,-1704
="8436",1000,2000,-1000,-202500
="8454",0,25,-25,-20300
="8464",9000,5000,4000,1583000
="8472",0,1000,-1000,-69300
="8499",1000,0,1000,129500
="8905",1,0,1,15
="8924",11000,8000,3000,192000
="8929",2000,2990,-990,-20714
="8932",1000,0,1000,17350
="8933",0,1000,-1000,-10300
="8936",2,0,2,46
="8938",0,1000,-1000,-43200
="8996",1000,1000,0,1399
="9103",68000,81000,-13000,-351300
="9105",1000,22000,-21000,-74249
="912398",0,600,-600,-2459
="9802",3000,0,3000,340500
="9904",26000,3000,23000,668399
="9905",1000,0,1000,22200
="9912",1,0,1,8
="9914",190000,36041,153959,43593938
="9917",4,0,4,347
="9919",1000,0,1000,33400
="9921",1000,17000,-16000,-4650000
="9933",1000,0,1000,35150
="9938",2100,3000,-900,-72689
="9941",50,0,50,5050
="9945",12000,4000,8000,317649
="9949",0,462,-462,-5474
="9951",6000,3000,3000,292900
="9958",44000,155000,-111000,-11739500
