="0050",218398,28318,190080
="0052",8000,0,8000
="0056",16532,11043,5489
="006206",0,20000,-20000
="006207",0,30000,-30000
="006208",251017,251000,17
="00631L",1000,1000,0
="00632R",1771000,6532000,-4761000
="00633L",0,150000,-150000
="00634R",0,60000,-60000
="00635U",13000,0,13000
="00636",300,0,300
="00637L",365000,3487000,-3122000
="00638R",102000,10000,92000
="00639",5000,0,5000
="00642U",168000,0,168000
="00643",0,5000,-5000
="00646",5000,0,5000
="00648R",2000,0,2000
="00653L",6000,0,6000
="00655L",0,1000,-1000
="00662",50,0,50
="00664R",102000,3000,99000
="00669R",53000,0,53000
="00670L",2000,0,2000
="00674R",3000,0,3000
="00677U",2877500,428000,2449500
="00680L",0,1000,-1000
="00682U",0,42000,-42000
="00683L",35000,45000,-10000
="00687B",50000,50000,0
="00688L",50000,50000,0
="00689R",50000,50000,0
="00692",11225,0,11225
="00693U",84000,0,84000
="00694B",50000,50000,0
="00695B",50000,50000,0
="00696B",100000,100000,0
="00697B",50000,50000,0
="00712",85000,0,85000
="00714",100000,100000,0
="00715L",3000,0,3000
="00717",16000,0,16000
="00718B",100000,129000,-29000
="00719B",50000,50000,0
="00720B",56000,53000,3000
="00721B",50000,50000,0
="00722B",50000,54000,-4000
="00723B",54000,52000,2000
="00724B",54000,50000,4000
="00728",3100,0,3100
="00733",100000,100000,0
="00737",50,0,50
="00738U",1000,3000,-2000
="00740B",25000,25000,0
="00741B",25000,25000,0
="00745B",25000,25000,0
="00746B",25000,25000,0
="00751B",120000,50000,70000
="00752",50,100,-50
="00754B",50000,50000,0
="00755B",51000,51000,0
="00756B",52000,50000,2000
="00762",150,0,150
="00764B",52000,50000,2000
="00765B",50000,50000,0
="00772B",70000,70000,0
="00773B",70000,71000,-1000
="00784B",25000,25000,0
="00785B",25000,25000,0
="00787B",10000,0,10000
="00788B",4000,0,4000
="00795B",70000,70000,0
="00796B",70000,70000,0
="00830",3000,3455,-455
="00847B",70000,70000,0
="00848B",70000,70000,0
="00849B",70000,70000,0
="00850",1001,1000,1
="00862B",73000,83000,-10000
="00863B",70000,70000,0
="00864B",70000,71000,-1000
="00868B",50000,50000,0
="00869B",50000,50000,0
="00870B",50000,50000,0
="00871B",50000,50000,0
="00872B",1000,0,1000
="00876",56000,0,56000
="00877",6000,16000,-10000
="00878",9000,0,9000
="00881",151705,234870,-83165
="020003",0,5000,-5000
="020011",13000,10000,3000
="020016",10000,0,10000
="020018",2000,12000,-10000
="020019",172000,177000,-5000
="020021",981000,1442000,-461000
="03537P",10000,0,10000
="03563P",30000,0,30000
="04229P",0,200000,-200000
="04513P",435000,357000,78000
="04729P",128000,0,128000
="04826P",0,54000,-54000
="04827P",3000,22000,-19000
="04860P",15000,1000,14000
="04908P",34000,0,34000
="04985P",16000,100000,-84000
="05006P",211000,109000,102000
="05032P",5000,0,5000
="05067P",99000,0,99000
="05128P",54000,29000,25000
="05143P",0,10000,-10000
="05144P",1000,0,1000
="05161P",400000,400000,0
="05162P",42000,0,42000
="05182P",100000,0,100000
="05237P",113000,105000,8000
="05259P",0,2000,-2000
="05297P",153000,260000,-107000
="05299P",6000,11000,-5000
="05342P",122000,449000,-327000
="05343P",200000,0,200000
="05422P",25000,0,25000
="05433P",60000,0,60000
="05481P",0,35000,-35000
="05482P",0,30000,-30000
="05484P",35000,0,35000
="05500P",52000,31000,21000
="05585P",300000,0,300000
="05594P",0,90000,-90000
="05595P",239000,1106000,-867000
="05632P",5000,42000,-37000
="05697P",15000,130000,-115000
="05698P",44000,10000,34000
="05707P",37000,153000,-116000
="05745P",899000,0,899000
="05749P",0,1000,-1000
="05760P",100000,0,100000
="05772P",300000,0,300000
="05774P",0,200000,-200000
="05776P",411000,30000,381000
="05777P",77000,1333000,-1256000
="05823P",150000,0,150000
="05829P",509000,1000,508000
="05844P",0,340000,-340000
="05855P",0,100000,-100000
="05856P",100000,0,100000
="05858P",50000,100000,-50000
="05866P",300000,0,300000
="05867P",200000,0,200000
="05868P",509000,0,509000
="05888P",200000,200000,0
="05906P",25000,68000,-43000
="05907P",7000,24000,-17000
="05908P",46000,3000,43000
="05955P",15000,110000,-95000
="05968P",500000,400000,100000
="05969P",500000,650000,-150000
="05970P",100000,450000,-350000
="05972P",5000,0,5000
="05973P",82000,694000,-612000
="05986P",0,29000,-29000
="06032P",11000,112000,-101000
="06058P",0,4503000,-4503000
="06113P",0,50000,-50000
="06118P",100000,0,100000
="06137P",0,50000,-50000
="062806",2000,0,2000
="063057",151000,187000,-36000
="063350",30000,0,30000
="063444",120000,4000,116000
="064057",50000,0,50000
="064162",10000,0,10000
="064462",33000,5000,28000
="064710",20000,0,20000
="064720",20000,30000,-10000
="064725",30000,0,30000
="064727",10000,0,10000
="064835",0,10000,-10000
="064911",49000,50000,-1000
="064918",10000,0,10000
="064921",1000,0,1000
="064925",180000,8000,172000
="065185",268000,20000,248000
="065451",50000,0,50000
="065679",35000,20000,15000
="065889",10000,35000,-25000
="065890",0,1000,-1000
="065892",0,40000,-40000
="065895",863000,0,863000
="065930",0,1000,-1000
="065946",10000,0,10000
="065957",60000,20000,40000
="066009",10000,0,10000
="066197",10000,0,10000
="066198",50000,0,50000
="066203",197000,32000,165000
="066213",0,100000,-100000
="066460",72000,29000,43000
="066467",0,2000,-2000
="066471",270000,20000,250000
="066524",80000,0,80000
="066525",78000,13000,65000
="066526",380000,366000,14000
="066529",0,30000,-30000
="067147",10000,1000,9000
="067154",0,10000,-10000
="067276",6000,4000,2000
="067368",51000,1000,50000
="067378",0,10000,-10000
="067383",3000,80000,-77000
="067505",50000,54000,-4000
="067506",14000,0,14000
="067516",22000,0,22000
="067774",63000,0,63000
="067775",1000,0,1000
="067831",0,12000,-12000
="067834",3000,5000,-2000
="067836",20000,20000,0
="068046",7000,0,7000
="068056",10000,0,10000
="068057",40000,0,40000
="068128",21000,0,21000
="068129",1002000,53000,949000
="068130",16000,0,16000
="068217",12000,0,12000
="068219",11000,6000,5000
="068220",15000,10000,5000
="068221",414000,388000,26000
="068223",30000,20000,10000
="068224",20000,15000,5000
="068382",0,10000,-10000
="068383",10000,0,10000
="068388",275000,386000,-111000
="068390",12000,0,12000
="068392",0,5000,-5000
="068511",5000,19000,-14000
="068512",98000,1000,97000
="068514",114000,442000,-328000
="068516",30000,957000,-927000
="068521",0,129000,-129000
="068669",6000,0,6000
="068670",745000,2043000,-1298000
="068672",765000,0,765000
="068674",0,1000,-1000
="068767",0,1000,-1000
="068769",7000,45000,-38000
="068771",1799000,0,1799000
="068843",2000,0,2000
="068848",58000,93000,-35000
="068849",0,4000,-4000
="068851",12000,0,12000
="068852",0,11000,-11000
="068854",280000,0,280000
="068885",5000,0,5000
="068939",0,190000,-190000
="069030",10000,0,10000
="069032",0,300000,-300000
="069039",1000,0,1000
="069095",1000,0,1000
="069097",3000,1000,2000
="069099",406000,15000,391000
="069105",24000,1000,23000
="069106",62000,15000,47000
="069190",54000,94000,-40000
="069191",321000,2000,319000
="069192",11000,60000,-49000
="069193",10000,36000,-26000
="069261",0,7000,-7000
="069397",173000,66000,107000
="069402",40000,41000,-1000
="069409",14000,20000,-6000
="069411",0,5000,-5000
="069414",149000,2560000,-2411000
="069415",30000,10000,20000
="069416",471000,32000,439000
="069420",0,69000,-69000
="069449",470000,605000,-135000
="069612",61000,178000,-117000
="069614",1000,0,1000
="069616",4000,0,4000
="069618",0,10000,-10000
="069619",0,11000,-11000
="069622",10000,0,10000
="069691",277000,363000,-86000
="069693",0,40000,-40000
="069824",0,5000,-5000
="069927",10000,0,10000
="069929",2000,0,2000
="069930",180000,10000,170000
="069933",5000,0,5000
="069949",0,20000,-20000
="070020",296000,0,296000
="070129",0,300000,-300000
="070133",85000,206000,-121000
="070134",614000,147000,467000
="070135",1000,1000,0
="070136",5000,20000,-15000
="070139",0,350000,-350000
="070141",239000,84000,155000
="070147",35000,1000,34000
="070148",5000,330000,-325000
="070245",0,29000,-29000
="070247",0,8000,-8000
="070250",0,30000,-30000
="070252",11000,18000,-7000
="070253",10000,0,10000
="070255",1000,0,1000
="070426",0,22000,-22000
="070428",11000,9000,2000
="070430",108000,43000,65000
="070431",10000,0,10000
="070444",95000,1000,94000
="070445",36000,22000,14000
="070530",0,50000,-50000
="070531",0,60000,-60000
="070533",648000,180000,468000
="070534",0,10000,-10000
="070536",118000,0,118000
="070538",343000,225000,118000
="070539",47000,0,47000
="070606",2527000,0,2527000
="070735",0,2000,-2000
="070800",10000,0,10000
="070857",5000,20000,-15000
="070858",0,1000,-1000
="070859",10000,50000,-40000
="070860",220000,0,220000
="070862",129000,30000,99000
="070864",0,20000,-20000
="070866",0,6000,-6000
="070867",1000,0,1000
="070913",42000,0,42000
="071123",0,10000,-10000
="071125",0,7000,-7000
="071127",10000,0,10000
="071131",122000,0,122000
="071207",0,4000,-4000
="071210",6000,0,6000
="071215",2000,0,2000
="071220",647000,447000,200000
="071223",3000,0,3000
="071224",2000,0,2000
="071226",87000,0,87000
="071319",68000,1000,67000
="071321",10000,225000,-215000
="071322",0,1000,-1000
="071323",56000,68000,-12000
="071335",10000,0,10000
="071388",0,45000,-45000
="071390",0,1000,-1000
="071446",1000,334000,-333000
="071447",0,30000,-30000
="071448",81000,31000,50000
="071707",0,3000,-3000
="071708",1000,0,1000
="071710",0,192000,-192000
="071845",0,102000,-102000
="071890",55000,0,55000
="071981",0,70000,-70000
="071987",0,4000,-4000
="072046",41000,6000,35000
="072047",4000,20000,-16000
="072049",150000,2282000,-2132000
="072051",49000,51000,-2000
="072122",0,84000,-84000
="072123",4000,2000,2000
="072300",179000,0,179000
="072303",0,2000,-2000
="072307",182000,91000,91000
="072308",30000,0,30000
="072310",15000,50000,-35000
="072312",0,20000,-20000
="072313",59000,0,59000
="072403",84000,132000,-48000
="072404",59000,61000,-2000
="072409",30000,4000,26000
="072410",30000,38000,-8000
="072411",1000,0,1000
="072412",0,10000,-10000
="072462",23000,0,23000
="072481",20000,0,20000
="072482",20000,0,20000
="072556",239000,15000,224000
="072557",71000,276000,-205000
="072559",30000,238000,-208000
="072562",10000,15000,-5000
="072566",3000,244000,-241000
="072625",240000,108000,132000
="072638",50000,0,50000
="072707",2000,0,2000
="072711",0,20000,-20000
="072712",0,11000,-11000
="072812",10000,2000,8000
="072814",0,1000,-1000
="072964",308000,308000,0
="072971",8000,12000,-4000
="073024",400000,0,400000
="073027",1000,76000,-75000
="073028",189000,129000,60000
="073031",800000,914000,-114000
="073035",10000,0,10000
="073037",70000,24000,46000
="073038",231000,81000,150000
="073039",20000,80000,-60000
="073040",13000,10000,3000
="073095",2000,13000,-11000
="073096",7000,110000,-103000
="073097",140000,651000,-511000
="073099",0,9000,-9000
="073100",50000,0,50000
="073101",0,194000,-194000
="073102",290000,52000,238000
="073103",322000,33000,289000
="073105",55000,20000,35000
="073106",265000,50000,215000
="073369",100000,0,100000
="073377",10000,0,10000
="073379",80000,427000,-347000
="073385",29000,0,29000
="073388",36000,147000,-111000
="073493",101000,224000,-123000
="073499",0,29000,-29000
="073500",0,39000,-39000
="073502",506000,947000,-441000
="073503",33000,0,33000
="073577",0,5000,-5000
="073580",7000,5000,2000
="073616",1000,0,1000
="073617",3000,1000,2000
="073735",500000,0,500000
="073737",0,10000,-10000
="073741",21000,12000,9000
="073743",10000,0,10000
="073744",3000,5000,-2000
="073745",20000,0,20000
="073747",36000,10000,26000
="073748",10000,30000,-20000
="073808",65000,40000,25000
="073809",0,10000,-10000
="073811",0,80000,-80000
="073813",43000,75000,-32000
="073920",10000,0,10000
="073981",40000,0,40000
="073982",222000,40000,182000
="073984",24000,0,24000
="073985",10000,0,10000
="074063",0,40000,-40000
="074065",3000,0,3000
="074067",12000,108000,-96000
="074068",11000,0,11000
="074069",0,100000,-100000
="074168",1000,106000,-105000
="074169",0,30000,-30000
="074258",180000,182000,-2000
="074347",405000,657000,-252000
="074349",8000,0,8000
="074350",125000,253000,-128000
="074351",10000,3000,7000
="074352",490000,206000,284000
="074354",106000,75000,31000
="074355",0,5000,-5000
="074446",10000,754000,-744000
="074447",154000,590000,-436000
="074448",18000,570000,-552000
="074450",100000,20000,80000
="074452",90000,10000,80000
="074453",811000,63000,748000
="074454",122000,0,122000
="074498",0,200000,-200000
="074499",10000,160000,-150000
="074535",0,10000,-10000
="074676",0,3000,-3000
="074681",0,17000,-17000
="074684",2000,0,2000
="074685",70000,10000,60000
="074686",1000,4000,-3000
="074687",13000,284000,-271000
="074724",20000,0,20000
="074787",0,9000,-9000
="074788",3000,0,3000
="074789",23000,20000,3000
="074790",31000,6000,25000
="074791",178000,72000,106000
="074793",37000,5000,32000
="074794",41000,9000,32000
="074795",43000,0,43000
="074796",39000,0,39000
="074798",6000,0,6000
="074802",135000,12000,123000
="074803",41000,22000,19000
="074804",417000,487000,-70000
="074806",110000,20000,90000
="074807",69000,121000,-52000
="074810",49000,56000,-7000
="074812",6000,0,6000
="074814",10000,10000,0
="074819",10000,169000,-159000
="074860",15000,0,15000
="074896",2000,10000,-8000
="074897",558000,534000,24000
="074899",135000,65000,70000
="074900",34000,0,34000
="074901",0,7000,-7000
="074902",201000,20000,181000
="074903",182000,0,182000
="074907",0,1000,-1000
="074908",1000,69000,-68000
="075049",250000,9000,241000
="075051",15000,115000,-100000
="075054",28000,58000,-30000
="075167",0,221000,-221000
="075168",0,87000,-87000
="075171",0,8000,-8000
="075172",23000,20000,3000
="075174",181000,0,181000
="075243",7000,0,7000
="075245",58000,0,58000
="075396",31000,15000,16000
="075401",40000,95000,-55000
="075402",0,16000,-16000
="075409",2000,0,2000
="075411",0,5000,-5000
="075513",0,90000,-90000
="075534",4000,1000,3000
="075641",0,144000,-144000
="075642",66000,90000,-24000
="075694",0,10000,-10000
="075697",49000,121000,-72000
="075700",36000,12000,24000
="075827",3000,0,3000
="075831",97000,0,97000
="075840",300000,0,300000
="075886",0,530000,-530000
="075966",22000,40000,-18000
="075968",0,1000,-1000
="075969",53000,113000,-60000
="075970",360000,103000,257000
="075971",84000,86000,-2000
="075972",5000,21000,-16000
="076050",20000,0,20000
="076055",0,85000,-85000
="076057",0,208000,-208000
="076059",13000,46000,-33000
="076060",10000,9000,1000
="076061",12000,5000,7000
="076062",0,74000,-74000
="076063",70000,78000,-8000
="076064",18000,7000,11000
="076180",0,1000,-1000
="076181",0,5000,-5000
="076182",4000,9000,-5000
="076184",76000,0,76000
="076185",38000,0,38000
="076289",528000,314000,214000
="076291",4000,29000,-25000
="076292",588000,287000,301000
="076408",55000,19000,36000
="076410",8000,0,8000
="076411",55000,0,55000
="076413",18000,0,18000
="076416",36000,54000,-18000
="076417",191000,25000,166000
="076418",485000,171000,314000
="076419",82000,37000,45000
="076420",5000,0,5000
="076550",0,1000,-1000
="076551",24000,28000,-4000
="076584",0,320000,-320000
="076652",356000,11000,345000
="076653",301000,349000,-48000
="076654",223000,80000,143000
="076655",46000,0,46000
="076675",3000,0,3000
="076743",0,448000,-448000
="076912",97000,0,97000
="076914",447000,50000,397000
="076915",0,25000,-25000
="076916",6000,108000,-102000
="076917",5000,4000,1000
="076918",25000,0,25000
="076922",26000,55000,-29000
="076941",1000,0,1000
="077061",0,60000,-60000
="077065",3000,308000,-305000
="077066",5000,22000,-17000
="077067",3000,0,3000
="077068",20000,0,20000
="077069",18000,25000,-7000
="077103",8000,38000,-30000
="077105",11000,15000,-4000
="077107",0,24000,-24000
="077108",71000,148000,-77000
="077109",75000,200000,-125000
="077275",20000,6000,14000
="077276",20000,90000,-70000
="077277",1000,0,1000
="077278",11000,10000,1000
="077280",9000,0,9000
="077281",25000,0,25000
="077393",10000,0,10000
="077412",50000,0,50000
="077457",7000,3000,4000
="077458",0,1000,-1000
="077585",0,501000,-501000
="077586",40000,23000,17000
="077587",52000,41000,11000
="077591",100000,60000,40000
="077592",4000,101000,-97000
="077593",20000,10000,10000
="077595",23000,86000,-63000
="077647",0,1000,-1000
="077648",5000,62000,-57000
="077649",60000,0,60000
="077650",0,20000,-20000
="077651",0,152000,-152000
="077652",450000,1760000,-1310000
="077653",10000,0,10000
="077656",82000,103000,-21000
="077657",7000,0,7000
="077658",10000,0,10000
="077659",27000,0,27000
="077690",2000,0,2000
="077729",1000,0,1000
="077810",10000,20000,-10000
="077811",51000,0,51000
="077812",0,10000,-10000
="077941",0,20000,-20000
="077942",285000,43000,242000
="077944",70000,192000,-122000
="077945",17000,11000,6000
="077946",50000,1000,49000
="078038",7000,5000,2000
="078039",55000,10000,45000
="078087",10000,29000,-19000
="078090",1000,1000,0
="078095",48000,41000,7000
="078096",6000,147000,-141000
="078097",20000,485000,-465000
="078098",0,10000,-10000
="078099",0,10000,-10000
="078299",200000,0,200000
="078461",503000,76000,427000
="078462",41000,0,41000
="078463",15000,66000,-51000
="078464",0,7000,-7000
="078465",2000,2000,0
="078466",65000,291000,-226000
="078468",0,20000,-20000
="078469",46000,10000,36000
="078470",170000,143000,27000
="078471",0,5000,-5000
="078474",20000,149000,-129000
="078475",0,30000,-30000
="078476",0,1000,-1000
="078477",60000,0,60000
="078718",247000,144000,103000
="078719",0,5000,-5000
="078720",10000,13000,-3000
="078721",14000,149000,-135000
="078722",20000,0,20000
="078726",0,1000,-1000
="078727",0,3000,-3000
="078823",2000,0,2000
="078847",6000,36000,-30000
="078848",1521000,2953000,-1432000
="078849",34000,79000,-45000
="078850",0,300000,-300000
="078852",0,10000,-10000
="078853",14000,137000,-123000
="078854",71000,100000,-29000
="078856",1000,51000,-50000
="078857",20000,14000,6000
="078928",0,2000,-2000
="078944",124000,105000,19000
="078945",80000,459000,-379000
="078946",23000,0,23000
="078947",140000,59000,81000
="078949",0,289000,-289000
="079090",52000,3000,49000
="079091",50000,293000,-243000
="079287",0,20000,-20000
="079288",8000,10000,-2000
="079290",15000,144000,-129000
="079291",102000,0,102000
="079426",13000,167000,-154000
="079427",0,148000,-148000
="079429",223000,5181000,-4958000
="079430",0,74000,-74000
="079431",65000,291000,-226000
="079432",0,68000,-68000
="079434",11000,10000,1000
="079435",72000,0,72000
="079457",0,5000,-5000
="079564",0,5000,-5000
="079584",300000,0,300000
="079586",40000,40000,0
="079727",1428000,85000,1343000
="079729",86000,190000,-104000
="079730",10000,30000,-20000
="079732",30000,10000,20000
="079734",61000,115000,-54000
="079735",1000,0,1000
="079736",222000,20000,202000
="079737",30000,23000,7000
="079738",32000,489000,-457000
="079739",0,3000,-3000
="079740",160000,214000,-54000
="079741",125000,69000,56000
="079742",112000,190000,-78000
="079743",3000,350000,-347000
="079745",102000,20000,82000
="079868",3000,20000,-17000
="079871",0,27000,-27000
="079872",0,50000,-50000
="079873",2000,7000,-5000
="079878",32000,82000,-50000
="079961",3000,0,3000
="079979",0,120000,-120000
="079981",27000,120000,-93000
="079982",50000,0,50000
="079983",6000,64000,-58000
="079984",14000,10000,4000
="079985",51000,87000,-36000
="080033",5000,0,5000
="080161",53000,150000,-97000
="080162",0,17000,-17000
="080163",12000,0,12000
="080165",25000,0,25000
="080167",0,21000,-21000
="080168",0,22000,-22000
="080169",0,40000,-40000
="080170",0,125000,-125000
="080171",0,30000,-30000
="080172",25000,0,25000
="080174",10000,10000,0
="080175",0,25000,-25000
="080176",0,20000,-20000
="080177",100000,550000,-450000
="080182",60000,0,60000
="080183",0,30000,-30000
="080185",10000,0,10000
="080186",35000,0,35000
="080205",0,6000,-6000
="080306",10000,0,10000
="080344",40000,65000,-25000
="080345",90000,15000,75000
="080347",11000,0,11000
="080348",3000,0,3000
="080349",43000,125000,-82000
="080351",31000,22000,9000
="080352",0,5000,-5000
="080540",0,120000,-120000
="080541",33000,40000,-7000
="080543",0,122000,-122000
="080544",0,6000,-6000
="080545",56000,208000,-152000
="080546",21000,228000,-207000
="080547",0,135000,-135000
="080594",642000,84000,558000
="080595",25000,4000,21000
="080596",50000,53000,-3000
="080597",9000,4000,5000
="080598",12000,4000,8000
="080599",0,52000,-52000
="080600",30000,3000,27000
="080601",30000,0,30000
="080602",19000,70000,-51000
="080603",100000,38000,62000
="080604",20000,0,20000
="080844",38000,0,38000
="080857",0,13000,-13000
="080859",50000,0,50000
="080860",37000,51000,-14000
="080861",50000,76000,-26000
="080864",20000,188000,-168000
="080867",66000,2000,64000
="080868",106000,23000,83000
="080869",0,3000,-3000
="081018",182000,5000,177000
="081020",0,50000,-50000
="081021",21000,2000,19000
="081024",36000,318000,-282000
="081025",0,491000,-491000
="081026",0,10000,-10000
="081130",3000,10000,-7000
="081163",1000,0,1000
="081213",15000,141000,-126000
="081214",2000,26000,-24000
="081216",85000,0,85000
="081217",35000,2000,33000
="081218",195000,326000,-131000
="081220",100000,110000,-10000
="081221",10000,29000,-19000
="081222",154000,121000,33000
="081223",1000,40000,-39000
="081224",1837000,1330000,507000
="081225",13000,256000,-243000
="081226",4000,25000,-21000
="081227",53000,0,53000
="081228",1000,0,1000
="081229",1000,0,1000
="081230",1000,0,1000
="081231",119000,6000,113000
="081233",0,20000,-20000
="081234",0,5000,-5000
="081235",86000,1000,85000
="081270",0,19000,-19000
="081271",0,3000,-3000
="081272",0,118000,-118000
="081276",129000,90000,39000
="081278",1052000,90000,962000
="081279",100000,200000,-100000
="081280",1000,8000,-7000
="081282",2000,0,2000
="081283",0,145000,-145000
="081285",12000,134000,-122000
="081286",30000,1000,29000
="081287",495000,344000,151000
="081288",20000,0,20000
="081289",363000,125000,238000
="081428",10000,4000,6000
="081429",425000,43000,382000
="081434",60000,3000,57000
="081435",0,30000,-30000
="081436",168000,282000,-114000
="081437",0,100000,-100000
="081438",133000,8000,125000
="081439",15000,50000,-35000
="081440",38000,109000,-71000
="081442",15000,0,15000
="081443",191000,319000,-128000
="081444",30000,1000,29000
="081446",16000,31000,-15000
="081447",106000,206000,-100000
="081448",99000,188000,-89000
="081451",70000,104000,-34000
="081452",20000,10000,10000
="081505",1000,0,1000
="081692",25000,20000,5000
="081707",184000,38000,146000
="081708",463000,462000,1000
="081709",104000,105000,-1000
="081710",6000,222000,-216000
="081711",3395000,302000,3093000
="081712",3658000,498000,3160000
="081714",41000,156000,-115000
="081715",143000,204000,-61000
="081716",167000,13000,154000
="081717",118000,123000,-5000
="081718",5000,83000,-78000
="081719",225000,0,225000
="081720",269000,217000,52000
="081721",166000,153000,13000
="081722",4000,35000,-31000
="081723",307000,563000,-256000
="081724",312000,437000,-125000
="081725",510000,663000,-153000
="081726",8000,149000,-141000
="081727",27000,10000,17000
="081816",36000,0,36000
="081847",0,2000,-2000
="081945",87000,124000,-37000
="081946",134000,97000,37000
="081947",10000,803000,-793000
="081948",10000,10000,0
="081950",5000,55000,-50000
="081951",0,14000,-14000
="081952",20000,364000,-344000
="081953",23000,0,23000
="081954",267000,0,267000
="081955",0,10000,-10000
="081958",20000,0,20000
="081959",466000,840000,-374000
="081999",20000,0,20000
="082003",98000,0,98000
="082041",2000,0,2000
="082123",82000,0,82000
="082124",10000,10000,0
="082125",150000,0,150000
="082127",74000,59000,15000
="082128",1425000,3514000,-2089000
="082129",93000,65000,28000
="082130",230000,6185000,-5955000
="082131",17000,573000,-556000
="082132",64000,129000,-65000
="082133",20000,18000,2000
="082134",1000,1000,0
="082135",160000,55000,105000
="082136",0,51000,-51000
="082137",85000,176000,-91000
="082138",0,231000,-231000
="082139",0,1000,-1000
="082140",217000,358000,-141000
="082141",0,34000,-34000
="082142",0,130000,-130000
="082143",3000,0,3000
="082144",291000,677000,-386000
="082145",207000,0,207000
="082162",0,30000,-30000
="082206",40000,0,40000
="082307",50000,0,50000
="082314",8000,5000,3000
="082315",607000,178000,429000
="082318",63000,71000,-8000
="082319",408000,1906000,-1498000
="082320",3000,116000,-113000
="082321",79000,278000,-199000
="082323",15000,10000,5000
="082324",76000,0,76000
="082325",2000,56000,-54000
="082326",1000,15000,-14000
="082328",2000,1000,1000
="082329",5000,0,5000
="082330",8000,243000,-235000
="082331",622000,192000,430000
="082332",549000,798000,-249000
="082333",366000,105000,261000
="082334",190000,378000,-188000
="082335",211000,80000,131000
="082337",65000,10000,55000
="082338",82000,13000,69000
="082467",230000,0,230000
="082476",0,250000,-250000
="082477",0,39000,-39000
="082478",5000,65000,-60000
="082479",8000,10000,-2000
="082480",1000,0,1000
="082481",878000,2075000,-1197000
="082482",1429000,973000,456000
="082483",4000,0,4000
="082486",100000,5000,95000
="082487",351000,1450000,-1099000
="082488",719000,783000,-64000
="082490",126000,33000,93000
="082491",60000,151000,-91000
="082492",68000,89000,-21000
="082493",77000,186000,-109000
="082494",50000,117000,-67000
="082495",575000,575000,0
="082496",22000,55000,-33000
="082497",22000,0,22000
="082498",121000,0,121000
="082499",72000,65000,7000
="082500",0,25000,-25000
="082501",35000,89000,-54000
="082502",51000,193000,-142000
="082503",22000,285000,-263000
="082533",250000,0,250000
="082555",0,20000,-20000
="082558",303000,248000,55000
="082560",124000,1019000,-895000
="082561",109000,30000,79000
="082562",0,40000,-40000
="082563",758000,667000,91000
="082564",343000,366000,-23000
="082565",10000,0,10000
="082566",0,18000,-18000
="082568",17000,0,17000
="082571",1000,0,1000
="082572",1000,0,1000
="082573",15000,50000,-35000
="082574",552000,105000,447000
="082575",8000,70000,-62000
="082577",50000,0,50000
="082578",34000,33000,1000
="082643",3000,0,3000
="082661",25000,50000,-25000
="082749",0,218000,-218000
="082750",5000,11000,-6000
="082751",0,5000,-5000
="082752",20000,0,20000
="082753",71000,5000,66000
="082754",138000,165000,-27000
="082755",425000,199000,226000
="082756",0,105000,-105000
="082757",3000,28000,-25000
="082758",0,143000,-143000
="082760",0,10000,-10000
="082762",0,10000,-10000
="082763",50000,0,50000
="082764",0,220000,-220000
="082765",13000,5000,8000
="082766",11000,10000,1000
="082767",20000,0,20000
="082768",50000,302000,-252000
="082770",0,134000,-134000
="082771",238000,396000,-158000
="082772",83000,109000,-26000
="082773",378000,1220000,-842000
="082774",237000,55000,182000
="082775",5000,6000,-1000
="082776",0,20000,-20000
="082784",527000,209000,318000
="082785",65000,0,65000
="082788",0,60000,-60000
="082789",100000,0,100000
="082798",178000,89000,89000
="082799",298000,145000,153000
="082834",10000,0,10000
="082838",3000,0,3000
="082883",0,50000,-50000
="082906",1000,0,1000
="082925",1000,1133000,-1132000
="082929",1000,2000,-1000
="082930",138000,41000,97000
="082931",41000,1000,40000
="082932",0,200000,-200000
="082933",2123000,777000,1346000
="082934",294000,441000,-147000
="082935",182000,0,182000
="082937",46000,40000,6000
="082950",777000,400000,377000
="082994",2000,0,2000
="083045",273000,243000,30000
="083061",114000,111000,3000
="083196",0,200000,-200000
="083197",224000,125000,99000
="083198",0,77000,-77000
="083199",484000,2044000,-1560000
="083201",0,20000,-20000
="083202",100000,43000,57000
="083203",100000,107000,-7000
="083204",225000,1688000,-1463000
="083205",2000,1815000,-1813000
="083206",163000,552000,-389000
="083207",290000,1542000,-1252000
="083208",290000,1007000,-717000
="083209",30000,0,30000
="083210",184000,0,184000
="083211",200000,50000,150000
="083212",42000,161000,-119000
="083213",223000,48000,175000
="083214",0,20000,-20000
="083215",0,95000,-95000
="083216",100000,220000,-120000
="083217",84000,43000,41000
="083218",22000,3000,19000
="083219",0,70000,-70000
="083220",7000,0,7000
="083319",0,30000,-30000
="083326",60000,0,60000
="083327",353000,934000,-581000
="083328",16000,368000,-352000
="083329",100000,182000,-82000
="083331",20000,0,20000
="083332",0,90000,-90000
="083333",1000,38000,-37000
="083334",1000,1000,0
="083335",56000,5000,51000
="083336",708000,710000,-2000
="083338",161000,1026000,-865000
="083339",10000,0,10000
="083340",0,86000,-86000
="083341",20000,15000,5000
="083342",353000,470000,-117000
="083343",38000,10000,28000
="083344",25000,11000,14000
="083345",21000,30000,-9000
="083346",0,19000,-19000
="083347",300000,90000,210000
="083348",100000,0,100000
="083349",42000,21000,21000
="083350",1000,127000,-126000
="083429",200000,0,200000
="083460",154000,281000,-127000
="083461",0,4000,-4000
="083462",110000,64000,46000
="083463",71000,633000,-562000
="083464",110000,2015000,-1905000
="083465",70000,208000,-138000
="083471",40000,68000,-28000
="083472",15000,0,15000
="083473",10000,15000,-5000
="083475",0,2000,-2000
="083476",324000,41000,283000
="083477",0,10000,-10000
="083478",40000,45000,-5000
="083479",5000,176000,-171000
="083480",508000,65000,443000
="083665",41000,0,41000
="083666",5000,4000,1000
="083668",439000,421000,18000
="083670",0,10000,-10000
="083672",0,21000,-21000
="083673",0,596000,-596000
="083674",0,51000,-51000
="083675",56000,20000,36000
="083679",0,18000,-18000
="083681",6000,16000,-10000
="083682",5000,45000,-40000
="083684",0,33000,-33000
="083685",95000,45000,50000
="083687",0,1000,-1000
="083688",22000,0,22000
="083689",0,160000,-160000
="083742",60000,0,60000
="083787",102000,116000,-14000
="083788",806000,569000,237000
="083789",135000,22000,113000
="083790",97000,147000,-50000
="083791",172000,120000,52000
="083792",0,4000,-4000
="083793",6000,58000,-52000
="083797",3000,0,3000
="083798",0,50000,-50000
="083799",0,3000,-3000
="084006",10000,622000,-612000
="084009",723000,10000,713000
="084010",7000,417000,-410000
="084011",1000,148000,-147000
="084012",39000,18000,21000
="084013",0,20000,-20000
="084016",30000,312000,-282000
="084018",0,16000,-16000
="084019",0,654000,-654000
="084022",0,48000,-48000
="084025",180000,233000,-53000
="084230",0,953000,-953000
="084231",0,159000,-159000
="084232",0,10000,-10000
="084235",0,2000,-2000
="084237",0,944000,-944000
="084238",0,133000,-133000
="084245",0,5000,-5000
="084247",0,12000,-12000
="084251",0,34000,-34000
="1101",174030,0,174030
="1102",0,2000,-2000
="1104",1000,1,999
="1210",3000,2000,1000
="1215",9,0,9
="1216",4050,413000,-408950
="1218",1000,0,1000
="1219",1,0,1
="1227",5000,2000,3000
="1229",200,0,200
="1232",60,0,60
="1268",0,2000,-2000
="1301",22500,6400,16100
="1303",8500,1000,7500
="1304",57000,141000,-84000
="1305",165000,4000,161000
="1308",0,5000,-5000
="1309",2050,0,2050
="1312",6000,40000,-34000
="1313",0,16000,-16000
="1314",70000,1000,69000
="1315",0,63,-63
="1316",5000,0,5000
="1325",29000,13000,16000
="1326",2000,3256,-1256
="1336",5000,0,5000
="1337",9000,17000,-8000
="1402",4000,4000,0
="1409",0,21000,-21000
="1419",1000,0,1000
="1434",20000,0,20000
="1440",30000,2000,28000
="1444",0,5000,-5000
="1446",5000,0,5000
="1449",1,0,1
="1454",0,5000,-5000
="1456",7000,0,7000
="1460",100,0,100
="1463",118,0,118
="1466",2050,2000,50
="1473",587,0,587
="1476",2000,5000,-3000
="1477",3000,1700,1300
="1503",1,0,1
="1504",1000,0,1000
="1513",56000,15000,41000
="1514",0,2000,-2000
="1519",1000,0,1000
="1524",0,2000,-2000
="1526",1000,1000,0
="1527",0,1000,-1000
="1529",1,0,1
="1530",0,1000,-1000
="1532",26000,0,26000
="1533",108000,169000,-61000
="1536",182002,104000,78002
="1540",0,252,-252
="1568",16000,81000,-65000
="1580",0,2000,-2000
="1582",1,0,1
="1584",45001,0,45001
="1590",4000,4000,0
="1593",2000,2000,0
="1597",16000,14000,2000
="1598",0,11000,-11000
="1605",39000,2000,37000
="1609",5001,2000,3001
="1612",0,3000,-3000
="1701",94000,0,94000
="1702",37000,0,37000
="1707",2000,0,2000
="1711",101,0,101
="1714",10000,0,10000
="1718",2100,1000,1100
="1720",1000,0,1000
="1732",154000,30000,124000
="1733",1,0,1
="1735",1,0,1
="1752",2000,0,2000
="1760",11000,10000,1000
="1762",0,9000,-9000
="1773",2040,2000,40
="1784",1000,0,1000
="1785",25000,218000,-193000
="1802",2020,0,2020
="1813",50,0,50
="1815",0,3000,-3000
="1904",5495,0,5495
="1909",172000,1000,171000
="2002",4100,18000,-13900
="2006",0,500000,-500000
="2009",0,14000,-14000
="2010",24000,4000,20000
="2013",0,3000,-3000
="2014",28000,81000,-53000
="2023",2000,8000,-6000
="2027",29000,15000,14000
="2028",4001,3000,1001
="2038",8000,3000,5000
="2049",5000,65060,-60060
="2061",0,759,-759
="2065",10000,0,10000
="2101",100,0,100
="2104",0,38,-38
="2105",11000,0,11000
="2108",38100,2000,36100
="2109",1,1000,-999
="2201",376000,39000,337000
="2206",1,0,1
="2208",0,3200,-3200
="2231",24000,16000,8000
="2239",3000,0,3000
="2243",0,2000,-2000
="2301",6000,8000,-2000
="2302",0,2000,-2000
="2303",3615960,7061000,-3445040
="2305",0,1000,-1000
="2308",82811,410500,-327689
="2312",3000,0,3000
="2313",36000,33000,3000
="2314",0,2000,-2000
="2316",5187,0,5187
="2317",267665,1020400,-752735
="2323",16000,27000,-11000
="2324",91500,128000,-36500
="2327",30435,132094,-101659
="2328",1103000,1964000,-861000
="2329",53000,60000,-7000
="2330",522303,285166,237137
="2331",37000,49450,-12450
="2332",2,0,2
="2337",1584400,501330,1083070
="2338",3001,0,3001
="2340",52000,14000,38000
="2342",1001,22036,-21035
="2344",441036,283000,158036
="2345",7000,146000,-139000
="2347",0,64000,-64000
="2351",13000,4000,9000
="2352",10000,58000,-48000
="2353",6081202,4397995,1683207
="2354",97000,308891,-211891
="2355",6000,1000,5000
="2356",18000,85000,-67000
="2357",8000,15000,-7000
="2359",12000,0,12000
="2360",2000,18000,-16000
="2362",0,3000,-3000
="2363",1000,5000,-4000
="2367",31000,151000,-120000
="2368",113000,126000,-13000
="2369",70000,60000,10000
="2371",93080,192000,-98920
="2374",8000,10000,-2000
="2375",103000,82000,21000
="2376",35000,12000,23000
="2377",2130,45000,-42870
="2379",7000,56000,-49000
="2382",13000,74426,-61426
="2383",23000,7126,15874
="2385",25000,37000,-12000
="2387",142000,223000,-81000
="2388",4000,2000,2000
="2390",4000,0,4000
="2393",3000,46000,-43000
="2399",0,2000,-2000
="2401",238000,293000,-55000
="2402",27000,5030,21970
="2404",1000,16000,-15000
="2405",1,10000,-9999
="2408",92050,76000,16050
="2409",1039100,3509000,-2469900
="2412",11000,0,11000
="2413",5000,5000,0
="2415",59000,525000,-466000
="2417",7001,4000,3001
="2421",14000,0,14000
="2426",60000,6000,54000
="2428",0,1000,-1000
="2430",1,0,1
="2431",0,2000,-2000
="2436",0,2000,-2000
="2439",1000,2000,-1000
="2441",10004,2000,8004
="2444",10000,0,10000
="2449",146000,90000,56000
="2450",0,1000,-1000
="2454",143370,317000,-173630
="2455",57000,79000,-22000
="2456",54035,40000,14035
="2457",4001,8000,-3999
="2458",44000,53000,-9000
="2460",152000,94000,58000
="2465",21000,0,21000
="2467",67000,2000,65000
="2471",6000,3000,3000
="2472",21000,6000,15000
="2474",10010,36087,-26077
="2476",108000,11000,97000
="2478",1005,2000,-995
="2480",0,10000,-10000
="2481",19001,26000,-6999
="2484",3000,1000,2000
="2485",1,4000,-3999
="2486",1002,1000,2
="2488",2,0,2
="2489",1000,4000,-3000
="2492",55050,40000,15050
="2497",5000,71000,-66000
="2498",5000,10000,-5000
="2504",99000,22000,77000
="2505",3000,14000,-11000
="2515",12021,16000,-3979
="2516",6000,0,6000
="2520",0,2000,-2000
="2527",1000,0,1000
="2534",1024,0,1024
="2535",2,0,2
="2538",20000,0,20000
="2539",1000,0,1000
="2540",2000,0,2000
="2542",6000,0,6000
="2546",2,2000,-1998
="2547",2,0,2
="2601",1000,4000,-3000
="2603",3752000,2055086,1696914
="2605",3000,1000,2000
="2606",2000,2000,0
="2607",0,2000,-2000
="2609",2296000,2860000,-564000
="2610",1535000,379000,1156000
="2611",1000,0,1000
="2615",103000,83000,20000
="2617",5000,5000,0
="2618",563000,144000,419000
="2633",5030,7000,-1970
="2634",0,6000,-6000
="2636",0,459,-459
="2637",1000,0,1000
="2640",6000,0,6000
="2641",14000,14000,0
="2704",1,0,1
="2707",100,0,100
="2722",0,1000,-1000
="2727",92000,2000,90000
="2732",3000,0,3000
="2754",1,1000,-999
="2755",100,0,100
="2801",11031,10330,701
="2809",1000,0,1000
="2823",4250,400000,-395750
="2832",1,0,1
="2834",16000,0,16000
="2841",1000,0,1000
="2845",15000,0,15000
="2851",10000,0,10000
="2855",17000,0,17000
="2867",6000,3000,3000
="2880",18032,1000,17032
="2881",11000,13000,-2000
="2882",42000,167000,-125000
="2883",252000,104000,148000
="2884",52000,4050,47950
="2885",31150,160000,-128850
="2886",100000,0,100000
="2887",4000,0,4000
="2888",237000,50000,187000
="2888B",0,2000,-2000
="2889",8000,93000,-85000
="2890",51001,3000,48001
="2891",2004000,2000,2002000
="2892",11400,0,11400
="2897",3000,0,3000
="2903",1000,3000,-2000
="2906",1000,0,1000
="2912",0,2000,-2000
="2913",5000,1000,4000
="2915",1000,1000,0
="3002",0,1000,-1000
="3003",8000,18000,-10000
="3004",1001,0,1001
="3005",0,3000,-3000
="3006",16000,344000,-328000
="3008",11002,11000,2
="3010",1000,108000,-107000
="3011",0,9000,-9000
="3013",0,130,-130
="3014",0,1000,-1000
="3015",2000,3000,-1000
="3016",14000,259000,-245000
="3017",19000,60000,-41000
="3018",1000,1000,0
="3019",10000,13000,-3000
="3023",0,1000,-1000
="3024",2,0,2
="3026",1000,1000,0
="3029",1000,1000,0
="3031",0,2000,-2000
="3034",23063,82000,-58937
="3035",177000,141000,36000
="3037",142000,291000,-149000
="3041",5002,1000,4002
="3042",68000,39000,29000
="3044",70000,52000,18000
="3045",30,0,30
="3055",20,0,20
="3056",1000,0,1000
="3058",39000,27000,12000
="3059",1430001,842721,587280
="3060",1435,0,1435
="3062",0,2000,-2000
="3066",1000,0,1000
="3071",87000,15833,71167
="3078",3000,3100,-100
="3081",12100,2000,10100
="3083",0,3000,-3000
="3086",0,547,-547
="3090",1000,1000,0
="3092",29000,51000,-22000
="3094",1000,0,1000
="3105",30003,22010,7993
="3114",4000,0,4000
="3122",0,2000,-2000
="3128",60000,47000,13000
="3131",5000,0,5000
="3138",18,12000,-11982
="3141",0,4000,-4000
="3149",2000,85000,-83000
="3152",5000,5000,0
="3163",1,0,1
="3169",58000,69000,-11000
="3178",36000,37000,-1000
="3189",23000,470000,-447000
="3202",0,1000,-1000
="3211",22600,23000,-400
="3213",1,0,1
="3217",53000,35000,18000
="3218",2000,5000,-3000
="3221",1,0,1
="3227",10000,25000,-15000
="3228",52052,34000,18052
="3230",0,2000,-2000
="3231",202000,140000,62000
="3257",0,1000,-1000
="3260",7010,20000,-12990
="3264",2000,52533,-50533
="3272",2000,6000,-4000
="3284",2,0,2
="3287",0,1000,-1000
="3289",1,1000,-999
="3293",21000,25040,-4040
="3296",0,1000,-1000
="3305",81000,82000,-1000
="3311",1,0,1
="3312",2000,0,2000
="3321",1000,0,1000
="3323",796000,129000,667000
="3324",32000,11000,21000
="3325",1,0,1
="3339",0,4000,-4000
="3346",9000,9707,-707
="3356",1,10000,-9999
="3362",55000,3200,51800
="3372",2000,0,2000
="3373",5000,2000,3000
="3374",69050,322000,-252950
="3376",6000,1000,5000
="3380",89200,4000,85200
="3406",23000,20000,3000
="3413",8000,5000,3000
="3432",0,1000,-1000
="3437",3000,11000,-8000
="3441",5000,0,5000
="3443",27000,47000,-20000
="3450",5,11500,-11495
="3466",100,0,100
="3481",359000,3171000,-2812000
="3483",1000,1000,0
="3484",11000,19065,-8065
="3491",7000,0,7000
="3512",4000,0,4000
="3515",0,5000,-5000
="3516",4000,8000,-4000
="3526",6000,0,6000
="3527",4000,2000,2000
="3529",12000,23000,-11000
="3530",1000,1000,0
="3532",0,32000,-32000
="3533",1000,15000,-14000
="3536",131,0,131
="3540",1000,5000,-4000
="3543",0,5000,-5000
="3545",41001,190000,-148999
="3546",3000,7000,-4000
="3548",3000,0,3000
="3551",0,2000,-2000
="3552",308040,398000,-89960
="3557",2000,2000,0
="3567",1,0,1
="3576",4119,5000,-881
="3587",24000,29000,-5000
="3588",0,1000,-1000
="3596",91000,10000,81000
="3597",1000,96000,-95000
="3605",1000,3000,-2000
="3617",0,3000,-3000
="3622",98000,148000,-50000
="3624",0,1000,-1000
="3625",3000,3000,0
="3628",30,0,30
="3630",2000,0,2000
="3653",17000,6000,11000
="3661",19000,27000,-8000
="3665",133000,50400,82600
="3666",2000,0,2000
="3669",39000,42000,-3000
="3673",61020,6000,55020
="3675",5000,1000,4000
="3680",40000,381000,-341000
="3682",3000,0,3000
="3685",0,8000,-8000
="3686",1000,0,1000
="3689",1,1000,-999
="3691",6000,1000,5000
="3702",1000,1000,0
="3703",81000,2000,79000
="3704",41000,26000,15000
="3706",22000,3000,19000
="3707",86001,42000,44001
="3708",1000,1000,0
="3710",201000,2000,199000
="3711",74100,617000,-542900
="3712",1000,0,1000
="3714",51258,256100,-204842
="4102",1002,0,1002
="4105",2000,0,2000
="4107",0,1000,-1000
="4108",0,3000,-3000
="4113",2000,0,2000
="4114",1000,20000,-19000
="4119",0,2000,-2000
="4121",1,0,1
="4123",1,0,1
="4128",1170,5000,-3830
="4129",1,0,1
="4130",8000,1150,6850
="4137",2000,0,2000
="4142",4011,23000,-18989
="4154",0,10000,-10000
="4157",1000,2100,-1100
="4162",3,1000,-997
="4163",0,3000,-3000
="4164",66,0,66
="4167",1,0,1
="4168",1000,96000,-95000
="4171",38000,109000,-71000
="4173",1000,0,1000
="4174",1000,0,1000
="4416",2000,0,2000
="4420",0,639,-639
="4510",1000,0,1000
="4528",4000,0,4000
="4529",0,7000,-7000
="4551",14000,27050,-13050
="4564",7000,2000,5000
="4566",17000,18000,-1000
="4568",0,1000,-1000
="4571",3000,0,3000
="4576",41000,83015,-42015
="4714",0,105000,-105000
="4721",2000,0,2000
="4735",1000,0,1000
="4736",3000,47000,-44000
="4739",3000,1000,2000
="4741",0,1000,-1000
="4743",1000,1000,0
="4746",1000,8000,-7000
="4760",2000,4000,-2000
="4763",5000,2000,3000
="4807",1,0,1
="4904",1015,0,1015
="4909",1000,0,1000
="4912",1000,1000,0
="4915",35000,31000,4000
="4919",51000,2000,49000
="4924",0,6000,-6000
="4927",24000,8000,16000
="4934",1,0,1
="4935",1000,4000,-3000
="4938",409000,413600,-4600
="4939",23000,23000,0
="4942",2000,0,2000
="4943",94000,2000,92000
="4952",0,2000,-2000
="4953",14000,250,13750
="4956",0,2000,-2000
="4958",6000,508000,-502000
="4960",1000,9000,-8000
="4961",185040,205125,-20085
="4966",2000,23000,-21000
="4967",2000,21000,-19000
="4968",40000,46000,-6000
="4972",30,0,30
="4973",0,4000,-4000
="4974",0,2000,-2000
="4976",254000,240000,14000
="4979",2000,0,2000
="4991",2,1000,-998
="4999",1000,0,1000
="5011",0,6000,-6000
="5014",1000,3000,-2000
="5203",5000,2000,3000
="5215",1000,0,1000
="5223",3000,0,3000
="5227",3000,0,3000
="5243",310000,300000,10000
="5263",2000,0,2000
="5269",44000,47000,-3000
="5274",0,3000,-3000
="5278",5000,0,5000
="5283",0,3000,-3000
="5284",0,1000,-1000
="5299",1000,1004,-4
="5306",44200,5000,39200
="5309",6000,21000,-15000
="5315",1,0,1
="5328",4000,0,4000
="5340",1000,0,1000
="5347",28000,121000,-93000
="5356",1,0,1
="5364",0,1000,-1000
="5371",128000,3000,125000
="5388",5,3000,-2995
="5392",0,21,-21
="5432",0,1000,-1000
="5439",27000,27000,0
="5443",3001,9000,-5999
="5457",1000,6000,-5000
="5469",12000,2000,10000
="5471",52000,53000,-1000
="5478",1000,0,1000
="5483",13110,13000,110
="5484",0,1000,-1000
="5498",0,28000,-28000
="5529",2000,15000,-13000
="5531",1,0,1
="5608",2309,1000,1309
="5609",1000,0,1000
="5871",5100,1000,4100
="5871A",0,1000,-1000
="5876",5000,0,5000
="5880",27000,0,27000
="5905",1,9000,-8999
="6005",2000,0,2000
="6015",2000,0,2000
="6024",70,0,70
="6104",3001,8000,-4999
="6108",0,1000,-1000
="6113",0,100,-100
="6115",0,2000,-2000
="6116",476040,316000,160040
="6121",0,12,-12
="6123",1000,0,1000
="6124",0,1000,-1000
="6125",24000,236000,-212000
="6126",18001,20000,-1999
="6129",2000,0,2000
="6138",1000,0,1000
="6139",0,5000,-5000
="6147",8001,12000,-3999
="6150",6000,0,6000
="6153",4006,31080,-27074
="6155",0,4000,-4000
="6158",0,1000,-1000
="6164",1,0,1
="6166",40000,5000,35000
="6167",0,30000,-30000
="6170",0,2000,-2000
="6173",0,1000,-1000
="6175",3000,4000,-1000
="6176",3000,7000,-4000
="6180",1000,1000,0
="6182",105001,128000,-22999
="6183",1,0,1
="6185",2000,1480,520
="6187",7000,3000,4000
="6188",18000,13000,5000
="6190",0,5000,-5000
="6191",36000,4000,32000
="6196",7000,13000,-6000
="6201",0,1000,-1000
="6202",1100,0,1100
="6203",4000,51000,-47000
="6205",6000,0,6000
="6208",27000,5000,22000
="6209",5000,59000,-54000
="6215",68000,3000,65000
="6217",0,1000,-1000
="6219",70000,0,70000
="6223",14000,31000,-17000
="6224",12000,0,12000
="6226",0,2000,-2000
="6229",0,7000,-7000
="6230",2000,0,2000
="6231",1000,3000,-2000
="6233",33001,0,33001
="6235",1,0,1
="6237",139000,102000,37000
="6239",19000,46000,-27000
="6244",2000,4000,-2000
="6245",0,12000,-12000
="6251",6000,6000,0
="6257",7000,31000,-24000
="6261",7000,7000,0
="6269",7000,1000,6000
="6271",37000,25000,12000
="6274",25000,1000,24000
="6278",33000,4000,29000
="6279",33000,51000,-18000
="6282",21000,7000,14000
="6283",0,170,-170
="6284",1000,0,1000
="6285",10000,8000,2000
="6288",10000,0,10000
="6290",60000,0,60000
="6411",0,3000,-3000
="6412",5000,1000,4000
="6414",3000,13040,-10040
="6416",0,1000,-1000
="6417",24000,4000,20000
="6426",1000,0,1000
="6435",0,2000,-2000
="6438",0,6000,-6000
="6441",1000,1000,0
="6443",48010,23000,25010
="6446",2000,1000,1000
="6456",10000,41000,-31000
="6462",2012,1000,1012
="6472",103000,9000,94000
="6477",0,1000,-1000
="6485",3000,116000,-113000
="6488",12000,34000,-22000
="6491",16000,3000,13000
="6494",0,3000,-3000
="6496",1000,1000,0
="6504",1050,3000,-1950
="6505",1000,0,1000
="6509",1,0,1
="6510",0,1000,-1000
="6516",0,8000,-8000
="6525",11000,39000,-28000
="6531",96061,50000,46061
="6533",46000,28150,17850
="6538",0,2000,-2000
="6541",4000,0,4000
="6542",25000,27000,-2000
="6547",10000,0,10000
="6548",0,3000,-3000
="6573",0,5000,-5000
="6576",201,1000,-799
="6582",1000,0,1000
="6589",12000,0,12000
="6591",0,4000,-4000
="6594",0,1000,-1000
="6603",0,2000,-2000
="6605",0,2000,-2000
="6640",1000,36000,-35000
="6643",7000,6000,1000
="6668",0,2000,-2000
="6669",7000,11000,-4000
="6672",3000,12000,-9000
="6679",0,1000,-1000
="6683",1000,1000,0
="6706",6000,12000,-6000
="6715",0,1000,-1000
="6732",3030,0,3030
="6733",3080,1000,2080
="6743",394100,21500,372600
="6747",71000,9000,62000
="6751",0,1000,-1000
="6756",1000,0,1000
="711562",336000,20000,316000
="711701",0,151000,-151000
="711702",8000,10000,-2000
="711867",0,3000,-3000
="712014",2000,0,2000
="712017",5000,0,5000
="712018",0,30000,-30000
="712193",15000,0,15000
="712363",2000,0,2000
="712369",60000,0,60000
="712370",51000,20000,31000
="712372",0,15000,-15000
="712503",80000,0,80000
="712504",0,10000,-10000
="712605",1000,0,1000
="712612",108000,61000,47000
="712615",100000,0,100000
="712616",10000,0,10000
="712630",20000,0,20000
="712916",373000,98000,275000
="712922",4000,7000,-3000
="712978",0,43000,-43000
="712979",10000,20000,-10000
="712980",7000,0,7000
="712981",166000,380000,-214000
="713073",52000,0,52000
="713182",45000,10000,35000
="713183",50000,0,50000
="713184",10000,0,10000
="713327",0,5000,-5000
="713352",0,5000,-5000
="713388",10000,0,10000
="713404",0,50000,-50000
="713514",0,115000,-115000
="713515",170000,542000,-372000
="713517",65000,0,65000
="713545",20000,14000,6000
="713589",30000,20000,10000
="713653",0,30000,-30000
="713675",315000,786000,-471000
="713833",5000,0,5000
="713888",2495000,0,2495000
="713979",0,2000,-2000
="714012",20000,0,20000
="714030",0,3000,-3000
="714154",0,70000,-70000
="714155",0,40000,-40000
="714211",0,12000,-12000
="714214",0,1000,-1000
="714237",9000,0,9000
="714238",0,19000,-19000
="714272",83000,53000,30000
="714366",360000,20000,340000
="714367",0,50000,-50000
="714384",13000,0,13000
="714431",111000,15000,96000
="714489",15000,0,15000
="714513",91000,74000,17000
="714516",164000,340000,-176000
="714517",11000,0,11000
="714518",31000,40000,-9000
="714562",0,7000,-7000
="714620",60000,10000,50000
="714649",10000,0,10000
="714685",17000,1000,16000
="714686",20000,0,20000
="714712",1000,230000,-229000
="714713",0,28000,-28000
="714714",0,100000,-100000
="714742",0,40000,-40000
="714795",19000,13000,6000
="714806",15000,0,15000
="714856",126000,0,126000
="714858",19000,0,19000
="714859",26000,0,26000
="714887",30000,0,30000
="714889",75000,67000,8000
="714922",12000,0,12000
="714949",30000,0,30000
="715011",7000,0,7000
="715013",20000,0,20000
="715065",3000,0,3000
="715066",0,161000,-161000
="715067",20000,20000,0
="715070",5000,47000,-42000
="715071",1000,0,1000
="715072",105000,19000,86000
="715073",0,16000,-16000
="715116",1000,0,1000
="715118",0,182000,-182000
="715131",0,50000,-50000
="715158",0,40000,-40000
="715159",423000,381000,42000
="715161",0,10000,-10000
="715163",50000,0,50000
="715181",50000,2000,48000
="715222",0,20000,-20000
="715239",11000,4000,7000
="715250",50000,145000,-95000
="715286",0,10000,-10000
="715356",0,1000,-1000
="715417",0,9000,-9000
="715478",0,236000,-236000
="715553",150000,54000,96000
="715656",45000,0,45000
="715657",28000,5000,23000
="715658",28000,0,28000
="715659",254000,20000,234000
="715661",10000,200000,-190000
="715662",184000,35000,149000
="715691",0,88000,-88000
="715694",0,50000,-50000
="715743",1000,0,1000
="715780",120000,0,120000
="715781",0,20000,-20000
="715813",214000,228000,-14000
="715815",2000,0,2000
="715850",51000,0,51000
="715901",54000,0,54000
="715935",20000,140000,-120000
="715971",380000,180000,200000
="716032",586000,10000,576000
="716034",5000,0,5000
="716036",1000,0,1000
="716037",5000,7000,-2000
="716110",12000,0,12000
="716112",20000,10000,10000
="716137",27000,20000,7000
="716252",0,90000,-90000
="716281",100000,0,100000
="716295",265000,5000,260000
="716296",131000,51000,80000
="716297",187000,0,187000
="716298",65000,61000,4000
="716299",491000,417000,74000
="716300",8000,0,8000
="716367",1000,0,1000
="716368",18000,6000,12000
="716369",19000,15000,4000
="716370",210000,225000,-15000
="716499",20000,0,20000
="716535",30000,0,30000
="716590",50000,10000,40000
="716591",64000,0,64000
="716592",41000,0,41000
="716594",417000,42000,375000
="716596",4000,11000,-7000
="716668",0,50000,-50000
="716677",16000,20000,-4000
="716759",20000,0,20000
="716760",2000,0,2000
="716816",10000,0,10000
="716837",10000,97000,-87000
="716838",2000,0,2000
="716905",165000,3000,162000
="716907",235000,355000,-120000
="716908",284000,56000,228000
="716953",0,2000,-2000
="716954",357000,11000,346000
="716955",0,100000,-100000
="716956",436000,261000,175000
="716957",0,13000,-13000
="716958",0,91000,-91000
="716997",194000,279000,-85000
="717000",0,200000,-200000
="717086",339000,15000,324000
="717088",0,40000,-40000
="717101",6000,1000,5000
="717102",30000,16000,14000
="717139",46000,0,46000
="717203",29000,40000,-11000
="717204",497000,492000,5000
="717205",0,5000,-5000
="717207",10000,20000,-10000
="717208",247000,5000,242000
="717210",26000,37000,-11000
="717305",308000,30000,278000
="717310",0,2000,-2000
="717311",105000,16000,89000
="717321",0,55000,-55000
="717352",61000,20000,41000
="717353",257000,232000,25000
="717354",0,10000,-10000
="717356",0,10000,-10000
="717359",0,5000,-5000
="717360",132000,5000,127000
="717361",1000,0,1000
="717363",208000,342000,-134000
="717364",50000,0,50000
="717365",30000,35000,-5000
="717420",0,41000,-41000
="717459",30000,2000,28000
="717460",16000,5000,11000
="717461",747000,1492000,-745000
="717462",250000,300000,-50000
="717463",80000,0,80000
="717464",17000,33000,-16000
="717465",19000,0,19000
="717466",141000,0,141000
="717468",499000,858000,-359000
="717469",35000,14000,21000
="717474",10000,0,10000
="717476",10000,0,10000
="717500",190000,0,190000
="717509",25000,3000,22000
="717513",24000,20000,4000
="717514",102000,198000,-96000
="717516",48000,0,48000
="717518",191000,196000,-5000
="717520",75000,0,75000
="717522",36000,111000,-75000
="717523",40000,0,40000
="717524",312000,87000,225000
="717525",4000,6000,-2000
="717526",0,8000,-8000
="717531",10000,25000,-15000
="717566",4000,0,4000
="717568",10000,0,10000
="717569",0,5000,-5000
="717570",83000,172000,-89000
="717601",180000,112000,68000
="717602",275000,18000,257000
="717604",9000,0,9000
="717605",40000,0,40000
="717606",20000,0,20000
="717607",2000,205000,-203000
="717609",37000,12000,25000
="717635",195000,0,195000
="717636",100000,52000,48000
="717639",46000,190000,-144000
="717640",246000,10000,236000
="717641",50000,100000,-50000
="717642",60000,0,60000
="717649",0,35000,-35000
="717683",121000,100000,21000
="717685",32000,24000,8000
="717686",0,5000,-5000
="717687",17000,32000,-15000
="717688",0,242000,-242000
="717689",143000,0,143000
="717735",179000,215000,-36000
="717736",149000,270000,-121000
="717738",12000,46000,-34000
="717739",9000,6000,3000
="717740",9000,106000,-97000
="717741",60000,30000,30000
="717742",50000,95000,-45000
="717773",25000,0,25000
="717774",95000,2000,93000
="717775",80000,58000,22000
="717776",0,130000,-130000
="717777",28000,13000,15000
="717779",51000,30000,21000
="717780",80000,2000,78000
="717815",69000,245000,-176000
="717816",464000,317000,147000
="717817",27000,17000,10000
="717818",98000,77000,21000
="717819",35000,13000,22000
="717860",88000,1000,87000
="717862",0,5000,-5000
="717918",13000,200000,-187000
="717950",0,65000,-65000
="717952",226000,0,226000
="717953",173000,392000,-219000
="717954",9000,0,9000
="717955",6000,0,6000
="717957",707000,787000,-80000
="717959",48000,194000,-146000
="717960",0,13000,-13000
="717961",0,2000,-2000
="717962",52000,752000,-700000
="717963",10000,51000,-41000
="718039",26000,0,26000
="718040",0,217000,-217000
="718041",145000,36000,109000
="718042",300000,250000,50000
="718043",61000,0,61000
="718044",132000,0,132000
="718046",0,570000,-570000
="718093",29000,0,29000
="718094",15000,10000,5000
="718096",0,30000,-30000
="718098",93000,52000,41000
="718099",0,21000,-21000
="718101",101000,0,101000
="718102",153000,5000,148000
="718103",121000,102000,19000
="718104",0,15000,-15000
="718179",0,1000,-1000
="718218",0,10000,-10000
="718221",0,29000,-29000
="73597P",350000,0,350000
="73604P",3000,0,3000
="73653P",120000,1000,119000
="73655P",205000,30000,175000
="73675P",1000,0,1000
="73691P",17000,19000,-2000
="73692P",8000,9000,-1000
="73693P",31000,18000,13000
="73717P",0,1000,-1000
="73719P",0,1000,-1000
="73729P",44000,33000,11000
="73731P",10000,0,10000
="73747P",10000,0,10000
="73748P",0,51000,-51000
="73753P",100000,0,100000
="73754P",34000,17000,17000
="73755P",13000,52000,-39000
="73764P",15000,10000,5000
="73774P",111000,15000,96000
="73796P",10000,0,10000
="73799P",784000,782000,2000
="73803P",171000,189000,-18000
="73804P",3000,10000,-7000
="73805P",2475000,3075000,-600000
="73806P",460000,0,460000
="73809P",35000,1000,34000
="73826P",45000,15000,30000
="73833P",15000,3000,12000
="73837P",100000,0,100000
="73838P",103000,48000,55000
="73839P",0,3000,-3000
="7556",28000,13000,15000
="8016",36000,5000,31000
="8024",218000,364000,-146000
="8027",0,3000,-3000
="8033",1000,1000,0
="8039",1,0,1
="8042",1000,1000,0
="8043",0,1000,-1000
="8044",22000,11000,11000
="8046",176080,195000,-18920
="8050",1,0,1
="8054",35000,207000,-172000
="8059",0,5000,-5000
="8064",0,1000,-1000
="8066",1,0,1
="8069",189000,126000,63000
="8070",12000,5000,7000
="8076",0,1000,-1000
="8081",0,5000,-5000
="8084",2000,1000,1000
="8085",2,0,2
="8086",13031,58000,-44969
="8088",0,1000,-1000
="8089",0,3000,-3000
="8093",2000,1000,1000
="8101",0,1000,-1000
="8110",0,2000,-2000
="8112",0,113000,-113000
="8121",2000,7000,-5000
="8150",11000,3000,8000
="8163",1000,0,1000
="8171",0,2000,-2000
="8176",1,125,-124
="8183",8000,14000,-6000
="8210",1000,1000,0
="8213",1000,0,1000
="8215",7000,17000,-10000
="8222",1100,900,200
="8234",100,0,100
="8255",0,25000,-25000
="8261",3000,0,3000
="8271",1,2000,-1999
="8277",0,1000,-1000
="8299",2150,3000,-850
="8358",337000,220000,117000
="8403",2000,1000,1000
="8422",2,0,2
="8436",4000,2000,2000
="8454",1015,1000,15
="8472",1000,0,1000
="8905",1,0,1
="8924",3000,3000,0
="8929",1000,1000,0
="8996",2000,0,2000
="9103",19000,1000,18000
="910322",0,4000,-4000
="9105",2000,0,2000
="912398",307,0,307
="9802",1000,0,1000
="9904",4000,39000,-35000
="9907",0,1000,-1000
="9910",0,35000,-35000
="9912",1,0,1
="9914",74000,17000,57000
="9919",1001,1000,1
="9921",1100,0,1100
="9934",0,27000,-27000
="9938",23000,6000,17000
="9945",2000,9000,-7000
="9958",19000,28000,-9000
