="0050",104305,138100,-33795
="0052",30000,0,30000
="0056",24371,2014,22357
="006208",241001,240000,1001
="00631L",0,1,-1
="00632R",1921000,900000,1021000
="00633L",304000,37000,267000
="00636",500,0,500
="00637L",724000,103000,621000
="00638R",69000,0,69000
="00640L",0,30000,-30000
="00642U",14000,31000,-17000
="00650L",26000,5000,21000
="00652",3000,0,3000
="00655L",12000,0,12000
="00664R",0,2000,-2000
="00670L",2000,0,2000
="00671R",0,30000,-30000
="00676R",10000,0,10000
="00677U",28000,145000,-117000
="00682U",0,2000,-2000
="00683L",3000,3000,0
="00687B",50000,50000,0
="00688L",50000,50000,0
="00689R",50000,50000,0
="00692",1070,1000,70
="00693U",39000,0,39000
="00694B",50000,50000,0
="00695B",50000,50000,0
="00696B",100000,100000,0
="00697B",50000,50000,0
="00701",1000,0,1000
="00708L",6000,0,6000
="00715L",1097000,13000,1084000
="00719B",50000,50000,0
="00720B",50000,50000,0
="00721B",50000,50000,0
="00722B",50000,53000,-3000
="00723B",50000,51000,-1000
="00724B",50000,50000,0
="00728",2000,7000,-5000
="00735",0,2000,-2000
="00738U",0,36000,-36000
="00740B",25000,25000,0
="00741B",25000,25000,0
="00745B",25000,25000,0
="00746B",25000,25000,0
="00751B",50000,50000,0
="00752",3000,100,2900
="00754B",50000,51000,-1000
="00755B",51000,51000,0
="00756B",50000,50000,0
="00757",1,2000,-1999
="00762",120000,100000,20000
="00764B",51000,50000,1000
="00765B",50000,50000,0
="00772B",70000,71000,-1000
="00773B",70000,70000,0
="00784B",25000,25000,0
="00785B",25000,25000,0
="00795B",70000,71000,-1000
="00796B",70000,70000,0
="00847B",70000,70000,0
="00848B",70000,70000,0
="00849B",70000,70000,0
="00861",0,1000,-1000
="00862B",70000,70000,0
="00863B",70000,70000,0
="00864B",70000,70000,0
="00868B",52000,52000,0
="00869B",50000,50000,0
="00870B",50000,50000,0
="00871B",52000,50000,2000
="00876",3000,154000,-151000
="00878",5000,151000,-146000
="00881",12219015,2820000,9399015
="020011",13000,7000,6000
="020016",1000,3000,-2000
="020018",38000,11000,27000
="020019",372000,134000,238000
="02001B",1000,0,1000
="020021",515000,1404000,-889000
="020022",12000,0,12000
="03049P",0,167000,-167000
="03135P",0,60000,-60000
="03173P",0,590000,-590000
="03732P",3000,0,3000
="03771P",20000,20000,0
="03859P",202000,0,202000
="03985P",160000,0,160000
="04126P",50000,30000,20000
="04305P",0,20000,-20000
="04343P",0,2000,-2000
="04513P",678000,278000,400000
="04566P",4000,0,4000
="04594P",0,5000,-5000
="04674P",75000,0,75000
="04686P",100000,100000,0
="04729P",173000,389000,-216000
="04732P",100000,300000,-200000
="04826P",421000,138000,283000
="04827P",13000,38000,-25000
="04828P",0,20000,-20000
="04859P",3000,0,3000
="04860P",0,122000,-122000
="04861P",3000,0,3000
="04937P",60000,0,60000
="04985P",8000,615000,-607000
="04995P",396000,0,396000
="04997P",60000,0,60000
="04998P",20000,0,20000
="05006P",42000,230000,-188000
="05070P",30000,0,30000
="05104P",26000,6000,20000
="05128P",39000,18000,21000
="05129P",19000,0,19000
="05143P",45000,80000,-35000
="05144P",23000,0,23000
="05161P",34000,101000,-67000
="05162P",10000,0,10000
="05237P",19000,6000,13000
="05259P",2000,0,2000
="05297P",50000,130000,-80000
="05298P",0,20000,-20000
="05299P",83000,9000,74000
="05300P",42000,36000,6000
="05342P",0,35000,-35000
="05422P",15000,0,15000
="05469P",17000,0,17000
="05481P",166000,0,166000
="05482P",48000,30000,18000
="05500P",22000,10000,12000
="05585P",0,280000,-280000
="05594P",197000,542000,-345000
="05595P",180000,160000,20000
="05632P",69000,30000,39000
="05641P",10000,0,10000
="05668P",9000,0,9000
="05697P",531000,26000,505000
="05698P",31000,127000,-96000
="05699P",10000,4000,6000
="05703P",100000,0,100000
="05707P",180000,5000,175000
="05714P",0,5000,-5000
="05749P",7000,0,7000
="05750P",1000,30000,-29000
="05774P",0,150000,-150000
="05776P",151000,324000,-173000
="05777P",541000,276000,265000
="05786P",65000,0,65000
="05829P",3000,0,3000
="05844P",30000,0,30000
="05858P",18000,80000,-62000
="05906P",61000,35000,26000
="05907P",62000,43000,19000
="05908P",13000,119000,-106000
="05973P",0,25000,-25000
="060342",46000,0,46000
="062122",5000,3000,2000
="062129",20000,0,20000
="062689",1000,0,1000
="063057",95000,274000,-179000
="063198",4000,0,4000
="063201",32000,0,32000
="063209",10000,0,10000
="063439",100000,0,100000
="063444",105000,25000,80000
="063536",200000,0,200000
="063668",10000,0,10000
="063926",20000,1000,19000
="064039",30000,0,30000
="064047",0,46000,-46000
="064057",408000,210000,198000
="064137",30000,0,30000
="064162",70000,0,70000
="064241",1000,0,1000
="064242",40000,0,40000
="064370",213000,0,213000
="064447",20000,0,20000
="064462",20000,0,20000
="064710",5000,20000,-15000
="064713",0,5000,-5000
="064718",10000,0,10000
="064719",361000,0,361000
="064720",51000,0,51000
="064724",499000,100000,399000
="064725",42000,0,42000
="064821",3000,0,3000
="064835",0,5000,-5000
="064917",5000,0,5000
="064919",30000,0,30000
="064921",1000,0,1000
="064925",25000,10000,15000
="064927",1000,0,1000
="064929",5000,0,5000
="065187",2000,0,2000
="065297",1000,0,1000
="065451",0,300000,-300000
="065537",14000,0,14000
="065677",2000,0,2000
="065678",3000,0,3000
="065679",92000,46000,46000
="065686",10000,225000,-215000
="065888",18000,0,18000
="065889",17000,20000,-3000
="065891",20000,3000,17000
="065892",2000,0,2000
="065930",1000,0,1000
="065945",50000,0,50000
="065946",0,10000,-10000
="065950",8000,0,8000
="065952",8000,0,8000
="065957",20000,0,20000
="066009",10000,0,10000
="066099",100000,0,100000
="066198",1000,10000,-9000
="066200",15000,0,15000
="066201",120000,0,120000
="066203",169000,79000,90000
="066205",60000,0,60000
="066216",5000,0,5000
="066456",27000,0,27000
="066458",20000,0,20000
="066460",0,136000,-136000
="066462",1410000,10000,1400000
="066471",52000,110000,-58000
="066524",12000,80000,-68000
="066525",0,14000,-14000
="066526",380000,343000,37000
="066527",40000,0,40000
="066529",10000,3000,7000
="067147",1000,5000,-4000
="067149",10000,20000,-10000
="067150",145000,23000,122000
="067151",23000,0,23000
="067275",15000,12000,3000
="067276",10000,0,10000
="067278",40000,0,40000
="067368",98000,300000,-202000
="067371",34000,0,34000
="067372",0,1000,-1000
="067373",0,33000,-33000
="067378",0,20000,-20000
="067383",0,3000,-3000
="067503",50000,5000,45000
="067505",1000,0,1000
="067508",5000,0,5000
="067510",41000,50000,-9000
="067514",0,60000,-60000
="067515",25000,0,25000
="067516",0,53000,-53000
="067767",0,10000,-10000
="067768",40000,1000,39000
="067770",2000,2000,0
="067774",50000,10000,40000
="067831",1000,0,1000
="067832",1000,0,1000
="067834",3000,0,3000
="067835",20000,10000,10000
="067836",0,50000,-50000
="068045",115000,0,115000
="068046",2000,20000,-18000
="068047",0,1000,-1000
="068048",140000,0,140000
="068056",16000,0,16000
="068128",10000,0,10000
="068129",250000,40000,210000
="068131",17000,0,17000
="068217",6000,0,6000
="068219",4000,0,4000
="068220",1043000,233000,810000
="068221",291000,241000,50000
="068223",46000,200000,-154000
="068224",16000,17000,-1000
="068257",2000,0,2000
="068383",10000,40000,-30000
="068386",0,4000,-4000
="068390",73000,166000,-93000
="068391",50000,0,50000
="068396",16000,0,16000
="068397",200000,0,200000
="068510",10000,10000,0
="068511",122000,6000,116000
="068512",17000,137000,-120000
="068513",1000,0,1000
="068514",25000,60000,-35000
="068515",4000,20000,-16000
="068516",375000,54000,321000
="068519",4000,0,4000
="068521",0,71000,-71000
="068594",1000,0,1000
="068595",0,13000,-13000
="068669",0,10000,-10000
="068670",3890000,1708000,2182000
="068671",14000,0,14000
="068672",221000,42000,179000
="068673",45000,1000,44000
="068674",342000,0,342000
="068765",0,1000,-1000
="068767",26000,30000,-4000
="068769",350000,118000,232000
="068843",11000,17000,-6000
="068844",1000,0,1000
="068849",4000,50000,-46000
="068850",10000,0,10000
="068851",41000,425000,-384000
="068852",0,132000,-132000
="068854",202000,0,202000
="068884",120000,0,120000
="068887",0,100000,-100000
="069038",20000,0,20000
="069095",40000,55000,-15000
="069096",3000,66000,-63000
="069097",138000,28000,110000
="069098",10000,0,10000
="069099",2000,154000,-152000
="069104",5000,0,5000
="069105",8000,0,8000
="069106",49000,5000,44000
="069190",120000,252000,-132000
="069192",0,23000,-23000
="069193",356000,58000,298000
="069261",0,15000,-15000
="069397",21000,472000,-451000
="069402",81000,58000,23000
="069404",0,20000,-20000
="069409",37000,67000,-30000
="069412",270000,0,270000
="069414",2649000,1039000,1610000
="069415",10000,0,10000
="069416",1666000,525000,1141000
="069446",15000,20000,-5000
="069448",38000,3000,35000
="069449",100000,0,100000
="069450",45000,5000,40000
="069453",20000,0,20000
="069612",106000,137000,-31000
="069618",441000,238000,203000
="069619",6000,6000,0
="069622",11000,10000,1000
="069691",1288000,317000,971000
="069693",5000,0,5000
="069810",1000,0,1000
="069824",80000,32000,48000
="069927",20000,3000,17000
="069930",0,104000,-104000
="069936",10000,0,10000
="069949",0,10000,-10000
="070133",122000,124000,-2000
="070134",492000,3185000,-2693000
="070135",87000,40000,47000
="070136",5000,333000,-328000
="070138",15000,11000,4000
="070139",30000,35000,-5000
="070147",25000,50000,-25000
="070148",0,45000,-45000
="070149",998000,0,998000
="070250",1000,2000,-1000
="070252",208000,194000,14000
="070255",0,100000,-100000
="070372",1000,0,1000
="070376",4000,5000,-1000
="070426",0,110000,-110000
="070428",5000,12000,-7000
="070431",25000,2000,23000
="070432",50000,0,50000
="070444",3000,62000,-59000
="070445",46000,216000,-170000
="070530",5000,2000,3000
="070531",50000,15000,35000
="070533",0,700000,-700000
="070536",1000,0,1000
="070538",0,127000,-127000
="070539",0,12000,-12000
="070606",60000,0,60000
="070608",14000,2000,12000
="070609",5000,0,5000
="070735",20000,0,20000
="070738",1697000,0,1697000
="070800",10000,0,10000
="070857",8000,30000,-22000
="070858",0,1000,-1000
="070859",20000,0,20000
="070860",0,334000,-334000
="070861",10000,0,10000
="070862",124000,99000,25000
="070864",0,14000,-14000
="070866",0,4000,-4000
="071125",3000,6000,-3000
="071127",2000,20000,-18000
="071130",1000,0,1000
="071131",50000,0,50000
="071209",0,20000,-20000
="071214",0,10000,-10000
="071218",50000,0,50000
="071220",12000,56000,-44000
="071221",40000,0,40000
="071224",5000,0,5000
="071226",11000,0,11000
="071227",0,81000,-81000
="071319",0,54000,-54000
="071321",6000,0,6000
="071334",32000,0,32000
="071335",0,10000,-10000
="071445",31000,0,31000
="071446",5000,504000,-499000
="071447",0,110000,-110000
="071448",0,23000,-23000
="071568",4000,112000,-108000
="071572",254000,10000,244000
="071704",15000,0,15000
="071708",0,2000,-2000
="071710",0,178000,-178000
="071750",30000,0,30000
="071845",0,2000,-2000
="071890",0,30000,-30000
="071987",0,1000,-1000
="071999",53000,30000,23000
="072046",10000,4000,6000
="072047",5000,40000,-35000
="072051",56000,55000,1000
="072122",30000,13000,17000
="072123",0,2000,-2000
="072300",150000,0,150000
="072303",0,10000,-10000
="072305",0,31000,-31000
="072310",57000,0,57000
="072311",0,1000,-1000
="072313",20000,1000,19000
="072404",112000,57000,55000
="072409",31000,53000,-22000
="072410",101000,312000,-211000
="072411",30000,0,30000
="072412",50000,20000,30000
="072462",0,2000,-2000
="072482",50000,0,50000
="072556",3000,0,3000
="072557",0,185000,-185000
="072559",6000,41000,-35000
="072560",50000,0,50000
="072561",0,27000,-27000
="072562",25000,176000,-151000
="072566",50000,0,50000
="072570",1000,0,1000
="072625",170000,100000,70000
="072634",19000,14000,5000
="072638",0,108000,-108000
="072669",0,5000,-5000
="072710",20000,0,20000
="072711",20000,20000,0
="072712",20000,0,20000
="072810",10000,0,10000
="072812",20000,7000,13000
="072813",0,5000,-5000
="072964",619000,0,619000
="072965",30000,0,30000
="072966",16000,66000,-50000
="072968",2000,1000,1000
="072971",1000,5000,-4000
="072972",4000,121000,-117000
="072973",16000,46000,-30000
="073027",398000,92000,306000
="073031",110000,150000,-40000
="073036",0,5000,-5000
="073037",27000,14000,13000
="073038",27000,68000,-41000
="073039",131000,20000,111000
="073094",5000,0,5000
="073096",16000,3000,13000
="073100",5000,0,5000
="073101",10000,0,10000
="073102",14000,75000,-61000
="073104",37000,71000,-34000
="073105",149000,841000,-692000
="073106",189000,442000,-253000
="073377",5000,477000,-472000
="073383",7000,22000,-15000
="073384",10000,10000,0
="073386",10000,0,10000
="073388",10000,163000,-153000
="073390",0,10000,-10000
="073489",1000,0,1000
="073490",0,16000,-16000
="073493",0,130000,-130000
="073502",202000,210000,-8000
="073503",0,10000,-10000
="073504",0,11000,-11000
="073577",0,32000,-32000
="073615",0,10000,-10000
="073616",30000,35000,-5000
="073678",0,699000,-699000
="073737",0,26000,-26000
="073739",2000,0,2000
="073740",0,30000,-30000
="073741",4000,31000,-27000
="073743",3000,0,3000
="073745",10000,11000,-1000
="073747",24000,0,24000
="073748",0,23000,-23000
="073797",0,30000,-30000
="073808",109000,10000,99000
="073809",20000,250000,-230000
="073810",16000,10000,6000
="073811",1000,124000,-123000
="073813",0,26000,-26000
="073982",30000,108000,-78000
="073984",17000,145000,-128000
="074020",0,5000,-5000
="074062",0,10000,-10000
="074065",12000,0,12000
="074067",0,14000,-14000
="074068",0,10000,-10000
="074069",0,17000,-17000
="074107",30000,300000,-270000
="074167",5000,4000,1000
="074168",33000,66000,-33000
="074171",5000,0,5000
="074257",391000,243000,148000
="074258",5000,100000,-95000
="074292",0,10000,-10000
="074343",0,16000,-16000
="074347",43000,0,43000
="074349",23000,8000,15000
="074350",249000,10000,239000
="074351",14000,20000,-6000
="074352",380000,780000,-400000
="074353",1000,5000,-4000
="074354",34000,109000,-75000
="074378",20000,0,20000
="074412",100000,0,100000
="074444",0,40000,-40000
="074447",40000,29000,11000
="074448",3000,30000,-27000
="074449",20000,0,20000
="074450",21000,10000,11000
="074453",10000,581000,-571000
="074454",11000,3000,8000
="074491",3000,0,3000
="074495",0,19000,-19000
="074498",0,50000,-50000
="074499",20000,5000,15000
="074546",0,30000,-30000
="074680",14000,0,14000
="074681",0,20000,-20000
="074684",0,40000,-40000
="074685",22000,0,22000
="074686",54000,2000,52000
="074687",18000,19000,-1000
="074690",2000,0,2000
="074783",1000,0,1000
="074786",19000,28000,-9000
="074787",24000,146000,-122000
="074788",14000,20000,-6000
="074789",14000,26000,-12000
="074790",28000,77000,-49000
="074791",7000,73000,-66000
="074794",27000,5000,22000
="074796",0,2000,-2000
="074798",0,3000,-3000
="074802",0,56000,-56000
="074803",0,20000,-20000
="074804",0,10000,-10000
="074806",0,10000,-10000
="074807",6000,68000,-62000
="074810",500000,315000,185000
="074811",3000,0,3000
="074814",9000,8000,1000
="074816",40000,0,40000
="074817",0,20000,-20000
="074819",197000,39000,158000
="074833",0,28000,-28000
="074896",2000,109000,-107000
="074897",10000,71000,-61000
="074899",2000,0,2000
="074900",20000,5000,15000
="074901",0,121000,-121000
="074902",7000,173000,-166000
="074903",0,186000,-186000
="074906",232000,202000,30000
="074907",4000,0,4000
="074908",90000,25000,65000
="075049",0,40000,-40000
="075052",5000,10000,-5000
="075054",3000,130000,-127000
="075167",0,288000,-288000
="075168",0,145000,-145000
="075171",0,7000,-7000
="075172",19000,0,19000
="075173",41000,0,41000
="075240",0,32000,-32000
="075243",10000,24000,-14000
="075245",0,41000,-41000
="075396",539000,25000,514000
="075401",50000,40000,10000
="075402",0,3000,-3000
="075405",48000,0,48000
="075406",63000,0,63000
="075407",0,5000,-5000
="075513",10000,30000,-20000
="075517",21000,0,21000
="075534",1000,5000,-4000
="075554",0,300000,-300000
="075642",70000,40000,30000
="075652",0,200000,-200000
="075695",2000,0,2000
="075696",0,10000,-10000
="075697",27000,21000,6000
="075700",0,11000,-11000
="075701",10000,20000,-10000
="075826",0,68000,-68000
="075827",35000,0,35000
="075829",0,300000,-300000
="075831",10000,0,10000
="075886",0,1000,-1000
="075964",42000,0,42000
="075966",90000,52000,38000
="075967",10000,0,10000
="075968",53000,25000,28000
="075969",5000,100000,-95000
="075970",470000,206000,264000
="075971",44000,119000,-75000
="075972",10000,0,10000
="076036",20000,0,20000
="076055",0,122000,-122000
="076057",108000,258000,-150000
="076059",0,103000,-103000
="076060",0,20000,-20000
="076061",6000,22000,-16000
="076062",121000,299000,-178000
="076064",50000,11000,39000
="076107",20000,0,20000
="076180",3000,2000,1000
="076181",3000,1000,2000
="076182",7000,25000,-18000
="076184",5000,0,5000
="076185",0,25000,-25000
="076235",0,3000,-3000
="076289",0,255000,-255000
="076290",60000,5000,55000
="076292",0,146000,-146000
="076405",50000,102000,-52000
="076410",0,3000,-3000
="076411",5000,35000,-30000
="076413",12000,0,12000
="076414",1000,20000,-19000
="076416",39000,669000,-630000
="076420",15000,14000,1000
="076421",0,34000,-34000
="076550",0,21000,-21000
="076551",29000,209000,-180000
="076652",0,167000,-167000
="076653",65000,23000,42000
="076654",30000,127000,-97000
="076655",56000,24000,32000
="076682",25000,0,25000
="076771",0,6000,-6000
="076777",9000,0,9000
="076835",0,10000,-10000
="076913",89000,0,89000
="076915",56000,0,56000
="076916",8000,59000,-51000
="076917",20000,7000,13000
="076941",0,1000,-1000
="076962",0,200000,-200000
="076971",0,410000,-410000
="077035",0,18000,-18000
="077060",20000,0,20000
="077061",0,20000,-20000
="077063",0,10000,-10000
="077065",0,6000,-6000
="077066",80000,0,80000
="077067",35000,0,35000
="077068",50000,43000,7000
="077069",33000,1546000,-1513000
="077103",313000,150000,163000
="077105",12000,65000,-53000
="077106",34000,0,34000
="077108",248000,375000,-127000
="077109",0,74000,-74000
="077110",1340000,231000,1109000
="077199",0,10000,-10000
="077275",56000,84000,-28000
="077276",79000,2000,77000
="077277",2000,22000,-20000
="077278",25000,16000,9000
="077280",992000,85000,907000
="077281",1000,19000,-18000
="077411",60000,0,60000
="077412",25000,5000,20000
="077455",0,10000,-10000
="077585",8000,2000,6000
="077586",5000,19000,-14000
="077587",19000,96000,-77000
="077590",0,2000,-2000
="077591",70000,152000,-82000
="077593",60000,0,60000
="077595",20000,14000,6000
="077646",0,372000,-372000
="077647",0,157000,-157000
="077648",0,58000,-58000
="077649",0,50000,-50000
="077651",32000,78000,-46000
="077652",0,250000,-250000
="077653",25000,61000,-36000
="077654",50000,98000,-48000
="077655",0,32000,-32000
="077656",39000,0,39000
="077658",10000,182000,-172000
="077659",4000,41000,-37000
="077810",99000,17000,82000
="077811",300000,35000,265000
="077812",0,196000,-196000
="077941",5000,4000,1000
="077942",44000,150000,-106000
="077944",365000,120000,245000
="077945",45000,13000,32000
="077946",98000,167000,-69000
="078038",10000,105000,-95000
="078087",10000,357000,-347000
="078089",1000,539000,-538000
="078090",0,5000,-5000
="078091",17000,20000,-3000
="078092",250000,45000,205000
="078095",19000,0,19000
="078097",52000,61000,-9000
="078098",149000,16000,133000
="078099",35000,59000,-24000
="078340",0,1000,-1000
="078374",0,10000,-10000
="078461",30000,769000,-739000
="078462",3299000,233000,3066000
="078463",116000,160000,-44000
="078464",15000,3000,12000
="078466",78000,120000,-42000
="078469",15000,107000,-92000
="078470",0,2000,-2000
="078472",0,32000,-32000
="078473",0,64000,-64000
="078474",0,312000,-312000
="078475",0,10000,-10000
="078476",100000,36000,64000
="078477",8000,94000,-86000
="078718",14000,242000,-228000
="078719",16000,0,16000
="078720",64000,44000,20000
="078721",274000,53000,221000
="078722",0,40000,-40000
="078723",1000,0,1000
="078724",0,103000,-103000
="078726",0,10000,-10000
="078813",0,10000,-10000
="078846",0,25000,-25000
="078847",0,4000,-4000
="078848",1266000,1591000,-325000
="078849",38000,72000,-34000
="078850",2000,38000,-36000
="078853",550000,173000,377000
="078854",119000,426000,-307000
="078855",11000,0,11000
="078856",286000,325000,-39000
="078885",4000,0,4000
="078940",20000,0,20000
="078944",0,55000,-55000
="078945",1000,218000,-217000
="078946",58000,33000,25000
="078947",22000,75000,-53000
="078949",25000,491000,-466000
="079285",7000,61000,-54000
="079286",174000,479000,-305000
="079288",41000,83000,-42000
="079289",43000,453000,-410000
="079290",194000,18000,176000
="079291",0,30000,-30000
="079425",0,78000,-78000
="079426",118000,21000,97000
="079427",0,72000,-72000
="079428",17000,9000,8000
="079429",58000,633000,-575000
="079430",36000,142000,-106000
="079435",97000,124000,-27000
="079563",0,4000,-4000
="079582",0,112000,-112000
="079583",10000,166000,-156000
="079584",84000,96000,-12000
="079585",7000,0,7000
="079586",908000,0,908000
="079626",40000,0,40000
="079727",10000,359000,-349000
="079728",0,75000,-75000
="079729",55000,173000,-118000
="079730",10000,1000,9000
="079732",14000,31000,-17000
="079734",41000,50000,-9000
="079735",0,41000,-41000
="079736",384000,226000,158000
="079737",15000,36000,-21000
="079740",55000,317000,-262000
="079741",25000,3000,22000
="079742",30000,255000,-225000
="079743",206000,17000,189000
="079745",26000,618000,-592000
="079792",0,20000,-20000
="079868",125000,73000,52000
="079871",2000,746000,-744000
="079872",15000,80000,-65000
="079873",19000,175000,-156000
="079979",29000,123000,-94000
="079980",0,89000,-89000
="079981",83000,129000,-46000
="079982",0,40000,-40000
="079983",50000,0,50000
="079984",10000,0,10000
="079985",542000,12000,530000
="080004",0,2000,-2000
="080052",20000,0,20000
="080161",5000,0,5000
="080163",551000,122000,429000
="080165",0,94000,-94000
="080166",0,68000,-68000
="080167",0,5000,-5000
="080168",0,1000,-1000
="080170",126000,518000,-392000
="080171",0,21000,-21000
="080172",0,26000,-26000
="080174",30000,37000,-7000
="080175",3000,0,3000
="080176",153000,30000,123000
="080177",6000,0,6000
="080178",8000,34000,-26000
="080180",0,38000,-38000
="080181",3000,16000,-13000
="080182",70000,48000,22000
="080183",10000,0,10000
="080184",39000,0,39000
="080185",0,15000,-15000
="080186",20000,19000,1000
="080205",0,160000,-160000
="080316",998000,0,998000
="080343",0,136000,-136000
="080344",501000,146000,355000
="080345",41000,106000,-65000
="080346",20000,10000,10000
="080347",0,118000,-118000
="080348",7000,0,7000
="080349",175000,35000,140000
="080351",27000,0,27000
="080352",510000,45000,465000
="080523",0,2000,-2000
="080540",20000,49000,-29000
="080541",255000,0,255000
="080543",1000,0,1000
="080544",0,616000,-616000
="080545",188000,198000,-10000
="080546",29000,0,29000
="080594",15000,253000,-238000
="080596",50000,71000,-21000
="080597",2000,7000,-5000
="080598",8000,20000,-12000
="080599",0,10000,-10000
="080600",0,3000,-3000
="080601",58000,6000,52000
="080602",15000,11000,4000
="080603",15000,149000,-134000
="080696",4000,0,4000
="080857",0,15000,-15000
="080859",10000,0,10000
="080860",5000,1000,4000
="080861",117000,56000,61000
="080862",0,10000,-10000
="080863",0,30000,-30000
="080864",282000,212000,70000
="080867",48000,663000,-615000
="080868",70000,0,70000
="080869",0,32000,-32000
="080870",0,102000,-102000
="080914",0,10000,-10000
="081014",0,5000,-5000
="081018",51000,23000,28000
="081019",61000,0,61000
="081020",388000,105000,283000
="081021",234000,40000,194000
="081022",14000,53000,-39000
="081024",598000,106000,492000
="081026",4000,4000,0
="081130",5000,1000,4000
="081213",10000,141000,-131000
="081214",112000,42000,70000
="081216",198000,36000,162000
="081217",230000,25000,205000
="081218",255000,1749000,-1494000
="081220",48000,20000,28000
="081221",495000,159000,336000
="081222",360000,445000,-85000
="081223",65000,2000,63000
="081224",191000,2123000,-1932000
="081225",341000,1180000,-839000
="081226",291000,93000,198000
="081227",10000,50000,-40000
="081231",7000,40000,-33000
="081234",157000,176000,-19000
="081235",10000,55000,-45000
="081272",6000,17000,-11000
="081273",36000,14000,22000
="081276",0,59000,-59000
="081278",40000,1393000,-1353000
="081279",0,30000,-30000
="081280",0,2000,-2000
="081281",2000,0,2000
="081282",21000,0,21000
="081283",84000,10000,74000
="081285",35000,100000,-65000
="081287",51000,239000,-188000
="081288",26000,10000,16000
="081289",0,400000,-400000
="081368",100000,0,100000
="081428",1000,106000,-105000
="081429",100000,50000,50000
="081434",30000,2000,28000
="081435",60000,1000,59000
="081436",690000,862000,-172000
="081438",181000,0,181000
="081439",132000,107000,25000
="081440",154000,43000,111000
="081441",60000,20000,40000
="081443",1000,305000,-304000
="081444",10000,0,10000
="081447",10000,91000,-81000
="081448",2000,24000,-22000
="081449",0,1000,-1000
="081450",0,266000,-266000
="081451",164000,472000,-308000
="081452",0,75000,-75000
="081562",50000,0,50000
="081661",40000,0,40000
="081692",777000,0,777000
="081707",50000,2000,48000
="081708",0,36000,-36000
="081709",430000,982000,-552000
="081710",279000,10000,269000
="081711",1190000,5883000,-4693000
="081712",931000,3699000,-2768000
="081713",0,8000,-8000
="081714",83000,4000,79000
="081715",250000,328000,-78000
="081717",95000,2000,93000
="081718",713000,136000,577000
="081719",10000,186000,-176000
="081720",31000,152000,-121000
="081721",2000,116000,-114000
="081722",24000,0,24000
="081723",293000,2416000,-2123000
="081724",33000,24000,9000
="081725",110000,115000,-5000
="081726",64000,0,64000
="081727",199000,221000,-22000
="081728",20000,0,20000
="081841",10000,0,10000
="081865",0,1000,-1000
="081930",82000,110000,-28000
="081944",0,23000,-23000
="081945",330000,125000,205000
="081946",66000,120000,-54000
="081947",101000,106000,-5000
="081948",90000,10000,80000
="081949",5000,0,5000
="081950",26000,22000,4000
="081951",100000,101000,-1000
="081952",73000,13000,60000
="081953",0,9000,-9000
="081954",3000,0,3000
="081955",0,42000,-42000
="081957",0,2000,-2000
="081958",374000,100000,274000
="081959",130000,315000,-185000
="082000",15000,0,15000
="082060",1000,0,1000
="082101",20000,10000,10000
="082122",30000,0,30000
="082123",0,5000,-5000
="082124",1652000,1258000,394000
="082125",0,160000,-160000
="082126",0,196000,-196000
="082127",184000,79000,105000
="082128",539000,1689000,-1150000
="082129",5000,20000,-15000
="082130",5865000,7713000,-1848000
="082131",35000,107000,-72000
="082132",116000,312000,-196000
="082133",986000,361000,625000
="082134",0,2000,-2000
="082135",78000,0,78000
="082136",50000,78000,-28000
="082137",52000,55000,-3000
="082138",5000,0,5000
="082139",1000,10000,-9000
="082140",36000,196000,-160000
="082141",2000,12000,-10000
="082142",0,384000,-384000
="082143",4000,7000,-3000
="082144",232000,469000,-237000
="082145",20000,100000,-80000
="082176",400000,0,400000
="082306",229000,80000,149000
="082315",7000,312000,-305000
="082316",0,97000,-97000
="082317",0,86000,-86000
="082318",82000,166000,-84000
="082319",190000,2517000,-2327000
="082320",100000,263000,-163000
="082321",543000,1083000,-540000
="082323",20000,25000,-5000
="082324",0,12000,-12000
="082325",350000,91000,259000
="082326",75000,12000,63000
="082327",1000,16000,-15000
="082328",0,1000,-1000
="082329",50000,0,50000
="082330",159000,176000,-17000
="082331",7000,10000,-3000
="082332",4000,0,4000
="082333",15000,31000,-16000
="082334",254000,86000,168000
="082335",2000,15000,-13000
="082336",15000,20000,-5000
="082337",94000,462000,-368000
="082338",0,37000,-37000
="082350",10000,10000,0
="082395",10000,0,10000
="082435",3000,0,3000
="082475",9000,76000,-67000
="082476",72000,114000,-42000
="082477",59000,82000,-23000
="082479",2000,0,2000
="082480",69000,10000,59000
="082481",884000,1817000,-933000
="082482",1204000,1175000,29000
="082483",50000,4000,46000
="082485",20000,80000,-60000
="082486",140000,370000,-230000
="082487",828000,745000,83000
="082488",952000,2154000,-1202000
="082490",220000,26000,194000
="082491",40000,46000,-6000
="082492",0,704000,-704000
="082493",896000,415000,481000
="082494",303000,290000,13000
="082495",277000,116000,161000
="082496",0,22000,-22000
="082497",0,10000,-10000
="082498",340000,0,340000
="082499",8000,3000,5000
="082500",0,195000,-195000
="082501",5000,10000,-5000
="082503",41000,182000,-141000
="082521",0,3000,-3000
="082555",0,10000,-10000
="082556",10000,0,10000
="082557",0,165000,-165000
="082558",142000,447000,-305000
="082560",1520000,1681000,-161000
="082561",142000,417000,-275000
="082562",118000,121000,-3000
="082563",439000,192000,247000
="082564",476000,658000,-182000
="082566",0,167000,-167000
="082568",5000,17000,-12000
="082573",63000,150000,-87000
="082574",213000,200000,13000
="082575",0,121000,-121000
="082576",60000,20000,40000
="082577",7000,68000,-61000
="082578",181000,180000,1000
="082749",40000,20000,20000
="082750",47000,81000,-34000
="082751",0,1000,-1000
="082752",0,69000,-69000
="082753",0,54000,-54000
="082754",453000,839000,-386000
="082755",145000,331000,-186000
="082756",45000,37000,8000
="082757",0,424000,-424000
="082759",0,20000,-20000
="082761",50000,0,50000
="082762",0,10000,-10000
="082764",0,10000,-10000
="082766",15000,0,15000
="082768",455000,203000,252000
="082769",30000,0,30000
="082770",230000,491000,-261000
="082771",100000,39000,61000
="082773",180000,579000,-399000
="082774",0,475000,-475000
="082775",0,143000,-143000
="082776",71000,12000,59000
="082784",35000,0,35000
="082785",88000,0,88000
="082799",111000,20000,91000
="082840",0,2000,-2000
="082863",0,50000,-50000
="082925",526000,415000,111000
="082928",0,262000,-262000
="082929",250000,287000,-37000
="082930",0,1000,-1000
="082931",100000,0,100000
="082932",0,20000,-20000
="082933",350000,162000,188000
="082934",0,34000,-34000
="082937",100000,119000,-19000
="082950",2000,0,2000
="083034",5000,0,5000
="083162",30000,0,30000
="083197",3000,8000,-5000
="083199",595000,361000,234000
="083202",12000,0,12000
="083203",0,594000,-594000
="083204",201000,745000,-544000
="083205",33000,1388000,-1355000
="083206",54000,1416000,-1362000
="083207",88000,4190000,-4102000
="083208",0,1464000,-1464000
="083211",3000,9000,-6000
="083212",0,93000,-93000
="083213",30000,369000,-339000
="083215",10000,158000,-148000
="083216",0,87000,-87000
="083217",0,127000,-127000
="083218",60000,3000,57000
="083219",0,11000,-11000
="083327",0,460000,-460000
="083328",0,8000,-8000
="083329",0,228000,-228000
="083330",0,2000,-2000
="083335",0,20000,-20000
="083336",0,1933000,-1933000
="083338",0,262000,-262000
="083339",0,79000,-79000
="083340",0,3000,-3000
="083342",0,10000,-10000
="083347",0,29000,-29000
="083350",0,53000,-53000
="08986P",5000,0,5000
="1101",35000,1000,34000
="1102",50000,0,50000
="1103",2000,249,1751
="1104",100,0,100
="1108",0,16000,-16000
="1203",0,99,-99
="1210",1000,59000,-58000
="1213",1000,0,1000
="1216",17000,507000,-490000
="1217",0,15,-15
="1220",0,6000,-6000
="1229",5000,0,5000
="1235",0,23,-23
="1236",25,0,25
="1301",1516,230043,-228527
="1303",0,266167,-266167
="1304",61000,0,61000
="1305",57000,1405,55595
="1309",1050,0,1050
="1310",1,0,1
="1312",27000,21000,6000
="1313",1000,0,1000
="1314",20300,22233,-1933
="1323",1000,0,1000
="1325",173000,146000,27000
="1326",6500,10310,-3810
="1336",0,9000,-9000
="1337",135,11000,-10865
="1340",1040,311,729
="1341",0,28,-28
="1402",15000,516000,-501000
="1409",10000,0,10000
="1434",3000,0,3000
="1440",5000,1000,4000
="1444",1000,2000,-1000
="1445",0,5000,-5000
="1446",10000,0,10000
="1447",0,37000,-37000
="1449",17000,0,17000
="1454",1000,7000,-6000
="1455",3000,0,3000
="1457",0,250,-250
="1460",0,3163,-3163
="1464",0,330,-330
="1466",15000,3000,12000
="1476",9000,66000,-57000
="1477",4000,5000,-1000
="1504",46104,50,46054
="1513",56000,17000,39000
="1515",13000,7000,6000
="1519",0,1000,-1000
="1522",1000,3000,-2000
="1524",2000,0,2000
="1525",1000,0,1000
="1527",20000,1000,19000
="1528",0,1000,-1000
="1530",0,399,-399
="1533",6000,3000,3000
="1536",72000,23000,49000
="1558",50,0,50
="1560",2000,0,2000
="1568",23000,60000,-37000
="1582",50,1000,-950
="1586",1000,0,1000
="1589",0,3000,-3000
="1590",14000,8000,6000
="1593",1000,14000,-13000
="1597",37000,19000,18000
="1598",39000,65000,-26000
="1599",0,1,-1
="1605",715000,50000,665000
="1609",940000,7083,932917
="1611",0,19000,-19000
="1612",0,299,-299
="1614",1000,0,1000
="1615",0,136,-136
="1616",1000,0,1000
="1626",10000,0,10000
="1702",2000,79,1921
="1707",0,2019,-2019
="1708",1,141,-140
="1709",0,162,-162
="1710",0,95000,-95000
="1712",2000,0,2000
="1714",2000,3291,-1291
="1718",6000,21000,-15000
="1722",1000,5050,-4050
="1732",156500,138000,18500
="1733",2000,3000,-1000
="1736",1000,2000,-1000
="1752",0,2000,-2000
="1760",1000,2000,-1000
="1762",0,1000,-1000
="1773",3000,2000,1000
="1781",2000,0,2000
="1785",118000,92000,26000
="1786",0,10000,-10000
="1789",0,5000,-5000
="1795",15000,0,15000
="1802",57000,14044,42956
="1815",1000,0,1000
="1903",0,8000,-8000
="1904",1,21245,-21244
="1905",27000,27577,-577
="1909",122000,158000,-36000
="2002",19170,25095,-5925
="2006",11000,5000,6000
="2007",15,0,15
="2009",2000,100,1900
="2010",60000,0,60000
="2013",3000,0,3000
="2014",194000,16000,178000
="2017",2000,0,2000
="2020",30000,0,30000
="2023",0,10000,-10000
="2027",68000,4578,63422
="2028",2000,0,2000
="2031",1,0,1
="2034",5000,0,5000
="2038",76000,74000,2000
="2049",68000,20000,48000
="2059",2000,0,2000
="2061",1004,0,1004
="2065",20000,0,20000
="2067",0,1000,-1000
="2101",7100,0,7100
="2104",1,1000,-999
="2106",0,5000,-5000
="2107",6000,2000,4000
="2108",44000,4000,40000
="2201",25016,22000,3016
="2204",2000,1000,1000
="2206",0,6000,-6000
="2207",0,55,-55
="2208",50,2000,-1950
="2231",4000,21000,-17000
="2247",0,2000,-2000
="2301",0,3000,-3000
="2303",6507150,2816450,3690700
="2305",2000,0,2000
="2308",76377,126000,-49623
="2312",109000,391000,-282000
="2313",19100,98000,-78900
="2314",152000,86000,66000
="2316",1,0,1
="2317",1019693,2094500,-1074807
="2323",0,3000,-3000
="2324",10000,5000,5000
="2327",53131,69100,-15969
="2328",530000,372000,158000
="2329",16000,10,15990
="2330",537679,458679,79000
="2331",112000,261230,-149230
="2332",34000,30100,3900
="2337",311000,176520,134480
="2338",18000,0,18000
="2340",26001,5000,21001
="2342",12000,13000,-1000
="2344",1045000,1806000,-761000
="2345",43000,5000,38000
="2347",1000,0,1000
="2349",5000,0,5000
="2351",19000,43000,-24000
="2352",41000,17000,24000
="2353",12000,93000,-81000
="2354",29000,79000,-50000
="2355",7000,16099,-9099
="2356",16000,57000,-41000
="2357",4000,6060,-2060
="2359",62000,4000,58000
="2360",1000,0,1000
="2362",0,1000,-1000
="2363",11000,118133,-107133
="2367",5000,5000,0
="2368",108000,573000,-465000
="2369",29000,15000,14000
="2371",37000,35000,2000
="2375",51000,16000,35000
="2376",27100,23000,4100
="2377",10000,8000,2000
="2379",74110,30000,44110
="2380",0,100,-100
="2382",7000,50000,-43000
="2383",10000,10000,0
="2385",2000,0,2000
="2387",70012,10000,60012
="2388",11000,0,11000
="2392",0,6051,-6051
="2393",505000,270000,235000
="2395",32000,16000,16000
="2399",0,1000,-1000
="2401",690001,410999,279002
="2404",27200,211000,-183800
="2405",2001,5,1996
="2406",1,50,-49
="2408",132000,41000,91000
="2409",1323000,823000,500000
="2412",5000,179000,-174000
="2415",2000,2000,0
="2417",47000,31000,16000
="2419",0,1000,-1000
="2420",4000,0,4000
="2421",0,5000,-5000
="2425",5000,0,5000
="2426",45000,789,44211
="2428",1400,10000,-8600
="2430",7,0,7
="2433",0,40000,-40000
="2436",52000,48129,3871
="2439",3000,7000,-4000
="2440",8000,0,8000
="2441",63000,45000,18000
="2442",8000,1000,7000
="2444",3000,0,3000
="2449",677000,397000,280000
="2454",396154,170455,225699
="2455",73000,68000,5000
="2456",22203,48000,-25797
="2457",7000,33000,-26000
="2458",32000,130007,-98007
="2460",43000,56050,-13050
="2464",2000,6000,-4000
="2465",1,5000,-4999
="2467",231000,1000,230000
="2471",681000,18000,663000
="2472",12000,1000,11000
="2474",38000,8000,30000
="2476",90000,0,90000
="2478",15005,16000,-995
="2480",10000,5000,5000
="2481",81000,44000,37000
="2482",0,303,-303
="2484",3000,1000,2000
="2485",1000,0,1000
="2486",2000,5000,-3000
="2489",0,25,-25
="2491",534000,1522000,-988000
="2492",35000,28000,7000
="2497",0,10000,-10000
="2498",6090,14000,-7910
="2504",250000,514,249486
="2505",5000,20000,-15000
="2511",115000,0,115000
="2515",29000,56000,-27000
="2520",1,113000,-112999
="2530",0,1000,-1000
="2534",50,200,-150
="2537",0,1000,-1000
="2542",10000,0,10000
="2547",60000,0,60000
="2548",0,1000,-1000
="2601",1000,8000,-7000
="2603",4422300,4568000,-145700
="2605",51000,27034,23966
="2606",3000,3000,0
="2607",5000,1000,4000
="2608",0,50,-50
="2609",2350085,6285000,-3934915
="2610",9200,3000,6200
="2611",202000,202000,0
="2613",0,208,-208
="2615",252000,216000,36000
="2616",2,0,2
="2618",50000,40000,10000
="2633",10000,6000,4000
="2634",0,2251,-2251
="2636",1000,0,1000
="2637",4504,4000,504
="2640",6000,0,6000
="2706",0,671,-671
="2726",0,2000,-2000
="2727",2999,10000,-7001
="2732",0,6000,-6000
="2736",0,1000,-1000
="2801",11000,4063,6937
="2809",0,873,-873
="2812",1401,6000,-4599
="2816",0,390,-390
="2823",1500,53100,-51600
="2832",1,0,1
="2834",21000,6498,14502
="2841",0,323,-323
="2850",47,0,47
="2855",9000,48743,-39743
="2867",6000,3000,3000
="2880",0,12000,-12000
="2881",10000,1006000,-996000
="2881A",0,109,-109
="2882",6230,35329,-29099
="2883",85100,13000,72100
="2884",56709,2999,53710
="2885",232000,17000,215000
="2886",3000,10000,-7000
="2887",3000,7000,-4000
="2887E",0,831,-831
="2888",5000,42000,-37000
="2888B",0,1000,-1000
="2889",1000,14169,-13169
="2890",12200,32000,-19800
="2891",496280,5324,490956
="2891B",0,579,-579
="2892",4444,2376,2068
="2897",344000,0,344000
="2908",0,3000,-3000
="2911",1100,1000,100
="2912",1000,1000,0
="2923",0,4000,-4000
="2929",85000,3074,81926
="3003",36000,4000,32000
="3006",157000,168000,-11000
="3008",270,35040,-34770
="3011",10000,8000,2000
="3014",10000,6000,4000
="3015",1000,0,1000
="3016",39000,64000,-25000
="3017",107050,424000,-316950
="3018",1155,1000,155
="3019",2000,6000,-4000
="3022",10000,0,10000
="3023",20,41000,-40980
="3025",0,3000,-3000
="3026",0,8000,-8000
="3032",3000,0,3000
="3034",57000,63115,-6115
="3035",5000,8000,-3000
="3036",2000,8220,-6220
="3037",236000,272000,-36000
="3038",0,2000,-2000
="3041",3001,2000,1001
="3042",586000,29000,557000
="3044",5000,63000,-58000
="3047",0,12000,-12000
="3048",0,2000,-2000
="3049",410,16000,-15590
="3055",0,600,-600
="3056",6000,0,6000
="3057",10000,0,10000
="3058",52000,48000,4000
="3059",4001,94,3907
="3060",1,3000,-2999
="3062",2000,9000,-7000
="3071",3000,0,3000
="3078",5000,12000,-7000
="3081",5000,0,5000
="3092",87000,581150,-494150
="3094",26000,37000,-11000
="3105",85100,89010,-3910
="3122",2000,0,2000
="3128",3000,2997,3
="3131",4000,9000,-5000
="3138",0,41000,-41000
="3141",2000,10000,-8000
="3144",0,464,-464
="3149",2000,4000,-2000
="3152",11000,22000,-11000
="3163",0,3000,-3000
="3178",50000,12000,38000
="3188",0,1000,-1000
="3189",78000,84069,-6069
="3206",1000,0,1000
="3207",0,1000,-1000
="3213",0,21,-21
="3217",377000,51000,326000
="3218",2000,1000,1000
="3221",0,1000,-1000
="3227",7000,8000,-1000
="3228",3000,4000,-1000
="3230",0,5000,-5000
="3231",8450,7000,1450
="3232",23000,3000,20000
="3234",1000,1000,0
="3236",3000,2000,1000
="3257",3000,1000,2000
="3259",17000,0,17000
="3260",5000,27001,-22001
="3264",414000,278000,136000
="3265",0,6000,-6000
="3272",0,1000,-1000
="3284",0,800,-800
="3289",1000,0,1000
="3290",0,1000,-1000
="3293",7030,7005,25
="3296",192000,99000,93000
="3311",1,0,1
="3312",0,2000,-2000
="3322",1000,0,1000
="3323",20000,1000,19000
="3324",239000,101060,137940
="3325",0,1000,-1000
="3338",0,10140,-10140
="3346",2000,3000,-1000
="3356",0,5000,-5000
="3360",2000,0,2000
="3363",0,2000,-2000
="3373",5000,6000,-1000
="3374",79323,48000,31323
="3376",1000,6000,-5000
="3380",12000,19000,-7000
="3388",50,0,50
="3402",0,3,-3
="3406",22000,10049,11951
="3413",96000,137000,-41000
="3419",0,1000,-1000
="3437",96000,42000,54000
="3438",3000,1000,2000
="3443",44000,25000,19000
="3450",2000,3000,-1000
="3454",0,60,-60
="3466",2050,2000,50
="3481",688500,1303103,-614603
="3483",0,1000,-1000
="3484",4000,4000,0
="3490",1,2000,-1999
="3491",2000,1000,1000
="3492",4000,0,4000
="3501",0,1000,-1000
="3508",5000,26000,-21000
="3515",6000,1000,5000
="3516",22000,0,22000
="3518",1000,0,1000
="3521",0,2000,-2000
="3522",0,1000,-1000
="3526",8000,14199,-6199
="3527",3000,7050,-4050
="3529",20000,16300,3700
="3530",2000,12000,-10000
="3532",6000,2000,4000
="3533",1000,37000,-36000
="3537",0,33000,-33000
="3540",0,31090,-31090
="3541",0,525,-525
="3545",234000,673000,-439000
="3546",1000,1000,0
="3548",7000,11000,-4000
="3550",0,4000,-4000
="3552",40000,47000,-7000
="3555",0,74,-74
="3556",2,0,2
="3563",1010,1032,-22
="3564",0,1000,-1000
="3576",56300,7048,49252
="3580",3000,8000,-5000
="3581",2000,4000,-2000
="3583",50,74,-24
="3587",31000,113000,-82000
="3588",6000,6000,0
="3596",0,3000,-3000
="3605",8266,8000,266
="3607",1000,1000,0
="3622",0,3000,-3000
="3625",200000,160000,40000
="3630",0,1,-1
="3645",0,16,-16
="3652",1000,0,1000
="3653",0,10030,-10030
="3661",14000,9000,5000
="3665",70000,37033,32967
="3666",1000,1000,0
="3669",2000,210,1790
="3673",2100,19000,-16900
="3675",1000,1000,0
="3680",199400,83100,116300
="3682",10001,0,10001
="3685",30000,0,30000
="3686",0,1000,-1000
="3689",0,10000,-10000
="3691",2000,11000,-9000
="3702",45000,28758,16242
="3703",39000,6035,32965
="3704",180000,70000,110000
="3706",52000,360,51640
="3707",166000,180209,-14209
="3708",0,1000,-1000
="3710",0,1000,-1000
="3711",132500,670000,-537500
="3712",0,3000,-3000
="3713",0,1000,-1000
="3714",628050,56000,572050
="4105",2060,1066,994
="4108",0,1000,-1000
="4113",2000,0,2000
="4114",0,536,-536
="4119",4000,9000,-5000
="4121",1,0,1
="4123",31086,3000,28086
="4128",4000,4000,0
="4129",130,0,130
="4133",12000,11000,1000
="4137",0,10000,-10000
="4142",12000,5000,7000
="4147",2,2000,-1998
="4152",0,2000,-2000
="4157",1000,12000,-11000
="4160",1080,1000,80
="4162",1,1000,-999
="4167",10000,0,10000
="4168",22000,0,22000
="4188",1000,0,1000
="4303",0,1000,-1000
="4414",2000,0,2000
="4417",0,1000,-1000
="4420",0,337,-337
="4429",2000,0,2000
="4433",0,166,-166
="4438",1000,0,1000
="4526",1,0,1
="4528",71000,83000,-12000
="4529",5000,6000,-1000
="4536",0,21,-21
="4540",39000,3000,36000
="4551",8000,9000,-1000
="4557",0,1,-1
="4563",0,1000,-1000
="4566",1000,7000,-6000
="4571",5000,0,5000
="4576",121000,10000,111000
="4609",1000,0,1000
="4702",180000,167000,13000
="4720",2000,0,2000
="4722",0,3000,-3000
="4726",0,1000,-1000
="4735",1000,0,1000
="4736",5000,0,5000
="4741",0,2000,-2000
="4743",6077,10000,-3923
="4760",1000,4000,-3000
="4763",0,1000,-1000
="4904",1000,0,1000
="4908",1000,0,1000
="4909",13000,2000,11000
="4912",16000,1000,15000
="4915",85000,56000,29000
="4919",15300,27000,-11700
="4927",14000,6000,8000
="4931",0,1000,-1000
="4934",3000,0,3000
="4935",11875,50,11825
="4938",41100,74000,-32900
="4939",1,0,1
="4943",0,13000,-13000
="4952",2000,0,2000
="4953",0,199,-199
="4956",0,9000,-9000
="4958",44000,3000,41000
="4960",30000,0,30000
="4961",88000,50000,38000
="4966",10000,3000,7000
="4967",17000,1000,16000
="4968",131023,105000,26023
="4971",1000,0,1000
="4972",60,0,60
="4976",96000,67000,29000
="4979",0,6000,-6000
="5011",1000,0,1000
="5203",4000,0,4000
="5213",1000,0,1000
="5215",0,1000,-1000
="5223",51000,0,51000
="5227",1007,1990,-983
="5230",0,1000,-1000
="5243",69000,55000,14000
="5251",1000,1000,0
="5258",2000,0,2000
="5269",58000,5000,53000
="5281",0,1000,-1000
="5285",10000,1055,8945
="5287",50,19,31
="5289",0,1029,-1029
="5299",1000,1000,0
="5306",0,170000,-170000
="5309",1,5000,-4999
="5328",2000,0,2000
="5340",2000,0,2000
="5347",7418,302050,-294632
="5351",3000,0,3000
="5371",249250,28000,221250
="5386",41000,5000,36000
="5388",6000,0,6000
="5392",0,1000,-1000
="5425",36000,194999,-158999
="5432",1000,0,1000
="5434",66,0,66
="5438",1,0,1
="5443",13000,1000,12000
="5457",31000,6000,25000
="5465",1000,0,1000
="5469",96000,0,96000
="5471",11000,3000,8000
="5478",2,0,2
="5483",18000,27000,-9000
="5498",2000,0,2000
="5512",1,0,1
="5521",10000,1000,9000
="5522",1120,0,1120
="5523",10000,0,10000
="5529",1,0,1
="5530",0,129,-129
="5531",1000,0,1000
="5604",0,3000,-3000
="5608",33000,21000,12000
="5609",1000,1000,0
="5820",0,10000,-10000
="5871",1000,152,848
="5876",1000,1000,0
="5880",33160,2000,31160
="5905",1000,10000,-9000
="6005",1000,20,980
="6015",2000,10000,-8000
="6016",2000,138000,-136000
="6023",3,0,3
="6026",11000,0,11000
="6104",9000,29000,-20000
="6108",1000,4000,-3000
="6111",1000,2000,-1000
="6112",0,164,-164
="6113",0,59,-59
="6116",271000,255000,16000
="6118",10000,10000,0
="6120",2000,1000,1000
="6121",6050,78000,-71950
="6122",0,1000,-1000
="6123",0,302,-302
="6124",0,1000,-1000
="6125",2000,65000,-63000
="6126",4000,4559,-559
="6127",10000,5000,5000
="6129",12000,46000,-34000
="6133",0,1000,-1000
="6134",5136,716,4420
="6139",42000,29000,13000
="6141",0,1000,-1000
="6147",30000,43000,-13000
="6150",13030,6070,6960
="6152",1000,0,1000
="6153",27000,83101,-56101
="6156",1,0,1
="6164",0,1000,-1000
="6165",3000,1000,2000
="6166",0,2000,-2000
="6167",0,1000,-1000
="6168",76000,316000,-240000
="6173",7000,4000,3000
="6175",70000,1000,69000
="6176",7000,1000,6000
="6180",5000,109,4891
="6182",264000,274000,-10000
="6183",0,100,-100
="6185",20,0,20
="6187",92000,81053,10947
="6188",10000,0,10000
="6190",0,1000,-1000
="6191",0,5000,-5000
="6196",305000,74100,230900
="6202",0,1000,-1000
="6203",7000,0,7000
="6204",1000,0,1000
="6205",10000,3000,7000
="6208",3010,0,3010
="6213",1000,23000,-22000
="6214",1000,14000,-13000
="6217",3100,9000,-5900
="6219",3000,4000,-1000
="6223",46050,77045,-30995
="6224",11000,17050,-6050
="6227",2000,0,2000
="6230",0,4000,-4000
="6233",17000,62000,-45000
="6237",416000,348000,68000
="6239",22000,388000,-366000
="6243",0,13000,-13000
="6244",7300,1000,6300
="6245",0,130000,-130000
="6247",0,5000,-5000
="6251",50002,42226,7776
="6257",1434769,764200,670569
="6259",0,139,-139
="6261",15000,10000,5000
="6265",0,4000,-4000
="6269",59010,20256,38754
="6271",122000,70341,51659
="6274",2000,0,2000
="6275",0,13000,-13000
="6276",0,14000,-14000
="6278",15007,7000,8007
="6279",13000,28000,-15000
="6281",87,99,-12
="6282",2000,2000,0
="6283",8000,0,8000
="6284",55000,58000,-3000
="6285",1000,0,1000
="6288",3000,0,3000
="6290",26000,0,26000
="6294",252,0,252
="6409",2000,2000,0
="6411",0,2000,-2000
="6414",12000,14071,-2071
="6415",1001,2,999
="6416",2000,0,2000
="6417",1000,2000,-1000
="6426",0,2000,-2000
="6435",1000,0,1000
="6438",30000,4000,26000
="6441",2000,5000,-3000
="6443",27021,28000,-979
="6446",1000,0,1000
="6449",10000,0,10000
="6451",6000,0,6000
="6456",42000,11000,31000
="6457",12000,2000,10000
="6462",2000,5000,-3000
="6470",0,1000,-1000
="6477",28000,28000,0
="6482",0,4000,-4000
="6485",58000,3000,55000
="6488",21109,9000,12109
="6491",1000,0,1000
="6492",1000,1000,0
="6496",2050,1999,51
="6504",8120,58020,-49900
="6505",0,69000,-69000
="6509",0,1000,-1000
="6510",0,4000,-4000
="6515",2000,6000,-4000
="6516",0,6000,-6000
="6525",0,4000,-4000
="6531",351000,114000,237000
="6532",9000,2000,7000
="6533",24000,17000,7000
="6538",0,3000,-3000
="6547",17000,2101,14899
="6548",65000,50000,15000
="6552",56000,354000,-298000
="6561",190,0,190
="6573",2000,0,2000
="6576",12,1117,-1105
="6582",3000,2132,868
="6589",1000,0,1000
="6591",1000,3000,-2000
="6592",2000,0,2000
="6593",50,700,-650
="6598",1000,1000,0
="6603",232000,124362,107638
="6605",1000,3000,-2000
="6616",1000,0,1000
="6629",1000,0,1000
="6641",0,1000,-1000
="6643",25000,3000,22000
="6664",0,2000,-2000
="6668",0,1000,-1000
="6669",7035,14000,-6965
="6679",1000,1000,0
="6683",20000,5000,15000
="6697",1000,0,1000
="6706",1000,3000,-2000
="6715",1000,0,1000
="6732",1000,0,1000
="6743",0,1000,-1000
="6747",11000,19000,-8000
="6756",0,17000,-17000
="711562",10000,260000,-250000
="711607",0,10000,-10000
="711631",5000,0,5000
="711701",1000,0,1000
="711702",16000,0,16000
="711902",40000,0,40000
="711905",8000,0,8000
="712014",0,94000,-94000
="712020",3000,0,3000
="712193",20000,0,20000
="712326",8000,166000,-158000
="712327",0,300000,-300000
="712370",100000,825000,-725000
="712605",12000,88000,-76000
="712607",35000,0,35000
="712612",63000,40000,23000
="712628",25000,0,25000
="712630",45000,0,45000
="712633",240000,4000,236000
="712916",493000,427000,66000
="712920",141000,10000,131000
="712921",0,10000,-10000
="712922",27000,18000,9000
="712923",5000,0,5000
="712979",20000,10000,10000
="712980",21000,30000,-9000
="712981",32000,7000,25000
="712982",23000,0,23000
="713036",5000,0,5000
="713040",0,3000,-3000
="713042",30000,21000,9000
="713073",0,40000,-40000
="713074",0,20000,-20000
="713085",130000,0,130000
="713182",5000,5000,0
="713183",143000,50000,93000
="713184",150000,266000,-116000
="713225",0,40000,-40000
="713226",1000,0,1000
="713324",800000,0,800000
="713325",0,2000,-2000
="713326",0,19000,-19000
="713327",350000,162000,188000
="713352",4000,0,4000
="713388",0,15000,-15000
="713404",100000,0,100000
="713514",0,200000,-200000
="713516",0,20000,-20000
="713517",0,60000,-60000
="713545",0,41000,-41000
="713587",40000,30000,10000
="713589",10000,35000,-25000
="713649",3000,27000,-24000
="713651",26000,0,26000
="713653",15000,0,15000
="713654",50000,0,50000
="713675",2032000,743000,1289000
="713676",11000,0,11000
="713939",20000,0,20000
="713979",4000,0,4000
="714030",0,109000,-109000
="714033",25000,2000,23000
="714153",0,68000,-68000
="714155",0,203000,-203000
="714156",0,58000,-58000
="714236",28000,324000,-296000
="714237",10000,8000,2000
="714238",50000,22000,28000
="714272",10000,58000,-48000
="714513",140000,1000,139000
="714514",0,184000,-184000
="714516",0,10000,-10000
="714517",45000,2000,43000
="714518",142000,55000,87000
="714621",2000,0,2000
="714622",45000,0,45000
="714623",0,2000,-2000
="714685",50000,0,50000
="714712",389000,14000,375000
="714714",50000,0,50000
="714741",22000,10000,12000
="714795",0,91000,-91000
="714856",25000,90000,-65000
="714857",0,30000,-30000
="714858",0,31000,-31000
="714860",0,5000,-5000
="714861",0,20000,-20000
="714887",62000,31000,31000
="714889",59000,39000,20000
="714995",14000,0,14000
="715011",25000,5000,20000
="715067",20000,23000,-3000
="715068",3000,0,3000
="715069",0,12000,-12000
="715070",5000,268000,-263000
="715071",1000,0,1000
="715072",32000,23000,9000
="715073",1000,0,1000
="715116",5000,38000,-33000
="715159",624000,81000,543000
="715161",4000,0,4000
="715162",4000,0,4000
="715163",74000,0,74000
="715180",4000,0,4000
="715181",104000,1000,103000
="715239",43000,459000,-416000
="715240",75000,0,75000
="715250",125000,0,125000
="715286",0,5000,-5000
="715287",0,85000,-85000
="715288",0,104000,-104000
="715355",50000,0,50000
="715356",1000,110000,-109000
="715417",0,102000,-102000
="715478",0,5000,-5000
="715548",140000,130000,10000
="715552",0,20000,-20000
="715553",30000,0,30000
="715555",3000,0,3000
="715657",154000,160000,-6000
="715658",0,10000,-10000
="715660",0,100000,-100000
="715661",40000,104000,-64000
="715662",0,90000,-90000
="715688",0,5000,-5000
="715693",13000,88000,-75000
="715694",0,121000,-121000
="715743",20000,131000,-111000
="715781",0,80000,-80000
="715782",95000,0,95000
="715813",10000,53000,-43000
="715814",30000,30000,0
="715815",4000,135000,-131000
="715901",0,28000,-28000
="715935",126000,95000,31000
="715971",0,154000,-154000
="716032",0,15000,-15000
="716033",50000,30000,20000
="716035",10000,26000,-16000
="716036",0,55000,-55000
="716037",42000,338000,-296000
="716110",0,57000,-57000
="716111",0,16000,-16000
="716112",91000,10000,81000
="716137",0,40000,-40000
="716171",40000,0,40000
="716188",20000,485000,-465000
="716295",0,3000,-3000
="716296",7000,0,7000
="716297",5000,5000,0
="716298",2000,99000,-97000
="716299",0,109000,-109000
="716325",16000,0,16000
="716357",0,10000,-10000
="716358",25000,35000,-10000
="716367",0,52000,-52000
="716368",0,85000,-85000
="716369",22000,98000,-76000
="716370",23000,154000,-131000
="716535",30000,0,30000
="716594",121000,102000,19000
="716595",30000,665000,-635000
="716596",27000,97000,-70000
="716668",35000,110000,-75000
="716677",15000,202000,-187000
="716679",0,69000,-69000
="716680",0,5000,-5000
="716685",5000,0,5000
="716718",55000,0,55000
="716759",0,20000,-20000
="716761",50000,0,50000
="716816",1246000,22000,1224000
="716837",0,3000,-3000
="716838",6000,0,6000
="716855",100000,0,100000
="716856",2000,0,2000
="716857",90000,0,90000
="716907",1093000,565000,528000
="716908",423000,494000,-71000
="716954",120000,213000,-93000
="716955",100000,0,100000
="716956",960000,1473000,-513000
="716958",79000,353000,-274000
="716989",0,30000,-30000
="716998",60000,80000,-20000
="716999",0,162000,-162000
="717007",11000,0,11000
="717024",0,5000,-5000
="717037",10000,0,10000
="717086",11000,26000,-15000
="717087",0,48000,-48000
="717088",1000,0,1000
="717101",0,100000,-100000
="717102",140000,1000,139000
="717159",20000,35000,-15000
="717204",482000,41000,441000
="717205",0,11000,-11000
="717207",20000,20000,0
="717208",20000,12000,8000
="717209",20000,0,20000
="717305",0,100000,-100000
="717311",0,50000,-50000
="717321",25000,0,25000
="717354",111000,110000,1000
="717355",111000,80000,31000
="717356",308000,300000,8000
="717358",1000,0,1000
="717359",14000,50000,-36000
="717361",0,426000,-426000
="717364",16000,12000,4000
="717422",0,135000,-135000
="717459",0,66000,-66000
="717461",63000,153000,-90000
="717468",900000,271000,629000
="717469",90000,5000,85000
="717474",20000,0,20000
="717475",100000,0,100000
="717476",30000,0,30000
="717509",125000,74000,51000
="717514",23000,87000,-64000
="717517",0,132000,-132000
="717518",83000,395000,-312000
="717522",319000,22000,297000
="717524",104000,645000,-541000
="717525",98000,34000,64000
="717526",122000,45000,77000
="717531",10000,0,10000
="717566",0,4000,-4000
="717569",0,20000,-20000
="717605",10000,156000,-146000
="717607",187000,70000,117000
="717608",1000,10000,-9000
="717609",198000,9000,189000
="717635",125000,30000,95000
="717636",0,242000,-242000
="717637",20000,4000,16000
="717639",828000,382000,446000
="717642",0,130000,-130000
="717649",60000,0,60000
="717684",0,1000,-1000
="717685",176000,685000,-509000
="717686",10000,190000,-180000
="717687",100000,0,100000
="717688",1000,0,1000
="717689",0,14000,-14000
="717735",393000,88000,305000
="717736",0,90000,-90000
="717737",0,153000,-153000
="717738",170000,626000,-456000
="717739",139000,78000,61000
="717741",125000,10000,115000
="717742",86000,397000,-311000
="717774",21000,273000,-252000
="717775",16000,74000,-58000
="717776",0,9000,-9000
="717777",1000,0,1000
="717778",0,275000,-275000
="717779",418000,142000,276000
="717809",40000,0,40000
="717816",10000,103000,-93000
="717817",164000,57000,107000
="717818",354000,470000,-116000
="717819",107000,69000,38000
="717846",50000,0,50000
="717861",0,98000,-98000
="717862",0,84000,-84000
="717908",33000,0,33000
="73597P",250000,300000,-50000
="73604P",7000,0,7000
="73655P",39000,33000,6000
="73691P",15000,10000,5000
="73692P",17000,0,17000
="73700P",20000,0,20000
="73717P",133000,12000,121000
="73729P",65000,20000,45000
="73731P",18000,0,18000
="73740P",46000,0,46000
="73747P",88000,5000,83000
="73748P",30000,30000,0
="73754P",50000,0,50000
="73755P",12000,0,12000
="73759P",20000,0,20000
="73762P",1000,0,1000
="73774P",10000,129000,-119000
="73799P",133000,258000,-125000
="73804P",9000,0,9000
="73805P",435000,191000,244000
="73809P",12000,0,12000
="8016",8051,31110,-23059
="8024",18000,18000,0
="8027",4000,0,4000
="8028",1000,26000,-25000
="8033",18000,19875,-1875
="8034",2000,1000,1000
="8038",0,2000,-2000
="8040",0,3000,-3000
="8044",1000,6000,-5000
="8046",269000,81026,187974
="8049",0,1000,-1000
="8050",1000,19118,-18118
="8054",1000,1000,0
="8064",30000,24000,6000
="8069",163000,20000,143000
="8070",69000,41270,27730
="8076",5001,0,5001
="8081",10000,8000,2000
="8083",0,37,-37
="8085",4000,3000,1000
="8086",194000,46649,147351
="8088",0,1000,-1000
="8099",0,4000,-4000
="8107",0,9000,-9000
="8110",28000,23000,5000
="8112",0,6000,-6000
="8121",1000,1000,0
="8150",24000,26000,-2000
="8155",0,6049,-6049
="8163",32001,34000,-1999
="8171",1000,0,1000
="8182",40000,0,40000
="8183",2000,22000,-20000
="8215",20000,35000,-15000
="8240",0,1000,-1000
="8249",0,1000,-1000
="8255",0,2000,-2000
="8261",12000,30000,-18000
="8271",2001,0,2001
="8299",287111,37000,250111
="8341",330,0,330
="8349",0,10000,-10000
="8358",586000,82000,504000
="8383",1,0,1
="8403",1000,0,1000
="8406",355,0,355
="8410",1000,0,1000
="8416",49,1049,-1000
="8421",0,400,-400
="8429",0,2034,-2034
="8431",0,10000,-10000
="8436",1000,15000,-14000
="8454",100,9,91
="8464",7000,5000,2000
="8478",500,0,500
="8905",3,0,3
="8926",0,366,-366
="8929",2000,1990,10
="8935",2000,0,2000
="8996",5000,0,5000
="9103",153000,1037000,-884000
="910322",0,3000,-3000
="9105",12384,10990,1394
="9110",6000,0,6000
="911608",11000,2000,9000
="911616",1000,0,1000
="911868",0,33000,-33000
="912398",2000,1000,1000
="9802",21000,21000,0
="9904",1000,20000,-19000
="9907",0,1000,-1000
="9912",100,200,-100
="9914",48000,87023,-39023
="9919",34001,145000,-110999
="9921",9000,16000,-7000
="9926",100,0,100
="9933",1000,0,1000
="9938",69000,70000,-1000
="9942",0,50,-50
="9945",10400,6500,3900
="9951",0,8000,-8000
="9958",8050,121000,-112950
