="0050",135100,49293,85807,11705212
="0056",25000,12018,12982,399096
="006205",10000,0,10000,407089
="006208",240072,240000,72,5534
="00631L",2000,1000,1000,108300
="00632R",257000,127000,130000,841029
="00633L",5000,122000,-117000,-9216149
="00636",0,2000,-2000,-58200
="00637L",87000,1599000,-1512000,-46811467
="00638R",146000,0,146000,1092048
="00640L",30000,0,30000,780500
="00642U",2000,2000,0,41
="00650L",0,45000,-45000,-1430447
="00669R",2000,0,2000,18239
="00676R",3000,5000,-2000,-8099
="00677U",0,907000,-907000,-2945798
="00679B",0,92000,-92000,-3977956
="00680L",0,24000,-24000,-640218
="00682U",0,27000,-27000,-487619
="00683L",80000,412000,-332000,-5562319
="00686R",0,10000,-10000,-43200
="00687B",50000,50000,0,0
="00688L",50000,50000,0,0
="00689R",50000,50000,0,0
="00692",1030,5000,-3970,-131645
="00693U",0,48000,-48000,-1032689
="00694B",50000,50000,0,0
="00695B",50000,57000,-7000,-268810
="00696B",100000,100000,0,0
="00697B",50000,55000,-5000,-203789
="00701",8000,5000,3000,63700
="00703",0,6000,-6000,-162730
="00714",100000,150000,-50000,-919499
="00715L",9000,19000,-10000,-51850
="00717",3000,0,3000,49810
="00718B",100000,100000,0,0
="00719B",50000,50000,0,0
="00720B",50000,72000,-22000,-992268
="00721B",50000,50000,0,0
="00722B",51000,90000,-39000,-1847516
="00723B",50000,54000,-4000,-176460
="00724B",50000,92000,-42000,-1819016
="00728",8000,1000,7000,212900
="00733",100000,100000,0,0
="00735",0,3000,-3000,-99918
="00738U",0,22000,-22000,-577500
="00740B",25000,25000,0,0
="00741B",25000,30000,-5000,-186499
="00745B",25000,25000,0,0
="00746B",25000,32000,-7000,-320109
="00751B",50000,81000,-31000,-1441267
="00752",100000,3000,97000,3093900
="00753L",0,4000,-4000,-184099
="00754B",50000,51000,-1000,-47700
="00755B",60000,60000,0,-1360
="00756B",51000,53000,-2000,-94189
="00757",0,104000,-104000,-4625129
="00762",0,1000,-1000,-35419
="00764B",50000,74000,-24000,-1086328
="00765B",50000,50000,0,0
="00772B",70000,88000,-18000,-833758
="00773B",70000,75000,-5000,-233299
="00784B",25000,25000,0,0
="00785B",25000,25000,0,0
="00788B",0,12000,-12000,-506910
="00795B",73000,142000,-69000,-3017835
="00796B",70000,70000,0,0
="00830",0,134,-134,-3557
="00847B",70000,70000,0,0
="00848B",70000,71000,-1000,-38828
="00849B",70000,70000,0,0
="00850",1000,0,1000,31799
="00861",100,0,100,2795
="00862B",70000,72000,-2000,-80819
="00863B",70000,70000,0,0
="00864B",75000,70000,5000,183700
="00868B",50000,50000,0,0
="00869B",50000,50000,0,0
="00870B",50000,50000,0,0
="00871B",51000,50000,1000,39119
="00876",2343250,0,2343250,67528633
="00877",1000,15000,-14000,-207109
="00878",41000,29,40971,687394
="00881",1897235,894000,1003235,17583632
="020011",6000,6000,0,-120
="020016",3000,0,3000,51300
="020018",22000,17000,5000,61881
="020019",279000,441000,-162000,-2193565
="02001B",0,1000,-1000,-9890
="020021",1002000,1209000,-207000,-2522380
="020022",0,1000,-1000,-5300
="03135P",0,56000,-56000,-559
="03396P",0,373000,-373000,-22379
="04126P",82000,3000,79000,121809
="04305P",20000,0,20000,1400
="04343P",0,2000,-2000,-200
="04416P",45000,0,45000,28249
="04512P",100000,0,100000,3999
="04513P",235000,643000,-408000,-135250
="04575P",0,30000,-30000,-899
="04594P",80000,20000,60000,18501
="04728P",0,49000,-49000,-3430
="04729P",87000,0,87000,87000
="04732P",0,716000,-716000,-1503599
="04826P",134000,0,134000,152648
="04827P",1000,0,1000,490
="04908P",0,83000,-83000,-21479
="04985P",9000,0,9000,2520
="04997P",0,5000,-5000,-3050
="05006P",50000,50000,0,500
="05067P",0,100000,-100000,-10999
="05070P",70000,0,70000,38899
="05128P",15000,0,15000,14870
="05132P",0,130000,-130000,-88400
="05144P",40000,0,40000,21600
="05147P",0,60000,-60000,-46899
="05237P",44000,0,44000,49579
="05259P",2000,0,2000,860
="05297P",521000,162000,359000,317062
="05298P",0,20000,-20000,-4899
="05299P",30000,4000,26000,34382
="05300P",80000,27000,53000,44761
="05342P",45000,43000,2000,3869
="05422P",0,699000,-699000,-583179
="05438P",0,200000,-200000,-318000
="05447P",0,5000,-5000,-2000
="05469P",17000,0,17000,12077
="05481P",5000,33000,-28000,-30840
="05500P",16000,25000,-9000,-11751
="05570P",60000,0,60000,83999
="05594P",10000,0,10000,8799
="05595P",51000,126000,-75000,-66988
="05608P",0,1000,-1000,-3000
="05632P",188000,10000,178000,219030
="05697P",80000,100000,-20000,-26684
="05698P",12000,127000,-115000,-138637
="05699P",76000,64000,12000,28191
="05704P",0,3000,-3000,-1680
="05706P",35000,6000,29000,51940
="05707P",73000,115000,-42000,-89760
="05714P",5000,0,5000,3950
="05749P",2000,5000,-3000,-930
="05750P",0,81000,-81000,-105017
="05774P",0,190000,-190000,-279800
="05776P",6000,81000,-75000,-66189
="05777P",280000,75000,205000,149149
="05829P",2000,0,2000,2068
="05844P",140000,0,140000,338599
="05855P",100000,0,100000,187000
="05858P",16000,102000,-86000,-81580
="05906P",0,52000,-52000,-59318
="05907P",0,71000,-71000,-62366
="05908P",0,15000,-15000,-15149
="061289",50000,51000,-1000,-1718
="062122",285000,4000,281000,390459
="062129",10000,0,10000,1299
="062806",0,1000,-1000,-6400
="063057",46000,284000,-238000,-192586
="063134",0,50000,-50000,-66399
="063137",90000,0,90000,261900
="063201",65000,1000,64000,55389
="063209",1000,0,1000,460
="063337",0,1000,-1000,-2769
="063444",2000,50000,-48000,-47762
="063536",13000,90000,-77000,-43750
="063926",20000,0,20000,23800
="064057",30000,200000,-170000,-28100
="064137",140000,0,140000,25200
="064446",221000,85000,136000,60010
="064453",4000,0,4000,1559
="064462",130000,3000,127000,56468
="064710",4000,0,4000,2160
="064713",50000,0,50000,29499
="064718",30000,0,30000,138300
="064719",16000,0,16000,99448
="064720",1000,0,1000,259
="064721",30000,0,30000,7500
="064724",0,499000,-499000,-139720
="064827",0,2000,-2000,-4659
="064835",3000,0,3000,1800
="064915",11000,0,11000,1980
="064917",3000,0,3000,3148
="064918",4000,0,4000,639
="064919",41000,0,41000,17429
="064921",3000,0,3000,2730
="064925",32000,27000,5000,3181
="064926",180000,0,180000,7199
="065315",30000,110000,-80000,-2899
="065338",5000,10000,-5000,-3299
="065342",10000,0,10000,33099
="065450",100000,0,100000,31000
="065451",0,100000,-100000,-15999
="065532",60000,0,60000,7199
="065540",10000,0,10000,1500
="065541",75000,0,75000,5250
="065679",16000,30000,-14000,-108649
="065685",20000,10000,10000,11500
="065686",982000,74000,908000,479028
="065889",11000,42000,-31000,-83811
="065945",0,10000,-10000,-42300
="065953",10000,0,10000,1199
="065957",5000,0,5000,2649
="066005",0,38000,-38000,-157420
="066009",50000,0,50000,108999
="066197",10000,0,10000,46599
="066198",1000,11000,-10000,-14600
="066201",0,20000,-20000,-8000
="066203",52000,7000,45000,28840
="066213",100000,20000,80000,16600
="066217",30000,50000,-20000,-19097
="066218",46000,10000,36000,39498
="066422",20000,0,20000,11200
="066456",0,21000,-21000,-7409
="066460",10000,122000,-112000,-48840
="066462",0,5000,-5000,-1049
="066524",0,56000,-56000,-91576
="066525",5000,0,5000,5649
="066526",78000,453000,-375000,-295350
="066529",4000,80000,-76000,-29671
="066694",5000,0,5000,11000
="067149",0,10000,-10000,-13300
="067150",82000,20000,62000,108558
="067151",8000,0,8000,9978
="067152",0,92000,-92000,-59799
="067153",199000,0,199000,15919
="067157",0,49000,-49000,-3919
="067276",130000,212000,-82000,-55852
="067277",0,50000,-50000,-15000
="067278",10000,0,10000,3600
="067279",0,233000,-233000,-141908
="067368",3000,0,3000,1049
="067371",70000,0,70000,151900
="067372",66000,0,66000,100839
="067378",2000,2000,0,-80
="067383",20000,103000,-83000,-38410
="067386",15000,0,15000,548
="067510",0,1000,-1000,-419
="067514",80000,0,80000,25440
="067515",555000,30000,525000,158998
="067516",0,80000,-80000,-31098
="067643",199000,0,199000,5969
="067766",3000,0,3000,6059
="067768",0,1000,-1000,-3000
="067770",5000,8000,-3000,-22599
="067772",41000,0,41000,2050
="067774",25000,59000,-34000,-26987
="067775",210000,0,210000,16799
="067776",0,1000,-1000,-150
="067831",10000,0,10000,85000
="067832",5000,60000,-55000,-174001
="067834",0,1000,-1000,-13199
="067835",0,50000,-50000,-7000
="067836",2000,10000,-8000,-21281
="068046",1000,0,1000,8000
="068048",0,40000,-40000,-4799
="068128",10000,4000,6000,27618
="068129",122000,161000,-39000,-13209
="068131",22000,0,22000,38000
="068217",10000,1000,9000,17721
="068219",35000,3000,32000,61257
="068220",899000,147000,752000,1248687
="068221",260000,94000,166000,242451
="068223",210000,0,210000,84000
="068224",27000,69000,-42000,-14000
="068257",20000,0,20000,43199
="068383",12000,30000,-18000,-40680
="068386",2000,0,2000,5118
="068387",5000,23000,-18000,-88598
="068390",104000,118000,-14000,-32297
="068392",3000,0,3000,5520
="068397",227000,373000,-146000,-176220
="068510",0,1000,-1000,-3119
="068511",37000,11000,26000,64959
="068512",0,97000,-97000,-84548
="068513",0,10000,-10000,-9399
="068514",2000,93000,-91000,-65681
="068515",6000,105000,-99000,-129489
="068519",1000,0,1000,2440
="068521",109000,51000,58000,51918
="068592",0,4000,-4000,-12680
="068594",43000,0,43000,148390
="068595",37000,0,37000,126008
="068665",5000,0,5000,27500
="068666",0,2000,-2000,-15899
="068669",65000,3000,62000,117489
="068670",2059000,1288000,771000,907017
="068671",1000,0,1000,3400
="068672",100000,0,100000,20329
="068673",20000,0,20000,30399
="068674",41000,0,41000,27118
="068767",40000,3000,37000,137818
="068768",20000,0,20000,74600
="068769",94000,549000,-455000,-143151
="068834",25000,0,25000,3249
="068841",40000,0,40000,799
="068843",0,36000,-36000,-151798
="068844",1000,0,1000,3450
="068847",0,13000,-13000,-45370
="068850",111000,0,111000,98789
="068851",143000,79000,64000,37389
="068852",155000,933000,-778000,-268769
="068854",0,132000,-132000,-7939
="068939",0,30000,-30000,-501000
="069034",10000,100000,-90000,-13500
="069040",5000,0,5000,8000
="069095",20000,65000,-45000,-54597
="069096",0,50000,-50000,-28499
="069097",156000,11000,145000,91235
="069099",30000,0,30000,33300
="069103",30000,0,30000,3299
="069105",10000,4000,6000,15329
="069106",20000,10000,10000,19400
="069190",43000,1000,42000,39278
="069191",3000,0,3000,1020
="069192",515000,34000,481000,163360
="069193",135000,0,135000,57799
="069208",50000,0,50000,92500
="069397",45000,28000,17000,17920
="069402",6000,15000,-9000,-32639
="069404",20000,0,20000,2599
="069407",82000,0,82000,389788
="069411",55000,0,55000,17599
="069412",0,10000,-10000,-3899
="069414",1364000,1769000,-405000,-237460
="069415",0,10000,-10000,-5099
="069416",21000,15000,6000,1869
="069420",0,1000,-1000,-239
="069446",12000,0,12000,13619
="069448",55000,10000,45000,42397
="069449",101000,535000,-434000,-65349
="069453",5000,0,5000,12949
="069612",94000,70000,24000,63946
="069614",0,40000,-40000,-179200
="069618",20000,4000,16000,7000
="069622",6000,0,6000,7799
="069691",3779000,117000,3662000,6126393
="069693",188000,0,188000,147639
="069823",3000,0,3000,1290
="069824",280000,2000,278000,127961
="069877",0,100000,-100000,-80000
="069927",50000,1000,49000,15160
="069930",0,29000,-29000,-27549
="069931",20000,0,20000,26199
="069933",0,80000,-80000,-68000
="069934",0,32000,-32000,-58966
="070133",586000,153000,433000,284401
="070134",28000,473000,-445000,-171427
="070135",0,30000,-30000,-16200
="070136",0,5000,-5000,-3350
="070138",25000,69000,-44000,-23592
="070141",153000,0,153000,142808
="070147",38000,415000,-377000,-433581
="070148",250000,15000,235000,51399
="070245",133000,0,133000,95760
="070250",0,130000,-130000,-134647
="070255",0,85000,-85000,-7609
="070376",1000,0,1000,540
="070431",65000,35000,30000,25201
="070432",0,40000,-40000,-7998
="070444",5000,30000,-25000,-4069
="070445",359000,128000,231000,158080
="070477",30000,0,30000,42198
="070531",0,25000,-25000,-7099
="070533",0,235000,-235000,-24349
="070536",4000,6000,-2000,-2198
="070538",209000,90000,119000,86370
="070606",14000,30000,-16000,-5422
="070608",162000,0,162000,107885
="070609",1000,0,1000,790
="070857",625000,1000,624000,393217
="070858",1000,0,1000,519
="070860",1062000,0,1062000,211998
="070861",41000,0,41000,21689
="070862",14000,103000,-89000,-22880
="070864",3000,0,3000,1980
="070867",17000,20000,-3000,-780
="070913",0,1000,-1000,-2329
="071013",0,30000,-30000,-1199
="071125",0,23000,-23000,-162499
="071127",0,2000,-2000,-5579
="071206",5000,0,5000,102500
="071209",0,20000,-20000,-91299
="071217",0,4000,-4000,-1778
="071218",5000,0,5000,1800
="071220",30000,1219000,-1189000,-141800
="071222",15000,0,15000,18090
="071224",70000,0,70000,141727
="071226",16000,11000,5000,5609
="071319",4000,8000,-4000,-11470
="071321",0,150000,-150000,-93968
="071334",146000,0,146000,326928
="071335",22000,0,22000,38060
="071438",30000,0,30000,72900
="071445",2000,22000,-20000,-37748
="071446",0,43000,-43000,-39589
="071447",65000,100000,-35000,-12550
="071448",2000,58000,-56000,-127795
="071457",10000,0,10000,22699
="071568",0,12000,-12000,-13919
="071572",35000,0,35000,31428
="071706",2000,0,2000,12399
="071708",0,173000,-173000,-132760
="071710",265000,55000,210000,184568
="071890",10000,0,10000,26400
="071985",400000,0,400000,2094999
="072046",62000,20000,42000,249201
="072047",0,20000,-20000,-71599
="072048",0,10000,-10000,-2899
="072051",50000,112000,-62000,-39430
="072112",0,2000,-2000,-27800
="072121",20000,0,20000,7400
="072122",100000,2000,98000,143599
="072300",0,110000,-110000,-24199
="072306",0,5000,-5000,-3849
="072308",10000,0,10000,1400
="072309",5000,0,5000,1500
="072310",30000,0,30000,5400
="072313",15000,2000,13000,19959
="072403",121000,77000,44000,219168
="072404",59000,119000,-60000,-130361
="072410",120000,120000,0,-1401
="072411",75000,19000,56000,34900
="072412",80000,0,80000,134718
="072462",0,3000,-3000,-4289
="072556",10000,20000,-10000,-14400
="072559",20000,15000,5000,6200
="072561",0,20000,-20000,-17499
="072562",16000,0,16000,15520
="072567",0,50000,-50000,-18999
="072625",10000,170000,-160000,-30499
="072634",20000,69000,-49000,-68668
="072635",1000,0,1000,490
="072638",0,50000,-50000,-54000
="072639",2000,0,2000,8020
="072710",10000,0,10000,46599
="072711",10000,0,10000,8500
="072712",9000,5000,4000,14759
="072713",0,10000,-10000,-31800
="072808",51000,8000,43000,148847
="072812",0,10000,-10000,-19369
="072813",5000,0,5000,11728
="072964",0,308000,-308000,-267960
="072966",0,9000,-9000,-13589
="072968",0,42000,-42000,-50789
="072971",40000,18000,22000,81019
="072972",0,25000,-25000,-35347
="072973",0,25000,-25000,-26709
="072974",0,10000,-10000,-30199
="073027",65000,599000,-534000,-559466
="073031",407000,74000,333000,60159
="073036",3000,7000,-4000,-3520
="073037",105000,114000,-9000,-5269
="073038",139000,370000,-231000,-338882
="073039",105000,80000,25000,15002
="073040",0,47000,-47000,-52088
="073094",5000,0,5000,32750
="073096",104000,19000,85000,61209
="073097",101000,0,101000,73020
="073100",101000,0,101000,69689
="073102",82000,45000,37000,28591
="073104",181000,0,181000,200538
="073105",323000,169000,154000,138029
="073106",129000,373000,-244000,-215961
="073377",175000,62000,113000,75250
="073379",205000,0,205000,151600
="073384",40000,0,40000,7200
="073387",0,1000,-1000,-1429
="073388",60000,0,60000,46348
="073390",262000,18000,244000,337878
="073487",60000,0,60000,43439
="073492",20000,0,20000,64400
="073493",0,238000,-238000,-220520
="073497",9000,0,9000,33966
="073500",20000,43000,-23000,-18810
="073502",80000,119000,-39000,-13139
="073503",35000,0,35000,27099
="073504",0,700000,-700000,-249199
="073615",0,36000,-36000,-86400
="073616",0,37000,-37000,-121507
="073735",0,499000,-499000,-234529
="073739",0,6000,-6000,-20570
="073740",2000,0,2000,5880
="073741",85000,7000,78000,207756
="073742",3000,2000,1000,3900
="073743",45000,0,45000,104906
="073744",0,5000,-5000,-3600
="073745",73000,29000,44000,89018
="073747",13000,34000,-21000,-11712
="073748",10000,10000,0,-1599
="073797",0,20000,-20000,-1599
="073808",22000,35000,-13000,-22369
="073809",10000,113000,-103000,-45289
="073811",10000,36000,-26000,-29721
="073812",0,15000,-15000,-12800
="073920",10000,0,10000,20799
="073982",159000,90000,69000,64948
="073984",0,39000,-39000,-54617
="073985",10000,0,10000,35699
="074020",7000,0,7000,22479
="074060",10000,6000,4000,5220
="074063",0,4000,-4000,-1840
="074066",25000,0,25000,28999
="074068",18000,0,18000,26100
="074069",0,3000,-3000,-2040
="074165",440000,0,440000,347600
="074167",88000,20000,68000,199800
="074168",158000,0,158000,178738
="074170",0,109000,-109000,-100390
="074171",0,15000,-15000,-13248
="074257",37000,0,37000,34568
="074258",0,410000,-410000,-427697
="074344",7000,0,7000,22120
="074347",121000,405000,-284000,-731549
="074349",30000,5000,25000,51447
="074350",10000,15000,-5000,-7583
="074351",11000,5000,6000,6429
="074352",102000,31000,71000,19980
="074353",21000,20000,1000,1904
="074354",61000,41000,20000,43090
="074412",250000,0,250000,264498
="074446",233000,0,233000,177108
="074447",20000,10000,10000,12000
="074448",0,25000,-25000,-13548
="074449",0,182000,-182000,-595200
="074450",10000,0,10000,6999
="074451",70000,0,70000,142698
="074452",118000,0,118000,88500
="074453",10000,99000,-89000,-74058
="074454",0,27000,-27000,-29810
="074455",0,30000,-30000,-15899
="074456",30000,30000,0,-1500
="074495",0,50000,-50000,-41499
="074499",700000,0,700000,139569
="074680",6000,20000,-14000,-39282
="074681",0,30000,-30000,-35700
="074685",75000,0,75000,418498
="074686",36000,0,36000,190749
="074687",9000,468000,-459000,-771266
="074690",11000,7000,4000,16793
="074758",0,10000,-10000,-28399
="074782",10000,0,10000,26400
="074785",0,1000,-1000,-4900
="074786",0,11000,-11000,-19418
="074787",14000,9000,5000,7709
="074788",3000,39000,-36000,-126167
="074789",21000,3000,18000,54240
="074790",122000,15000,107000,266999
="074794",11000,10000,1000,2367
="074796",0,37000,-37000,-88060
="074799",0,25000,-25000,-20250
="074800",8000,6000,2000,6898
="074801",102000,0,102000,204000
="074802",185000,68000,117000,222300
="074803",4000,16000,-12000,-22978
="074804",24000,73000,-49000,-73510
="074807",28000,30000,-2000,-9094
="074810",72000,0,72000,124028
="074811",10000,0,10000,11900
="074814",0,30000,-30000,-81000
="074816",0,20000,-20000,-10900
="074817",10000,0,10000,22000
="074818",1000,0,1000,2319
="074819",141000,40000,101000,207147
="074894",0,4000,-4000,-19339
="074896",2000,0,2000,2960
="074897",0,166000,-166000,-406180
="074898",11000,0,11000,50078
="074899",389000,0,389000,504119
="074900",18000,20000,-2000,-4259
="074901",4000,0,4000,10920
="074905",60000,0,60000,204600
="074906",0,50000,-50000,-19499
="074907",2000,0,2000,11048
="074908",105000,79000,26000,52731
="075051",11000,0,11000,19689
="075052",0,10000,-10000,-33299
="075054",0,60000,-60000,-129999
="075167",0,7000,-7000,-9869
="075168",0,6000,-6000,-11100
="075170",0,5000,-5000,-13049
="075172",5000,6000,-1000,-3861
="075396",283000,262000,21000,12222
="075398",1000,10000,-9000,-43141
="075400",0,1000,-1000,-3019
="075401",20000,20000,0,299
="075402",10000,0,10000,20999
="075408",306000,89000,217000,146897
="075409",32000,0,32000,14499
="075411",214000,0,214000,128400
="075513",29000,26000,3000,6480
="075517",2000,0,2000,9800
="075534",2000,0,2000,26699
="075641",29000,0,29000,23490
="075642",50000,60000,-10000,-21300
="075693",0,52000,-52000,-86735
="075695",2000,0,2000,1360
="075700",13000,0,13000,17179
="075826",0,2000,-2000,-1759
="075827",30000,55000,-25000,-67752
="075828",1000,690000,-689000,-855047
="075829",252000,82000,170000,133899
="075830",0,20000,-20000,-17999
="075831",7000,229000,-222000,-420520
="075886",1000,0,1000,2039
="075964",2000,0,2000,12100
="075966",0,44000,-44000,-129376
="075968",63000,12000,51000,179096
="075969",20000,8000,12000,7479
="075970",135000,141000,-6000,-16528
="075971",23000,22000,1000,4590
="075972",69000,14000,55000,108252
="076055",9000,0,9000,13500
="076057",204000,50000,154000,113421
="076062",47000,38000,9000,11280
="076063",0,66000,-66000,-80520
="076064",51000,927000,-876000,-1086258
="076107",1000,0,1000,1320
="076180",20000,1000,19000,66830
="076182",0,1000,-1000,-3990
="076184",5000,4000,1000,3072
="076235",3000,0,3000,3270
="076289",6000,0,6000,6420
="076290",10000,107000,-97000,-55099
="076406",4000,5000,-1000,-3752
="076408",0,8000,-8000,-7840
="076410",0,20000,-20000,-69300
="076411",121000,20000,101000,123223
="076412",0,74000,-74000,-88060
="076414",43000,76000,-33000,-36370
="076415",50000,0,50000,38499
="076416",97000,194000,-97000,-106050
="076418",0,57000,-57000,-82840
="076419",0,77000,-77000,-80079
="076420",95000,497000,-402000,-772873
="076550",2000,20000,-18000,-19080
="076551",92000,24000,68000,205348
="076652",212000,0,212000,192920
="076653",405000,251000,154000,242627
="076654",81000,52000,29000,35321
="076655",65000,21000,44000,147177
="076682",0,100000,-100000,-234999
="076912",25000,0,25000,19269
="076913",10000,20000,-10000,-33001
="076914",152000,0,152000,156289
="076915",183000,0,183000,603947
="076916",0,50000,-50000,-114499
="076917",0,163000,-163000,-338626
="076921",5000,0,5000,2249
="076922",49000,0,49000,49489
="076923",10000,0,10000,4799
="076971",20000,0,20000,127499
="077061",107000,60000,47000,33549
="077064",0,293000,-293000,-249207
="077065",0,15000,-15000,-19098
="077066",11000,32000,-21000,-63288
="077067",245000,33000,212000,625178
="077068",87000,0,87000,250848
="077069",76000,14000,62000,165442
="077103",314000,475000,-161000,-535821
="077105",19000,10000,9000,24980
="077108",665000,373000,292000,497683
="077109",691000,8000,683000,1155479
="077110",32000,358000,-326000,-239539
="077217",0,35000,-35000,-53899
="077275",538000,160000,378000,783168
="077276",489000,156000,333000,371463
="077277",9000,13000,-4000,-11481
="077278",11000,51000,-40000,-65869
="077280",27000,280000,-253000,-225617
="077281",132000,378000,-246000,-453879
="077356",900000,0,900000,341999
="077412",10000,13000,-3000,-5190
="077585",4000,0,4000,2279
="077586",61000,429000,-368000,-936887
="077587",77000,181000,-104000,-252951
="077588",1000,11000,-10000,-39210
="077589",280000,0,280000,140000
="077591",10000,0,10000,30599
="077593",15000,20000,-5000,-4249
="077595",0,39000,-39000,-41400
="077596",20000,0,20000,42599
="077646",23000,8000,15000,8590
="077647",3000,44000,-41000,-48689
="077648",10000,1000,9000,12859
="077649",0,56000,-56000,-133898
="077650",114000,0,114000,70680
="077651",0,55000,-55000,-154349
="077652",533000,0,533000,532559
="077656",0,24000,-24000,-41640
="077658",170000,10000,160000,353821
="077659",24000,10000,14000,33800
="077694",10000,0,10000,8000
="077810",170000,12000,158000,326443
="077811",896000,300000,596000,924229
="077812",49000,0,49000,90650
="077941",0,50000,-50000,-51418
="077942",39000,369000,-330000,-419128
="077944",424000,42000,382000,355281
="077945",234000,35000,199000,387279
="077946",86000,32000,54000,95676
="077963",30000,0,30000,64800
="078006",0,1000,-1000,-1269
="078025",0,1000,-1000,-1649
="078038",110000,213000,-103000,-282790
="078087",260000,479000,-219000,-582920
="078089",5000,0,5000,5849
="078090",40000,0,40000,77799
="078091",134000,0,134000,256577
="078092",210000,204000,6000,11119
="078093",62000,10000,52000,107667
="078094",5000,0,5000,16599
="078095",56000,0,56000,145038
="078097",0,22000,-22000,-26559
="078098",0,390000,-390000,-393557
="078099",22000,550000,-528000,-666388
="078339",0,1000,-1000,-1570
="078374",30000,0,30000,165998
="078461",1000,56000,-55000,-49479
="078463",0,54000,-54000,-71820
="078464",20000,20000,0,-2999
="078465",0,11000,-11000,-59148
="078466",48000,15000,33000,87208
="078469",4000,46000,-42000,-49209
="078470",20000,53000,-33000,-48278
="078474",172000,92000,80000,53377
="078475",0,20000,-20000,-27999
="078476",235000,1151000,-916000,-974884
="078477",64000,5000,59000,136479
="078610",0,40000,-40000,-50698
="078699",3000,0,3000,1169
="078713",0,1000,-1000,-1509
="078718",15000,167000,-152000,-221768
="078719",59000,15000,44000,217250
="078720",2000,0,2000,4668
="078721",299000,643000,-344000,-1241803
="078723",1000,0,1000,1139
="078724",25000,294000,-269000,-252980
="078725",30000,0,30000,38699
="078726",0,5000,-5000,-2000
="078727",14000,0,14000,24018
="078846",0,10000,-10000,-26500
="078847",1000,0,1000,2420
="078848",197000,2918000,-2721000,-3339865
="078849",6000,7000,-1000,-2378
="078850",0,5000,-5000,-10399
="078853",319000,294000,25000,96706
="078854",50000,11000,39000,42418
="078855",92000,43000,49000,223680
="078856",56000,404000,-348000,-1432261
="078857",0,1000,-1000,-2029
="078885",10000,0,10000,17100
="078943",33000,20000,13000,26740
="078944",78000,114000,-36000,-90302
="078945",30000,45000,-15000,-17249
="078946",0,59000,-59000,-62137
="078947",50000,83000,-33000,-39110
="078949",333000,12000,321000,848551
="079090",5000,5000,0,0
="079091",0,421000,-421000,-352697
="079189",0,1000,-1000,-990
="079285",5000,9000,-4000,-8928
="079286",230000,0,230000,218358
="079287",151000,0,151000,135899
="079288",121000,283000,-162000,-313939
="079289",31000,287000,-256000,-331060
="079290",494000,66000,428000,787109
="079291",45000,0,45000,84019
="079425",2000,0,2000,1720
="079426",1222000,125000,1097000,1086760
="079427",83000,15000,68000,79548
="079429",230000,78000,152000,249193
="079430",123000,0,123000,152426
="079431",35000,0,35000,19949
="079432",11000,0,11000,5609
="079434",0,70000,-70000,-68199
="079435",156000,46000,110000,212370
="079457",0,28000,-28000,-34368
="079583",63000,0,63000,97207
="079584",23000,0,23000,31699
="079585",9000,0,9000,27899
="079586",25000,8000,17000,9520
="079606",16000,0,16000,78840
="079613",3000,0,3000,1800
="079626",20000,0,20000,56298
="079727",0,34000,-34000,-38998
="079728",408000,268000,140000,105930
="079729",16000,29000,-13000,-11751
="079730",88000,566000,-478000,-530237
="079732",5000,30000,-25000,-52148
="079733",30000,5000,25000,54250
="079735",0,64000,-64000,-164036
="079736",6000,573000,-567000,-487538
="079737",20000,59000,-39000,-40017
="079738",488000,12000,476000,525258
="079740",192000,170000,22000,26359
="079741",385000,5000,380000,654746
="079742",49000,143000,-94000,-170695
="079743",419000,406000,13000,1472
="079744",440000,0,440000,336398
="079745",401000,41000,360000,414257
="079792",10000,0,10000,5500
="079830",2000,11000,-9000,-12031
="079868",187000,139000,48000,38356
="079869",2000,0,2000,1419
="079871",1035000,191000,844000,890980
="079872",134000,11000,123000,107269
="079873",0,50000,-50000,-146866
="079979",196000,82000,114000,61999
="079981",61000,46000,15000,33232
="079982",100000,0,100000,56000
="079983",42000,35000,7000,7960
="079984",6000,0,6000,9158
="079985",138000,158000,-20000,-27759
="08006P",20000,0,20000,1199
="080117",0,1000,-1000,-1360
="080162",0,100000,-100000,-102999
="080163",150000,291000,-141000,-119339
="080164",300000,0,300000,152999
="080166",8000,0,8000,6079
="080167",0,93000,-93000,-79980
="080168",0,31000,-31000,-24479
="080169",50000,0,50000,23000
="080170",32000,653000,-621000,-375249
="080171",200000,0,200000,148000
="080172",50000,0,50000,30500
="080174",0,7000,-7000,-9099
="080175",46000,6000,40000,68761
="080176",136000,20000,116000,180549
="080177",11000,0,11000,10900
="080178",0,199000,-199000,-193315
="080180",57000,10000,47000,38159
="080181",44000,1000,43000,29638
="080182",30000,21000,9000,8319
="080184",8000,0,8000,15119
="080185",78000,10000,68000,150551
="080186",60000,0,60000,73200
="080204",100000,400000,-300000,-428497
="080205",100000,149000,-49000,-105579
="080316",499000,0,499000,194609
="080317",499000,0,499000,274450
="080343",1000,0,1000,810
="080344",351000,483000,-132000,-225705
="080346",0,40000,-40000,-27999
="080347",17000,0,17000,13530
="080348",10000,0,10000,13700
="080349",582000,282000,300000,405672
="080351",209000,0,209000,192879
="080352",6000,532000,-526000,-356877
="080386",0,43000,-43000,-199439
="080506",100000,0,100000,118999
="080540",76000,34000,42000,39560
="080541",0,33000,-33000,-22769
="080543",39000,8000,31000,18450
="080544",10000,156000,-146000,-58400
="080545",456000,300000,156000,211117
="080546",12000,23000,-11000,-10370
="080552",0,50000,-50000,-72500
="080594",87000,8000,79000,69238
="080595",60000,1000,59000,25321
="080596",15000,30000,-15000,-11147
="080597",63000,0,63000,67639
="080598",91000,0,91000,57089
="080600",10000,6000,4000,2880
="080601",50000,6000,44000,21941
="080602",324000,38000,286000,521269
="080603",45000,3000,42000,78899
="080696",160000,110000,50000,97169
="080846",0,21000,-21000,-13020
="080857",40000,0,40000,27200
="080860",20000,36000,-16000,-13821
="080861",103000,24000,79000,180920
="080862",0,130000,-130000,-90999
="080863",12000,5000,7000,3669
="080864",179000,212000,-33000,-45497
="080867",173000,70000,103000,148198
="080868",269000,0,269000,174849
="080869",0,5000,-5000,-3100
="080870",100000,50000,50000,32200
="081016",134000,185000,-51000,-30321
="081018",100000,0,100000,44999
="081020",389000,708000,-319000,-216390
="081021",92000,189000,-97000,-34186
="081022",200000,0,200000,281998
="081023",42000,0,42000,26459
="081024",647000,597000,50000,68400
="081025",0,172000,-172000,-110280
="081026",4000,0,4000,1960
="081046",5000,0,5000,1250
="081213",0,195000,-195000,-137947
="081214",110000,125000,-15000,-6401
="081216",42000,88000,-46000,-45277
="081217",44000,233000,-189000,-129408
="081218",210000,365000,-155000,-107701
="081219",15000,30000,-15000,-9300
="081220",0,119000,-119000,-141128
="081221",648000,267000,381000,427331
="081222",10000,333000,-323000,-236950
="081223",1000,2000,-1000,-809
="081224",636000,355000,281000,114913
="081225",889000,352000,537000,413072
="081226",428000,155000,273000,101451
="081227",15000,106000,-91000,-47009
="081231",35000,45000,-10000,-3800
="081234",68000,0,68000,101320
="081235",101000,0,101000,67469
="081271",40000,64000,-24000,-13230
="081272",0,146000,-146000,-125530
="081273",0,80000,-80000,-35199
="081276",0,15000,-15000,-13499
="081278",15000,0,15000,16650
="081279",10000,0,10000,5600
="081280",0,2000,-2000,-1330
="081281",0,22000,-22000,-18039
="081282",499000,449000,50000,43780
="081283",421000,161000,260000,147893
="081284",6000,20000,-14000,-9701
="081285",30000,80000,-50000,-68900
="081286",5000,60000,-55000,-27001
="081287",1000,53000,-52000,-68119
="081288",26000,35000,-9000,-8569
="081289",29000,10000,19000,31670
="081370",0,10000,-10000,-22599
="081408",0,40000,-40000,-64800
="081428",0,13000,-13000,-15399
="081429",0,114000,-114000,-78858
="081430",0,140000,-140000,-74399
="081432",26000,0,26000,13259
="081434",20000,30000,-10000,-4801
="081435",118000,15000,103000,80189
="081436",494000,529000,-35000,-39299
="081437",6000,125000,-119000,-73939
="081438",313000,35000,278000,341341
="081439",37000,53000,-16000,-17369
="081440",108000,5000,103000,79877
="081441",0,10000,-10000,-6000
="081442",0,3000,-3000,-3270
="081443",31000,135000,-104000,-71609
="081444",4000,20000,-16000,-6661
="081446",1000,1000,0,-39
="081447",10000,0,10000,14099
="081448",10000,0,10000,9900
="081449",53000,0,53000,50318
="081450",15000,0,15000,12000
="081451",20000,25000,-5000,-5000
="081452",1000,2000,-1000,-1360
="081502",0,50000,-50000,-80200
="081562",20000,0,20000,57298
="081633",0,50000,-50000,-75697
="081692",10000,0,10000,46599
="081696",5000,0,5000,10149
="081707",8000,60000,-52000,-41148
="081708",0,45000,-45000,-36000
="081709",2063000,775000,1288000,1454239
="081710",57000,699000,-642000,-826467
="081711",923000,2622000,-1699000,-1961519
="081712",792000,1601000,-809000,-846169
="081713",312000,354000,-42000,-72696
="081714",96000,5000,91000,67141
="081715",411000,232000,179000,236259
="081716",0,50000,-50000,-36939
="081717",316000,52000,264000,237881
="081718",40000,35000,5000,3600
="081719",0,45000,-45000,-42917
="081720",10000,69000,-59000,-52199
="081721",0,10000,-10000,-12400
="081722",280000,0,280000,250508
="081723",746000,791000,-45000,-82928
="081724",0,153000,-153000,-194178
="081725",616000,35000,581000,600777
="081726",0,104000,-104000,-70328
="081727",215000,328000,-113000,-101956
="081786",0,50000,-50000,-427500
="081841",499000,0,499000,678640
="081847",2000,0,2000,4460
="081930",80000,75000,5000,7549
="081944",0,20000,-20000,-11399
="081945",485000,376000,109000,128699
="081946",100000,180000,-80000,-186096
="081947",81000,64000,17000,17811
="081948",0,112000,-112000,-118597
="081949",10000,0,10000,12799
="081950",4000,320000,-316000,-344217
="081951",1146000,13000,1133000,974261
="081952",30000,365000,-335000,-272618
="081953",0,277000,-277000,-202828
="081955",115000,0,115000,88549
="081957",9000,0,9000,4860
="081958",5000,119000,-114000,-77209
="081959",483000,137000,346000,464882
="082101",10000,0,10000,61500
="082122",0,153000,-153000,-110160
="082123",1000,0,1000,920
="082124",482000,185000,297000,323688
="082127",150000,217000,-67000,-94168
="082128",444000,444000,0,6052
="082129",129000,62000,67000,83131
="082130",3804000,2985000,819000,725539
="082131",0,78000,-78000,-59519
="082132",132000,229000,-97000,-118953
="082133",104000,486000,-382000,-389518
="082134",131000,299000,-168000,-151579
="082135",10000,101000,-91000,-90190
="082136",514000,55000,459000,352880
="082137",34000,197000,-163000,-137649
="082138",45000,150000,-105000,-84717
="082139",0,1000,-1000,-790
="082140",97000,10000,87000,97009
="082141",0,7000,-7000,-4270
="082144",617000,240000,377000,492406
="082145",268000,503000,-235000,-158350
="082154",80000,0,80000,210298
="082314",0,30000,-30000,-19199
="082315",160000,247000,-87000,-77926
="082318",620000,94000,526000,277470
="082319",399000,2986000,-2587000,-3596815
="082320",3000,3000,0,121
="082321",858000,491000,367000,463983
="082323",20000,25000,-5000,-4299
="082325",131000,80000,51000,39041
="082326",618000,199000,419000,322054
="082327",0,92000,-92000,-90660
="082328",15000,2000,13000,11567
="082330",245000,1091000,-846000,-1101555
="082331",0,50000,-50000,-45088
="082332",0,36000,-36000,-30918
="082333",5000,84000,-79000,-65618
="082334",0,32000,-32000,-29567
="082335",12000,923000,-911000,-656318
="082336",10000,25000,-15000,-10850
="082337",139000,51000,88000,124072
="082339",122000,80000,42000,23140
="082340",82000,197000,-115000,-65110
="082395",0,60000,-60000,-59900
="082475",43000,162000,-119000,-93989
="082476",9000,212000,-203000,-276806
="082477",25000,75000,-50000,-52411
="082478",155000,120000,35000,22300
="082479",0,65000,-65000,-47949
="082480",80000,50000,30000,19000
="082481",468000,589000,-121000,-124131
="082482",557000,1387000,-830000,-696108
="082483",347000,70000,277000,306340
="082485",30000,0,30000,32700
="082486",160000,285000,-125000,-105879
="082487",624000,747000,-123000,-139962
="082488",438000,1374000,-936000,-849010
="082490",0,237000,-237000,-175750
="082491",0,150000,-150000,-92499
="082492",76000,3000,73000,67281
="082493",157000,1707000,-1550000,-1680826
="082494",490000,1286000,-796000,-1106743
="082495",653000,271000,382000,329970
="082496",0,40000,-40000,-27200
="082499",102000,40000,62000,62760
="082500",203000,0,203000,174479
="082501",1000,72000,-71000,-78937
="082503",124000,98000,26000,26012
="082558",0,768000,-768000,-625812
="082560",958000,2504000,-1546000,-1675139
="082561",0,76000,-76000,-71577
="082562",1000,233000,-232000,-221088
="082563",721000,275000,446000,569851
="082564",552000,496000,56000,41943
="082566",15000,0,15000,13800
="082567",0,80000,-80000,-44000
="082568",0,33000,-33000,-28050
="082573",20000,165000,-145000,-103100
="082574",317000,1315000,-998000,-1259948
="082575",143000,0,143000,109978
="082576",471000,573000,-102000,-136159
="082577",119000,114000,5000,2160
="082578",69000,505000,-436000,-516160
="082749",0,539000,-539000,-393470
="082750",0,264000,-264000,-227040
="082751",1000,10000,-9000,-7181
="082753",10000,10000,0,0
="082754",0,1155000,-1155000,-1296317
="082755",7000,227000,-220000,-186939
="082756",0,265000,-265000,-225048
="082757",0,25000,-25000,-18000
="082760",0,11000,-11000,-8458
="082761",120000,350000,-230000,-205002
="082762",0,10000,-10000,-6299
="082763",15000,45000,-30000,-26596
="082768",386000,2277000,-1891000,-2274892
="082770",265000,2030000,-1765000,-1605199
="082773",0,41000,-41000,-37720
="082776",3000,460000,-457000,-517605
="082840",2000,0,2000,1519
="082925",5000,161000,-156000,-71039
="082931",0,100000,-100000,-95598
="082933",0,35000,-35000,-33148
="082934",0,23000,-23000,-13789
="082937",0,379000,-379000,-404037
="1101",24033,7837,16196,675625
="1102",3000,0,3000,126450
="1103",2001,0,2001,34417
="1201",3,0,3,63
="1203",2,0,2,70
="1210",10000,106764,-96764,-4740303
="1215",2000,0,2000,144000
="1216",213000,90001,122999,8191634
="1217",3,0,3,24
="1218",30000,50000,-20000,-564000
="1225",0,1000,-1000,-36250
="1227",2000,0,2000,114600
="1232",0,1000,-1000,-133500
="1301",2501,752000,-749499,-69763555
="1303",0,15000,-15000,-1072500
="1304",358,0,358,7151
="1305",3000,0,3000,74500
="1308",143,0,143,2788
="1309",10000,350,9650,308079
="1312",3001,66000,-62999,-1412427
="1313",24000,2000,22000,359650
="1314",18000,64000,-46000,-465050
="1316",1,0,1,12
="1319",0,170000,-170000,-6253997
="1325",31000,41000,-10000,-852295
="1326",0,248,-248,-20584
="1336",10001,0,10001,247524
="1337",101,0,101,868
="1338",1000,1000,0,1100
="1402",319000,4000,315000,8593499
="1409",140000,7000,133000,1751898
="1414",0,2000,-2000,-24799
="1416",100,0,100,1110
="1417",1,0,1,10
="1418",1,0,1,7
="1423",1,0,1,17
="1434",0,56000,-56000,-1689600
="1435",0,5000,-5000,-146999
="1452",1,0,1,16
="1454",1000,0,1000,8250
="1464",1,0,1,17
="1465",50,0,50,650
="1466",4000,4000,0,-549
="1476",15000,43000,-28000,-11175500
="1477",43000,27000,16000,3133500
="1503",1,0,1,49
="1504",1000,69000,-68000,-1951300
="1506",1,0,1,10
="1507",0,1003,-1003,-61584
="1513",73001,23000,50001,2403946
="1515",7000,0,7000,546398
="1517",6001,0,6001,80713
="1519",1000,3000,-2000,-91550
="1522",1000,0,1000,23899
="1524",2001,0,2001,23211
="1527",7001,1000,6001,264094
="1528",1,0,1,10
="1532",0,1000,-1000,-31200
="1533",5000,97000,-92000,-5655897
="1536",5001,21000,-15999,-1929380
="1538",1,0,1,8
="1540",1,0,1,15
="1568",13000,8000,5000,155752
="1586",0,1000,-1000,-50599
="1589",0,1000,-1000,-79000
="1590",26000,4000,22000,24955000
="1597",2000,2000,0,2702
="1598",1000,1000,0,-1000
="1605",0,7000,-7000,-124899
="1608",30000,2000,28000,340299
="1609",11000,45000,-34000,-608749
="1611",0,1000,-1000,-13300
="1612",0,1000,-1000,-15850
="1701",1001,1000,1,-29
="1702",40001,0,40001,1815044
="1707",2000,2000,0,2000
="1708",1,0,1,22
="1710",0,4000,-4000,-74049
="1711",6,0,6,96
="1712",1,0,1,20
="1714",100,0,100,965
="1717",44000,70000,-26000,-898699
="1718",183000,81000,102000,927333
="1721",0,1000,-1000,-10050
="1732",9000,8000,1000,24700
="1736",2000,1000,1000,85000
="1737",1,0,1,32
="1752",1000,1000,0,-250
="1760",2001,0,2001,153980
="1762",1,1000,-999,-55944
="1784",1,0,1,37
="1785",560001,87900,472101,23863468
="1786",1,0,1,56
="1802",39000,1000,38000,678597
="1805",0,1000,-1000,-11850
="1815",1001,0,1001,13313
="1904",2000,59021,-57021,-1760757
="1905",0,3000,-3000,-30548
="1907",0,975000,-975000,-24892099
="1909",21000,2190000,-2169000,-44912047
="2002",26000,280000,-254000,-6202251
="2006",10000,61000,-51000,-1697299
="2009",78000,65850,12150,292040
="2013",0,2000,-2000,-58900
="2014",137000,8670,128330,1996894
="2015",0,5000,-5000,-328499
="2022",50000,0,50000,347000
="2024",1,0,1,14
="2025",1,0,1,2
="2027",309000,44000,265000,7269343
="2028",1000,0,1000,20299
="2031",0,31,-31,-1116
="2034",3000,2000,1000,25649
="2038",4000,3000,1000,18551
="2049",12000,0,12000,5293500
="2061",0,4,-4,-59
="2065",10000,0,10000,448748
="2101",0,7000,-7000,-274750
="2104",0,10000,-10000,-237999
="2107",1000,0,1000,24000
="2108",5000,16000,-11000,-651498
="2109",5000,10000,-5000,-60000
="2201",178500,12000,166500,7219026
="2204",500,0,500,24200
="2206",10000,5000,5000,166750
="2208",150,5000,-4850,-121031
="2231",1000,24000,-23000,-4638000
="2233",22000,1000,21000,1866100
="2236",0,8000,-8000,-147599
="2239",2000,1000,1000,108500
="2303",9370050,6004524,3365526,177365092
="2305",5000,10000,-5000,-43089
="2308",205511,24000,181511,53565496
="2312",4107000,182106,3924894,53270823
="2313",38090,60104,-22014,-976460
="2314",163000,16000,147000,5395148
="2316",3000,0,3000,95299
="2317",773985,2291000,-1517015,-174641225
="2324",9000,23000,-14000,-309701
="2327",159010,65000,94010,57429100
="2328",1537101,1885000,-347899,-15598004
="2329",117000,42000,75000,1224349
="2330",152914,152870,44,223086
="2331",869000,823855,45145,628449
="2332",13000,4000,9000,233600
="2337",8000,724647,-716647,-27585024
="2338",52000,13000,39000,1636897
="2340",31000,1000,30000,732400
="2342",30000,39001,-9001,-339639
="2344",371000,557000,-186000,-4886899
="2345",9000,41000,-32000,-9012500
="2347",43000,0,43000,2016749
="2348",1000,1000,0,-600
="2351",382000,70000,312000,29203691
="2352",28000,40000,-12000,-337101
="2353",31150,5171,25979,638187
="2354",399000,45000,354000,27345700
="2355",140000,131000,9000,478000
="2356",0,4000,-4000,-94000
="2357",9000,2000,7000,1991500
="2360",22000,22000,0,40500
="2362",0,10000,-10000,-294149
="2363",2226285,41000,2185285,40099692
="2367",42000,2000,40000,861149
="2368",57000,158000,-101000,-5564099
="2369",97000,33000,64000,961499
="2371",1443000,1402000,41000,124349
="2373",0,1000,-1000,-88500
="2374",39,0,39,565
="2375",344000,28000,316000,32062201
="2376",100,12000,-11900,-945959
="2377",20000,0,20000,2630000
="2379",181683,30655,151028,70296338
="2380",0,1000,-1000,-8250
="2382",46550,524000,-477450,-39736130
="2383",18000,6000,12000,1899000
="2385",0,2000,-2000,-177298
="2387",187040,16000,171040,11386959
="2388",3100,1003,2097,121144
="2392",5000,1000,4000,185050
="2393",51000,60000,-9000,-372348
="2395",6000,0,6000,2340000
="2399",2000,0,2000,30200
="2401",126000,214199,-88199,-2254613
="2402",2000,0,2000,35000
="2404",13100,33000,-19900,-4751750
="2406",1000,0,1000,20500
="2408",16200,193000,-176800,-15148776
="2409",224200,848000,-623800,-9115155
="2412",0,1000,-1000,-111500
="2413",2000,2000,0,451
="2415",9000,136000,-127000,-4410994
="2417",19000,30000,-11000,-522801
="2421",1000,1000,0,-901
="2423",5000,0,5000,119250
="2424",1000,0,1000,27600
="2425",5000,0,5000,138750
="2426",1814000,147000,1667000,32255053
="2428",6000,2000,4000,746000
="2430",13,0,13,265
="2433",0,2000,-2000,-101000
="2436",170000,244000,-74000,-3991403
="2438",0,17,-17,-215
="2439",4005,6000,-1995,-272813
="2440",3000,0,3000,39599
="2441",255500,22000,233500,14961165
="2442",6146,6000,146,748
="2449",2300000,305000,1995000,77422598
="2450",2000,0,2000,63099
="2451",7000,0,7000,443800
="2454",242050,116482,125568,109983724
="2455",37321,10035,27286,3104712
="2456",7000,5100,1900,210600
="2457",37000,43000,-6000,-100252
="2458",471000,51366,419634,71315695
="2460",50000,314050,-264050,-6380322
="2461",55000,0,55000,950299
="2464",0,2000,-2000,-88599
="2467",41200,43440,-2240,-91891
="2468",3000,0,3000,39300
="2471",221000,460000,-239000,-6353844
="2472",2000,4000,-2000,-145199
="2474",13000,1000,12000,2509000
="2476",20000,10000,10000,241349
="2478",3000,1000,2000,173700
="2480",12000,3000,9000,624598
="2481",49000,118000,-69000,-3806298
="2484",1000,1,999,23827
="2486",1000,1000,0,400
="2489",437,9000,-8563,-101549
="2491",707000,99,706901,9317689
="2492",19100,34000,-14900,-3501100
="2495",2000,0,2000,24449
="2497",8000,2000,6000,238251
="2498",5000,14000,-9000,-260998
="2504",50000,130000,-80000,-1822397
="2505",4363,27000,-22637,-755125
="2506",0,674,-674,-6335
="2511",161000,0,161000,1798898
="2515",2000,128000,-126000,-1168634
="2520",20000,131000,-111000,-3697947
="2527",0,11000,-11000,-210649
="2530",0,30000,-30000,-409499
="2535",1000,0,1000,26399
="2536",0,10000,-10000,-222999
="2542",4000,3000,1000,45300
="2546",1000,0,1000,48049
="2547",40000,7000,33000,378652
="2548",1000,0,1000,87500
="2601",10000,3000,7000,70278
="2603",3013900,6587189,-3573289,-119171065
="2605",1000,5000,-4000,-78051
="2606",750000,6000,744000,26073248
="2607",3000,2000,1000,16649
="2609",9637700,23426240,-13788540,-344314025
="2610",18000,130000,-112000,-1163650
="2612",0,5000,-5000,-160648
="2614",0,1000,-1000,-16350
="2615",196000,1185000,-989000,-44857248
="2617",2000,0,2000,38700
="2618",17000,204059,-187059,-2325133
="2633",4000,0,4000,119950
="2636",0,1328,-1328,-50910
="2637",1000,81023,-80023,-1992476
="2642",0,2000,-2000,-65199
="2723",14025,100000,-85975,-12174413
="2727",15000,5,14995,1971850
="2732",1000,1000,0,0
="2754",2000,0,2000,146600
="2755",0,1000,-1000,-54400
="2801",0,10000,-10000,-176000
="2809",0,1,-1,-39
="2812",90,0,90,976
="2820",0,6000,-6000,-89249
="2823",8250,1000,7250,163800
="2832",2000,0,2000,40400
="2834",2000,0,2000,19000
="2836",0,500,-500,-4968
="2838",0,2000,-2000,-21399
="2841",190,0,190,1457
="2845",0,1027,-1027,-10786
="2851",0,4000,-4000,-90000
="2855",17000,24001,-7001,-148471
="2880",1000,7000,-6000,-107500
="2881",72000,66000,6000,282502
="2882",3000,21000,-18000,-744949
="2883",15000,60000,-45000,-417900
="2884",9601,13239,-3638,-90800
="2885",70000,45000,25000,540653
="2886",57780,101000,-43220,-1255714
="2887",3000,2000,1000,13050
="2888",40000,7000,33000,281161
="2890",20000,81333,-61333,-699697
="2891",1603000,624000,979000,19257200
="2892",56650,24000,32650,682590
="2897",510000,0,510000,3431998
="2903",0,50000,-50000,-1150000
="2906",0,1000,-1000,-16000
="2911",100,0,100,700
="2912",70,0,70,18585
="2913",0,8000,-8000,-135750
="2915",6000,1000,5000,348999
="2923",0,8000,-8000,-244800
="2929",0,3000,-3000,-42750
="3003",402000,417000,-15000,-907899
="3004",1000,0,1000,54000
="3005",1000,1000,0,-551
="3006",36000,195000,-159000,-10628998
="3008",1255,2013,-758,-2194070
="3010",0,1000,-1000,-74300
="3011",25000,10000,15000,101179
="3013",3000,0,3000,42999
="3014",213001,25000,188001,15196376
="3015",2000,0,2000,79300
="3016",37000,23000,14000,1065898
="3017",74000,88000,-14000,-1065701
="3018",1000,805,195,2956
="3019",14001,10000,4001,304676
="3022",21000,27000,-6000,-339700
="3023",1000,1000,0,-4000
="3024",0,6000,-6000,-62050
="3025",2000,0,2000,71599
="3026",1000,1000,0,0
="3027",10000,0,10000,187999
="3028",0,15000,-15000,-338249
="3029",4000,10000,-6000,-241601
="3030",0,1000,-1000,-55799
="3031",5000,2000,3000,47800
="3032",2000,0,2000,84000
="3034",217000,258000,-41000,-16670000
="3035",2000,15000,-13000,-683599
="3036",2000,36000,-34000,-1419500
="3037",90001,282000,-191999,-18457802
="3041",1000,1000,0,149
="3042",37000,145000,-108000,-9127498
="3044",248000,34000,214000,28082500
="3045",0,4000,-4000,-393200
="3047",0,1000,-1000,-13050
="3048",3001,0,3001,71324
="3050",13000,13000,0,-2601
="3055",2080,0,2080,65709
="3058",0,50,-50,-732
="3062",3000,13000,-10000,-208850
="3067",0,2000,-2000,-60899
="3078",0,2000,-2000,-86449
="3081",10000,63000,-53000,-16353500
="3083",2000,9000,-7000,-425300
="3088",0,2000,-2000,-102199
="3092",65000,504000,-439000,-32985193
="3094",2000,4000,-2000,-55000
="3105",41200,37100,4100,1781200
="3114",0,3000,-3000,-71699
="3128",100003,286000,-185997,-3899288
="3131",8000,4000,4000,1673000
="3138",80000,79000,1000,-255000
="3141",0,2000,-2000,-80800
="3149",8000,14000,-6000,-189597
="3152",9000,4000,5000,2345500
="3163",0,1000,-1000,-49599
="3169",0,1005,-1005,-56579
="3176",3,0,3,160
="3178",1000,2000,-1000,-51001
="3189",3000,34000,-31000,-2741196
="3205",3000,0,3000,99348
="3206",1000,5000,-4000,-142800
="3209",0,16000,-16000,-362449
="3211",1000,5000,-4000,-359099
="3217",2000,0,2000,220000
="3218",8000,25000,-17000,-4152500
="3227",10000,37000,-27000,-5314500
="3228",23000,1000,22000,5492000
="3231",23000,4000,19000,584651
="3236",0,3000,-3000,-79199
="3257",2000,0,2000,155600
="3260",20000,10000,10000,715200
="3264",47000,21478,25522,1057471
="3265",50000,0,50000,1403499
="3272",8000,6000,2000,114801
="3285",0,19000,-19000,-403750
="3287",0,4000,-4000,-98199
="3289",3000,0,3000,170700
="3293",6000,3000,3000,2300000
="3305",41000,36000,5000,164149
="3312",0,6000,-6000,-87300
="3317",3,0,3,144
="3323",3000,2000,1000,49350
="3324",128016,100000,28016,7117369
="3325",2,0,2,52
="3338",1000,20010,-19010,-1197436
="3346",5000,12000,-7000,-345700
="3356",3,0,3,88
="3360",2000,1000,1000,16100
="3363",1000,0,1000,25700
="3373",2001,2000,1,-1521
="3374",116000,70000,46000,9300500
="3376",4000,0,4000,514000
="3380",35200,14000,21200,813685
="3406",50010,37000,13010,6312750
="3413",28000,16000,12000,2650500
="3419",0,8000,-8000,-168850
="3437",21000,11000,10000,348449
="3443",25000,17000,8000,3286500
="3450",1,1000,-999,-68032
="3454",3000,0,3000,270599
="3455",1000,0,1000,52700
="3481",186000,2188000,-2002000,-27692350
="3483",13000,140000,-127000,-10388597
="3484",2000,5000,-3000,-198799
="3490",9000,0,9000,277199
="3491",3000,2000,1000,77999
="3492",100000,5000,95000,1778751
="3511",0,13000,-13000,-359449
="3526",0,5000,-5000,-453799
="3527",14000,2000,12000,1258000
="3528",0,2000,-2000,-83900
="3529",7000,2111,4889,3291272
="3530",3000,9000,-6000,-726000
="3532",1000,10000,-9000,-1299000
="3533",17100,23000,-5900,-3155000
="3535",1000,0,1000,18500
="3540",4000,10000,-6000,-393899
="3545",874000,750000,124000,13685500
="3546",2000,8000,-6000,-646500
="3548",4000,0,4000,290100
="3550",0,2000,-2000,-29700
="3552",34000,8000,26000,6748000
="3563",17000,3000,14000,3996000
="3576",10755,18000,-7245,-101682
="3580",1000,0,1000,58099
="3581",154000,0,154000,3996300
="3583",11000,1000,10000,665300
="3587",11000,76000,-65000,-6661099
="3588",5000,62000,-57000,-3766401
="3596",4000,5000,-1000,-95802
="3597",0,65000,-65000,-1750246
="3605",8500,0,8500,377766
="3615",0,5000,-5000,-113500
="3622",36000,57000,-21000,-787197
="3630",0,1000,-1000,-52099
="3632",300,0,300,3000
="3646",0,2000,-2000,-45799
="3652",0,1000,-1000,-20000
="3653",55000,32000,23000,7531000
="3661",36000,17002,18998,15795308
="3665",252200,49000,203200,57994700
="3666",14000,19000,-5000,-299101
="3669",10000,15000,-5000,-360797
="3673",8090,5000,3090,138270
="3675",0,4000,-4000,-284399
="3679",0,8000,-8000,-840000
="3680",91000,10000,81000,24011500
="3682",447,15000,-14553,-145553
="3685",0,2000,-2000,-66000
="3686",0,21000,-21000,-371850
="3691",18000,4000,14000,3129000
="3694",2000,1000,1000,27699
="3702",45000,173000,-128000,-5576497
="3703",2180,71900,-69720,-1397750
="3704",73000,31000,42000,1649701
="3706",7000,0,7000,208798
="3707",199000,296000,-97000,-5130047
="3708",1000,10000,-9000,-1249000
="3710",484000,2,483998,5081779
="3711",1631101,726056,905045,96016177
="3712",1000,0,1000,27700
="3713",0,4000,-4000,-177800
="3714",51125,32000,19125,1585811
="4104",1000,1000,0,0
="4105",0,1000,-1000,-65300
="4106",1150,0,1150,31050
="4108",1000,0,1000,24950
="4114",1000,1000,0,-199
="4119",1000,1000,0,201
="4120",1000,0,1000,47549
="4121",1001,0,1001,19819
="4123",0,3000,-3000,-194397
="4128",1,1000,-999,-59040
="4133",14000,15000,-1000,-45199
="4137",42000,0,42000,8840000
="4141",150,0,150,1791
="4142",0,50000,-50000,-2514998
="4160",1100,980,120,2743
="4162",0,3000,-3000,-156198
="4167",27000,171000,-144000,-4308948
="4173",0,1000,-1000,-22350
="4306",4000,0,4000,59898
="4401",0,1000,-1000,-27049
="4414",2000,0,2000,19459
="4420",1000,0,1000,24700
="4526",0,1000,-1000,-15250
="4549",1000,0,1000,78599
="4551",0,52000,-52000,-9088000
="4552",0,3000,-3000,-106350
="4554",0,1000,-1000,-24450
="4557",1000,0,1000,63099
="4561",0,2000,-2000,-57200
="4562",1000,223000,-222000,-4834841
="4564",2000,0,2000,64299
="4566",0,4000,-4000,-226800
="4571",8000,47000,-39000,-3550697
="4576",1000,2000,-1000,-93500
="4707",12000,0,12000,133299
="4721",1000,0,1000,64300
="4722",0,3000,-3000,-90700
="4735",2000,0,2000,177099
="4736",0,8000,-8000,-1428000
="4743",1000,3000,-2000,-419500
="4760",5000,0,5000,635000
="4766",0,20000,-20000,-3095000
="4904",1000,0,1000,61099
="4906",29000,0,29000,854699
="4909",188000,31000,157000,3333452
="4912",3000,1000,2000,268000
="4915",81000,158325,-77325,-4181712
="4916",0,5000,-5000,-115000
="4919",100,1000,-900,-42240
="4924",5000,26000,-21000,-431448
="4927",4000,5000,-1000,-70301
="4930",0,9,-9,-161
="4933",5000,0,5000,195597
="4934",3782,0,3782,106695
="4935",6000,9000,-3000,-303500
="4938",153765,204010,-50245,-4001710
="4939",0,1000,-1000,-21850
="4943",1000,1000,0,-300
="4950",108000,0,108000,2480049
="4953",16000,0,16000,1531998
="4956",1000,1000,0,-799
="4958",5000,11000,-6000,-708000
="4960",30000,52000,-22000,-245950
="4961",77000,30000,47000,7558500
="4966",39000,74000,-35000,-46555000
="4967",1001,17000,-15999,-800551
="4968",171000,40100,130900,69451400
="4971",19000,0,19000,1050397
="4972",100,0,100,2839
="4974",1000,0,1000,54200
="4976",74001,129000,-54999,-5041201
="4979",3000,100,2900,69729
="4989",25000,10000,15000,348449
="4999",0,1000,-1000,-51799
="5009",35,0,35,556
="5011",16000,1000,15000,554898
="5014",60000,2000,58000,799298
="5203",10000,0,10000,1069500
="5215",1000,1000,0,-3000
="5223",2000,0,2000,142800
="5227",10005,10000,5,-4923
="5243",82000,61000,21000,1495400
="5245",1000,0,1000,37799
="5251",0,39,-39,-555
="5269",4000,0,4000,7020000
="5274",2000,7000,-5000,-9980000
="5285",38000,30000,8000,570798
="5287",150,0,150,32625
="5289",1001,0,1001,163663
="5299",2000,0,2000,254500
="5306",17000,19000,-2000,-394000
="5309",7000,5000,2000,72450
="5328",4000,4000,0,398
="5347",25000,41000,-16000,-1885500
="5351",8000,10000,-2000,-47051
="5371",184000,0,184000,7043948
="5386",53000,45000,8000,591599
="5388",1000,60,940,69648
="5392",1000,1150,-150,-4083
="5410",2000,0,2000,41900
="5425",213000,35000,178000,9964598
="5434",0,400,-400,-49050
="5438",1,0,1,13
="5443",8000,37001,-29001,-1445046
="5457",6000,46000,-40000,-3872600
="5464",171040,200,170840,2554006
="5469",2000,8000,-6000,-259899
="5471",32000,97000,-65000,-4499197
="5474",0,4000,-4000,-694000
="5478",5001,0,5001,540108
="5483",52000,67000,-15000,-2488500
="5484",0,10000,-10000,-145000
="5488",43000,0,43000,292139
="5489",0,31000,-31000,-1038599
="5498",27000,22000,5000,75600
="5522",2000,0,2000,107599
="5523",0,10000,-10000,-184500
="5529",0,14000,-14000,-161447
="5530",0,50000,-50000,-2628299
="5531",1000,0,1000,15272
="5534",2000,0,2000,160199
="5536",0,4000,-4000,-762500
="5603",1000,0,1000,16799
="5604",2000,0,2000,130000
="5607",16000,0,16000,424000
="5608",63000,156000,-93000,-1039751
="5609",2000,0,2000,117400
="5820",1000,0,1000,12199
="5871",5000,0,5000,840000
="5880",2000,1000,1000,19849
="6015",1,53000,-52999,-733286
="6016",24000,48000,-24000,-361700
="6024",65,900,-835,-31895
="6104",10000,0,10000,719900
="6111",24000,0,24000,1709598
="6112",0,24000,-24000,-1063199
="6114",0,408000,-408000,-11193739
="6115",1000,0,1000,41750
="6116",583000,274000,309000,3942950
="6118",30000,470000,-440000,-6271849
="6121",1012,400,612,225298
="6125",41000,66000,-25000,-611599
="6126",1000,3000,-2000,-47450
="6127",15000,15000,0,8648
="6129",259000,45000,214000,3925400
="6134",129000,136000,-7000,-108697
="6138",0,1000,-1000,-85699
="6139",5000,0,5000,163750
="6143",1,0,1,38
="6147",11000,36500,-25500,-1904448
="6150",14072,121100,-107028,-11846712
="6152",0,1000,-1000,-11500
="6153",24000,63000,-39000,-1431697
="6155",3000,1000,2000,53850
="6156",2000,6000,-4000,-85399
="6158",0,2000,-2000,-65900
="6165",0,1000,-1000,-40950
="6168",0,3000,-3000,-52150
="6173",1000,4000,-3000,-199400
="6175",0,13000,-13000,-477198
="6176",2000,4000,-2000,-239500
="6179",1000,0,1000,32900
="6180",1000,7000,-6000,-399800
="6182",40070,188000,-147930,-6368270
="6184",6000,0,6000,259250
="6187",90000,113000,-23000,-2755000
="6188",21000,1000,20000,780000
="6191",200000,114000,86000,2241200
="6196",30100,35000,-4900,-638100
="6197",2001,2000,1,-962
="6202",100,1000,-900,-64969
="6203",0,2000,-2000,-157600
="6205",1000,0,1000,43049
="6207",0,2000,-2000,-57000
="6208",1000,5100,-4100,-162289
="6213",2000,127000,-125000,-17438500
="6214",7000,0,7000,608300
="6217",385000,317000,68000,3327153
="6219",78000,13000,65000,1262997
="6221",0,1000,-1000,-45799
="6223",605030,91001,514029,65032551
="6224",58001,25000,33001,3591109
="6227",5000,0,5000,132500
="6230",3000,0,3000,666000
="6231",3000,0,3000,295300
="6233",201000,50000,151000,5963297
="6235",10000,1000,9000,194450
="6237",119000,163000,-44000,-4442100
="6239",6001,325000,-318999,-32629399
="6243",8000,39000,-31000,-578099
="6244",63220,52000,11220,371644
="6245",0,68000,-68000,-4630396
="6247",0,9,-9,-89
="6251",25325,9823,15502,343784
="6257",69100,48000,21100,1014941
="6261",0,1000,-1000,-65000
="6269",6001,52000,-45999,-5450882
="6271",143000,279000,-136000,-32347500
="6274",3000,6000,-3000,-351000
="6275",10000,0,10000,257999
="6277",1000,0,1000,84300
="6278",9000,0,9000,1104000
="6279",324080,493000,-168920,-22065220
="6282",73000,3000,70000,2045547
="6283",14000,8000,6000,265102
="6284",9000,2000,7000,523800
="6285",6000,71000,-65000,-4961198
="6288",64000,30000,34000,1120848
="6290",20000,0,20000,1039000
="6411",1,0,1,105
="6414",29000,5000,24000,6522500
="6415",1000,2000,-1000,-2710000
="6417",1000,3000,-2000,-149201
="6432",1000,3000,-2000,-78550
="6435",5000,4000,1000,128000
="6438",13000,48000,-35000,-3165598
="6441",7000,33000,-26000,-3538000
="6443",78004,17281,60723,2223540
="6446",0,12000,-12000,-1106099
="6449",2000,0,2000,113799
="6451",2300,0,2300,323450
="6456",60000,62000,-2000,-246000
="6457",3000,61000,-58000,-5856500
="6462",6000,11100,-5100,-840600
="6470",1000,0,1000,51500
="6472",1002,0,1002,161334
="6477",23000,24000,-1000,-93398
="6485",0,55000,-55000,-2108346
="6488",4000,179000,-175000,-116115000
="6492",3000,1000,2000,338500
="6496",0,1000,-1000,-28700
="6504",19100,7000,12100,2206500
="6505",1000,51121,-50121,-4896120
="6509",131000,0,131000,3302949
="6510",2000,3000,-1000,-931000
="6516",0,4000,-4000,-312498
="6531",40000,55000,-15000,-9158000
="6532",6000,17000,-11000,-677999
="6533",11000,3000,8000,2724500
="6538",4000,5000,-1000,-158000
="6547",2000,1050,950,96875
="6548",110000,37000,73000,4606496
="6552",379000,5660,373340,23483387
="6558",1000,2000,-1000,-47501
="6576",0,1000,-1000,-86099
="6591",7000,5000,2000,129799
="6596",0,1,-1,-48
="6598",0,5000,-5000,-260698
="6603",16000,0,16000,223098
="6605",5000,1000,4000,245600
="6613",0,1000,-1000,-139000
="6640",0,1000,-1000,-66000
="6642",0,16000,-16000,-784000
="6643",0,2000,-2000,-688000
="6668",0,1000,-1000,-61500
="6669",3000,5000,-2000,-1594000
="6679",21200,105000,-83800,-22057812
="6683",105000,100,104900,37481548
="6698",2000,1000,1000,45950
="6706",11000,5500,5500,863750
="6715",10000,0,10000,1242500
="6732",1000,4000,-3000,-2267000
="6743",0,11000,-11000,-1304500
="6747",5000,0,5000,675500
="6756",0,20000,-20000,-5530000
="711143",77000,0,77000,187410
="711479",216000,0,216000,323318
="711517",0,10000,-10000,-10199
="711631",3000,0,3000,4360
="711673",130000,2000,128000,158872
="711677",23000,5000,18000,18817
="711700",10000,0,10000,33399
="711701",1000,0,1000,140
="711702",50000,0,50000,34999
="711703",35000,0,35000,40798
="712017",9000,1000,8000,16248
="712021",20000,0,20000,12599
="712148",100000,127000,-27000,-14430
="712193",18000,0,18000,1979
="712195",0,20000,-20000,-2000
="712326",456000,338000,118000,73041
="712369",18000,0,18000,1800
="712370",80000,209000,-129000,-81610
="712372",0,91000,-91000,-60060
="712403",0,168000,-168000,-127337
="712504",0,10000,-10000,-14700
="712605",160000,0,160000,104499
="712612",21000,30000,-9000,-4588
="712616",0,20000,-20000,-41599
="712628",40000,0,40000,8799
="712633",0,17000,-17000,-9329
="712916",497000,509000,-12000,-19040
="712918",100000,0,100000,11999
="712920",90000,1463000,-1373000,-717499
="712922",22000,24000,-2000,-5657
="712979",10000,130000,-120000,-125898
="712980",8000,2000,6000,8547
="712981",241000,155000,86000,84579
="712982",20000,5000,15000,9051
="713037",20000,194000,-174000,-94940
="713039",50000,0,50000,64999
="713040",2000,0,2000,3759
="713042",6000,76000,-70000,-52038
="713073",5000,0,5000,1599
="713085",107000,0,107000,52499
="713181",317000,0,317000,83419
="713182",131000,60000,71000,36859
="713183",216000,226000,-10000,-30787
="713184",521000,100000,421000,150027
="713225",0,10000,-10000,-5199
="713226",31000,10000,21000,22010
="713240",100000,0,100000,33000
="713324",10000,0,10000,799
="713326",0,10000,-10000,-23399
="713327",738000,417000,321000,222240
="713349",4000,2000,2000,1499
="713352",41000,0,41000,13099
="713353",0,155000,-155000,-31000
="713386",100000,0,100000,73500
="713388",0,4000,-4000,-1200
="713457",0,5000,-5000,-2700
="713514",1415000,21000,1394000,353647
="713545",585000,51000,534000,171830
="713587",0,3000,-3000,-869
="713651",13000,10000,3000,3391
="713653",100000,0,100000,42198
="713654",100000,50000,50000,17001
="713675",1387000,672000,715000,310591
="713676",2000,0,2000,2509
="713677",499000,0,499000,14969
="713782",5000,0,5000,49
="713821",0,67000,-67000,-84778
="713833",0,20000,-20000,-43600
="713979",20000,8000,12000,27502
="714011",294000,12000,282000,61800
="714082",205000,0,205000,2049
="714153",55000,0,55000,79400
="714155",0,252000,-252000,-274769
="714156",50000,0,50000,75000
="714211",17000,0,17000,12069
="714212",0,10000,-10000,-40100
="714213",0,30000,-30000,-144497
="714214",1000,0,1000,3490
="714236",0,40000,-40000,-48000
="714237",0,10000,-10000,-17677
="714238",80000,0,80000,62399
="714241",130000,10000,120000,10651
="714254",0,141000,-141000,-68699
="714272",53000,25000,28000,12159
="714320",53000,0,53000,40219
="714384",85000,0,85000,106049
="714386",10000,0,10000,1800
="714431",99000,0,99000,73260
="714513",110000,1000,109000,91409
="714514",20000,84000,-64000,-68087
="714516",10000,12000,-2000,-840
="714517",0,9000,-9000,-13050
="714518",249000,100000,149000,109888
="714620",9000,0,9000,13500
="714622",0,666000,-666000,-1008427
="714624",22000,0,22000,12979
="714647",40000,10000,30000,119100
="714685",30000,100000,-70000,-31500
="714686",10000,0,10000,42699
="714712",68000,100000,-32000,-47160
="714741",15000,10000,5000,2949
="714795",374000,0,374000,419499
="714858",216000,10000,206000,150148
="714859",1620000,130000,1490000,983748
="714860",0,45000,-45000,-50399
="714887",0,15000,-15000,-4948
="714889",186000,63000,123000,52510
="714949",10000,0,10000,27100
="714950",18000,0,18000,40999
="714995",3000,0,3000,1869
="715011",1000,22000,-21000,-11149
="715012",0,40000,-40000,-37200
="715066",200000,0,200000,101999
="715067",113000,90000,23000,20618
="715069",0,12000,-12000,-20520
="715070",0,32000,-32000,-39439
="715072",16000,145000,-129000,-155551
="715073",4000,0,4000,24000
="715115",30000,30000,0,1200
="715116",47000,0,47000,82750
="715118",0,119000,-119000,-70209
="715159",161000,84000,77000,58111
="715163",99000,280000,-181000,-567794
="715181",57000,103000,-46000,-129440
="715239",105000,313000,-208000,-347306
="715240",0,300000,-300000,-71999
="715250",50000,0,50000,63499
="715285",37000,13000,24000,23601
="715289",0,50000,-50000,-5499
="715327",10000,0,10000,8500
="715328",7000,0,7000,14980
="715417",0,12000,-12000,-26760
="715478",0,42000,-42000,-29819
="715497",5000,0,5000,14600
="715519",16000,0,16000,13760
="715520",74000,69000,5000,7622
="715548",88000,0,88000,55279
="715550",140000,38000,102000,62620
="715553",142000,61000,81000,62310
="715554",153000,0,153000,114570
="715555",64000,0,64000,60179
="715609",0,48000,-48000,-72479
="715657",124000,164000,-40000,-49000
="715658",33000,0,33000,35479
="715659",0,341000,-341000,-225428
="715660",134000,0,134000,511900
="715661",10000,175000,-165000,-289837
="715662",298000,292000,6000,15810
="715673",2000,0,2000,2559
="715688",5000,0,5000,6999
="715692",43000,20000,23000,19838
="715693",10000,34000,-24000,-49726
="715694",33000,205000,-172000,-317183
="715743",150000,94000,56000,110088
="715813",1049000,115000,934000,2365688
="715815",0,61000,-61000,-121556
="715901",25000,3000,22000,28459
="715902",109000,31000,78000,63499
="715935",93000,361000,-268000,-345280
="716009",15000,0,15000,11100
="716032",10000,1000,9000,9140
="716033",614000,110000,504000,404581
="716034",0,250000,-250000,-242500
="716035",300000,0,300000,857048
="716036",8000,4000,4000,5640
="716037",1000,0,1000,1590
="716078",0,10000,-10000,-14299
="716110",110000,10000,100000,146652
="716111",276000,15000,261000,330018
="716112",1000,50000,-49000,-71520
="716137",276000,167000,109000,88931
="716171",50000,229000,-179000,-123639
="716188",0,70000,-70000,-82099
="716251",30000,0,30000,111399
="716252",128000,0,128000,78539
="716281",100000,0,100000,64999
="716295",3000,29000,-26000,-57751
="716296",0,19000,-19000,-39486
="716297",51000,53000,-2000,-1902
="716298",2000,2000,0,-59
="716299",0,62000,-62000,-66340
="716300",8000,0,8000,29520
="716358",0,45000,-45000,-54000
="716362",230000,0,230000,86999
="716368",32000,4000,28000,41669
="716369",73000,23000,50000,89270
="716370",28000,130000,-102000,-153887
="716381",0,5000,-5000,-5749
="716433",0,8000,-8000,-8640
="716507",254000,0,254000,200817
="716508",179000,0,179000,151897
="716535",10000,0,10000,5500
="716591",10000,1000,9000,8710
="716592",18000,50000,-32000,-33069
="716593",0,8000,-8000,-8079
="716594",717000,417000,300000,453624
="716595",40000,9000,31000,52432
="716596",10000,8000,2000,3290
="716668",48000,0,48000,127059
="716677",203000,84000,119000,139270
="716678",31000,1000,30000,35440
="716679",41000,0,41000,54009
="716680",53000,5000,48000,65631
="716761",0,50000,-50000,-44999
="716785",0,24000,-24000,-46660
="716816",538000,982000,-444000,-339920
="716837",269000,33000,236000,334036
="716838",10000,75000,-65000,-51609
="716905",9000,67000,-58000,-41358
="716906",140000,43000,97000,59500
="716907",320000,363000,-43000,-41272
="716908",341000,248000,93000,99831
="716954",136000,60000,76000,104559
="716955",40000,5000,35000,26950
="716956",176000,199000,-23000,-23092
="716958",319000,416000,-97000,-95069
="716998",30000,0,30000,21600
="716999",139000,35000,104000,109809
="717000",230000,0,230000,216259
="717007",5000,0,5000,19089
="717024",4000,0,4000,2599
="717037",0,30000,-30000,-32100
="717085",50000,0,50000,40500
="717086",474000,177000,297000,358150
="717087",114000,5000,109000,181139
="717088",15000,10000,5000,7300
="717101",50000,5000,45000,28600
="717102",303000,140000,163000,94938
="717103",123000,127000,-4000,11650
="717159",30000,50000,-20000,-54501
="717192",0,45000,-45000,-412300
="717203",0,3000,-3000,-5569
="717204",302000,129000,173000,271053
="717205",5000,20000,-15000,-38049
="717208",334000,27000,307000,444648
="717209",2000,0,2000,3119
="717210",183000,141000,42000,65250
="717305",94000,350000,-256000,-308289
="717308",35000,0,35000,27750
="717310",0,114000,-114000,-89159
="717333",0,100000,-100000,-264000
="717351",44000,50000,-6000,-4260
="717352",40000,0,40000,20099
="717353",574000,543000,31000,66198
="717354",80000,0,80000,63200
="717355",110000,13000,97000,71250
="717356",630000,221000,409000,271500
="717359",288000,295000,-7000,-5101
="717360",15000,0,15000,15899
="717361",23000,216000,-193000,-166510
="717363",10000,0,10000,8399
="717364",27000,6000,21000,24529
="717459",0,145000,-145000,-126798
="717460",140000,0,140000,103600
="717461",12000,8000,4000,5113
="717462",0,60000,-60000,-39299
="717464",19000,0,19000,13489
="717468",133000,575000,-442000,-267820
="717469",0,5000,-5000,-4350
="717475",20000,0,20000,31299
="717509",61000,190000,-129000,-173872
="717513",50000,10000,40000,30701
="717514",0,10000,-10000,-8100
="717515",0,69000,-69000,-54929
="717517",30000,0,30000,28098
="717518",192000,45000,147000,132639
="717520",200000,210000,-10000,-7000
="717522",603000,813000,-210000,-219554
="717523",124000,100000,24000,26191
="717524",334000,121000,213000,306540
="717525",13000,237000,-224000,-344267
="717526",76000,8000,68000,92338
="717531",0,140000,-140000,-501898
="717566",0,3000,-3000,-1949
="717569",5000,0,5000,3350
="717570",171000,21000,150000,189387
="717601",347000,60000,287000,167980
="717602",127000,5000,122000,78849
="717603",20000,65000,-45000,-47548
="717604",0,23000,-23000,-26718
="717605",245000,44000,201000,212141
="717606",421000,10000,411000,237699
="717607",10000,747000,-737000,-516437
="717609",241000,123000,118000,155902
="717610",70000,0,70000,40899
="717635",484000,206000,278000,305112
="717636",351000,1000,350000,213510
="717637",119000,0,119000,67029
="717639",697000,320000,377000,466294
="717640",38000,84000,-46000,-85660
="717641",0,53000,-53000,-89949
="717684",130000,20000,110000,62699
="717685",227000,1748000,-1521000,-1399806
="717687",105000,20000,85000,73352
="717688",10000,33000,-23000,-20869
="717689",25000,34000,-9000,-16709
="717690",5000,0,5000,4149
="717735",140000,2261000,-2121000,-1894733
="717736",50000,0,50000,34000
="717738",27000,100000,-73000,-57749
="717739",50000,73000,-23000,-35041
="717740",18000,5000,13000,22691
="717741",314000,396000,-82000,-88856
="717742",2000,215000,-213000,-187116
="717774",0,8000,-8000,-7760
="717775",0,42000,-42000,-37379
="717776",4000,1000,3000,2299
="717777",13000,0,13000,10009
="717778",0,260000,-260000,-178796
="717779",208000,110000,98000,93861
="717780",25000,10000,15000,10701
="717816",0,1000,-1000,-740
="717817",0,20000,-20000,-12599
="717818",0,32000,-32000,-29979
="73597P",0,200000,-200000,-95999
="73604P",210000,56000,154000,227891
="73653P",0,121000,-121000,-87509
="73654P",4000,0,4000,2160
="73655P",33000,5000,28000,14560
="73686P",10000,0,10000,11100
="73691P",0,20000,-20000,-17200
="73692P",0,35000,-35000,-64750
="73700P",30000,0,30000,9300
="73717P",115000,37000,78000,96250
="73729P",75000,5000,70000,88368
="73731P",11000,28000,-17000,-28859
="73747P",2000,0,2000,2599
="73759P",20000,0,20000,32798
="73774P",44000,75000,-31000,-40989
="73781P",30000,0,30000,26100
="73794P",100000,0,100000,67000
="73799P",56000,70000,-14000,-8420
="73803P",106000,428000,-322000,-298399
="73804P",0,4000,-4000,-2759
="73805P",181000,221000,-40000,-32451
="73806P",0,100000,-100000,-77999
="73809P",0,2000,-2000,-2119
="8011",28618,53000,-24382,-577575
="8016",113310,4000,109310,19279725
="8021",5000,4000,1000,28300
="8024",232000,2000,230000,4001799
="8027",2000,4000,-2000,-183099
="8028",29000,29000,0,-20000
="8032",0,2000,-2000,-44500
="8033",676000,1170,674830,11384435
="8038",2000,0,2000,73099
="8040",5005,10000,-4995,-107633
="8042",1000,0,1000,42299
="8044",6000,8020,-2020,-171474
="8046",79000,107000,-28000,-6336500
="8054",105000,272000,-167000,-3887294
="8064",2,0,2,31
="8066",2000,0,2000,104599
="8068",1000,0,1000,25200
="8069",5000,6000,-1000,-46751
="8070",127000,2000,125000,3883993
="8074",0,2000,-2000,-35700
="8081",27000,6000,21000,3703000
="8084",0,1000,-1000,-94000
="8085",0,2000,-2000,-16600
="8086",415033,55090,359943,53825385
="8096",1420,40000,-38580,-540703
="8103",5000,4000,1000,37448
="8105",1000,1000,0,-50
="8110",10000,0,10000,132500
="8112",9050,3000,6050,216594
="8121",14000,29000,-15000,-295050
="8150",66000,78000,-12000,-434001
="8155",10000,7000,3000,348500
="8163",10000,2000,8000,345301
="8176",1,0,1,9
="8183",42000,49000,-7000,-144548
="8213",642000,28000,614000,30642147
="8215",3000,8000,-5000,-139300
="8234",150,0,150,3630
="8255",10,0,10,1240
="8261",16000,4000,12000,655798
="8271",0,1000,-1000,-40150
="8277",2,1000,-998,-11976
="8299",5000,9000,-4000,-1517000
="8358",27000,93000,-66000,-3190296
="8367",0,1000,-1000,-28700
="8383",0,1000,-1000,-39599
="8390",5000,0,5000,153500
="8404",60000,0,60000,1709248
="8421",1000,990,10,-45
="8429",165,0,165,1489
="8436",5000,5000,0,7500
="8454",0,4058,-4058,-3187748
="8464",8100,9000,-900,-350900
="8488",0,1000,-1000,-14449
="8916",2000,0,2000,77900
="8929",3050,16940,-13890,-287149
="8933",2000,0,2000,22100
="8937",0,4000,-4000,-64400
="8996",0,2000,-2000,-112000
="9103",18000,8000,10000,286049
="9105",16142,7001,9141,35364
="911608",10000,0,10000,37400
="9902",26,0,26,279
="9904",19000,67000,-48000,-1393050
="9907",0,5001,-5001,-53260
="9911",0,65000,-65000,-3278498
="9912",1,0,1,8
="9914",186000,16000,170000,47650500
="9919",40000,5000,35000,1128596
="9921",27000,16000,11000,3218000
="9935",1000,0,1000,27450
="9938",70000,110000,-40000,-3257096
="9944",100,0,100,2175
="9945",4008,1500,2508,100120
="9946",1000,0,1000,14750
="9951",0,2000,-2000,-195199
="9955",2000,0,2000,37200
="9958",235000,32000,203000,21271500
