="0050",95435,5150,90285,11325412
="0056",7000,113000,-106000,-3188567
="0061",15000,15000,0,1944
="006205",0,3000,-3000,-119399
="006208",245000,293150,-48150,-3435700
="00632R",425000,144000,281000,1938488
="00633L",152000,0,152000,11495797
="00634R",10000,0,10000,38299
="00636",0,15000,-15000,-425848
="00637L",52000,475000,-423000,-12484536
="00638R",55000,550000,-495000,-3800421
="00639",1000,61000,-60000,-1065921
="00642U",695000,14000,681000,5837379
="00650L",10000,0,10000,280499
="00664R",253000,0,253000,1973429
="00669R",1000,60000,-59000,-549869
="00671R",0,30000,-30000,-195300
="00673R",0,326000,-326000,-7731265
="00677U",271000,196000,75000,306529
="00678",2000,0,2000,54180
="00679B",4000,563000,-559000,-24797361
="00682U",0,20000,-20000,-356367
="00683L",0,62000,-62000,-1012187
="00684R",10000,0,10000,193199
="00687B",15000,85000,-70000,-3245716
="00688L",50000,50000,0,0
="00689R",50000,50000,0,0
="00692",80,1500,-1420,-44386
="00694B",50000,50000,0,0
="00695B",50000,57000,-7000,-271299
="00696B",0,203000,-203000,-9430167
="00697B",50000,159000,-109000,-4474499
="00708L",77000,46000,31000,989820
="00712",106000,10000,96000,1182037
="00715L",2410000,15000,2395000,11640340
="00717",0,2000,-2000,-33599
="00718B",100000,100000,0,0
="00719B",50000,50000,0,0
="00720B",0,55000,-55000,-2502277
="00721B",50000,50000,0,0
="00722B",94000,97000,-3000,-143966
="00723B",60000,57000,3000,135312
="00724B",50000,79000,-29000,-1275976
="00733",100000,132000,-32000,-859139
="00738U",5000,24000,-19000,-547279
="00740B",0,7000,-7000,-340180
="00746B",0,24000,-24000,-1112720
="00751B",1000,180000,-179000,-8446602
="00752",1000,12000,-11000,-332929
="00753L",0,3000,-3000,-120299
="00754B",54000,50000,4000,191959
="00755B",52000,56000,-4000,-184050
="00756B",50000,60000,-10000,-478786
="00762",1000,84000,-83000,-2878696
="00764B",50000,51000,-1000,-46270
="00765B",50000,50000,0,0
="00768B",0,2000,-2000,-147500
="00771",0,102000,-102000,-1949220
="00772B",8000,6000,2000,90370
="00773B",71000,104000,-33000,-1561480
="00783",1000,15000,-14000,-311890
="00786B",0,21000,-21000,-913728
="00787B",0,2000,-2000,-89300
="00788B",0,1000,-1000,-43330
="00795B",71000,70000,1000,44599
="00796B",70000,70000,0,0
="00845B",0,1000,-1000,-38569
="00847B",70000,138000,-68000,-2510557
="00848B",70000,70000,0,0
="00849B",70000,70000,0,0
="00850",50,8000,-7950,-240809
="00861",1000,121000,-120000,-3189775
="00862B",70000,70000,0,0
="00863B",70000,70000,0,0
="00864B",70000,70000,0,0
="00868B",50000,50000,0,0
="00869B",50000,50000,0,0
="00870B",40000,53000,-13000,-531487
="00871B",192000,50000,142000,5594898
="00876",702000,2380000,-1678000,-44618324
="00877",10000,1000,9000,125910
="00878",12000,0,12000,193309
="00881",228386,2510000,-2281614,-36510640
="020011",12000,8000,4000,21320
="020018",19000,119000,-100000,-1216412
="020019",196000,86000,110000,1363767
="020021",1186000,445000,741000,7967679
="020022",19000,0,19000,100348
="03051P",0,108000,-108000,-70199
="03272P",10000,0,10000,99
="03395P",403000,0,403000,419058
="03396P",157000,0,157000,24299
="03563P",5000,0,5000,649
="03572P",150000,150000,0,4501
="03743P",0,100000,-100000,-7000
="03990P",0,3000,-3000,-629
="04126P",0,29000,-29000,-36399
="04223P",10000,0,10000,3700
="04253P",200000,0,200000,95999
="04512P",0,145000,-145000,-24950
="04513P",130000,163000,-33000,-18852
="04594P",0,190000,-190000,-161077
="04607P",0,30000,-30000,-15899
="04664P",0,20000,-20000,-2000
="04674P",0,10000,-10000,-4099
="04686P",150000,0,150000,255000
="04729P",46000,303000,-257000,-287249
="04826P",63000,49000,14000,19931
="04827P",0,20000,-20000,-11899
="04860P",0,10000,-10000,-6200
="04861P",0,32000,-32000,-30399
="04908P",0,10000,-10000,-6600
="04915P",50000,0,50000,56000
="04985P",12000,2000,10000,4789
="05006P",143000,193000,-50000,-48212
="05067P",200000,0,200000,72000
="05102P",1000,3000,-2000,-310
="05103P",0,43000,-43000,-30099
="05104P",35000,0,35000,28758
="05128P",7000,113000,-106000,-121068
="05129P",32000,6000,26000,21900
="05132P",50000,0,50000,46999
="05143P",20000,24000,-4000,-5200
="05144P",0,55000,-55000,-40548
="05147P",50000,0,50000,75499
="05158P",250000,0,250000,516997
="05161P",80000,119000,-39000,-42850
="05162P",0,2000,-2000,-1940
="05182P",200000,0,200000,285999
="05237P",0,478000,-478000,-519999
="05260P",1000000,0,1000000,724999
="05297P",7000,26000,-19000,-23209
="05299P",129000,1000,128000,159637
="05300P",0,91000,-91000,-110440
="05342P",0,86000,-86000,-96259
="05422P",1414000,1312000,102000,58451
="05481P",0,59000,-59000,-59878
="05482P",235000,59000,176000,150216
="05500P",3000,113000,-110000,-116710
="05570P",0,20000,-20000,-27400
="05594P",0,104000,-104000,-100579
="05595P",0,180000,-180000,-249997
="05614P",250000,0,250000,213498
="05632P",0,11000,-11000,-12728
="05697P",230000,4056000,-3826000,-3344074
="05698P",6000,318000,-312000,-232017
="05699P",0,153000,-153000,-200758
="05706P",0,204000,-204000,-216295
="05707P",0,70000,-70000,-130300
="060342",4000,0,4000,19629
="060736",0,1000,-1000,-899
="061087",80000,80000,0,0
="061289",0,14000,-14000,-13919
="061290",0,80000,-80000,-37099
="062122",167000,14000,153000,116450
="062220",3000,15000,-12000,-3149
="062416",605000,0,605000,486868
="062422",10000,30000,-20000,-15629
="062427",75000,21000,54000,73601
="062526",1000,0,1000,2150
="062679",12000,0,12000,9720
="062681",29000,0,29000,19140
="062806",2000,0,2000,10059
="063051",0,3000,-3000,-2069
="063057",799000,0,799000,664175
="063133",22000,22000,0,-1980
="063145",10000,0,10000,6899
="063201",276000,23000,253000,264538
="063209",79000,0,79000,32389
="063337",0,5000,-5000,-8849
="063347",62000,60000,2000,6631
="063436",71000,20000,51000,69360
="063440",14000,0,14000,43259
="063443",6000,0,6000,7079
="063444",182000,5000,177000,158048
="063452",103000,5000,98000,232779
="063536",169000,0,169000,140289
="063662",100000,10000,90000,75499
="063668",12000,0,12000,1800
="063761",10000,0,10000,4499
="064039",13000,1000,12000,25479
="064055",90000,776000,-686000,-187759
="064145",0,200000,-200000,-286999
="064148",2000,0,2000,2880
="064152",22000,0,22000,23980
="064162",8000,0,8000,6960
="064241",207000,0,207000,210578
="064361",0,6000,-6000,-5807
="064362",0,1000,-1000,-2049
="064367",1000,0,1000,829
="064368",15000,0,15000,16050
="064446",10000,0,10000,4600
="064447",109000,75000,34000,14030
="064453",10000,0,10000,4399
="064456",80000,0,80000,4799
="064459",20000,6000,14000,59819
="064465",20000,20000,0,0
="064563",280000,0,280000,254999
="064596",20000,0,20000,5000
="064710",160000,10000,150000,158598
="064713",331000,53000,278000,206109
="064714",499000,51000,448000,282132
="064718",5000,2000,3000,11540
="064719",5000,5000,0,451
="064724",1000,0,1000,209
="064725",5000,0,5000,1749
="064822",36000,0,36000,210288
="064826",0,5000,-5000,-8249
="064827",0,99000,-99000,-163348
="064829",50000,4000,46000,9139
="064831",30000,0,30000,6900
="064840",1000,0,1000,3940
="064911",24000,4000,20000,6118
="064914",10000,0,10000,10700
="064915",1000,0,1000,389
="064916",240000,350000,-110000,-28499
="064917",22000,83000,-61000,-58204
="064918",30000,0,30000,6599
="064919",0,24000,-24000,-7368
="064921",15000,0,15000,12750
="064925",0,3000,-3000,-930
="064926",160000,0,160000,12799
="064928",0,10000,-10000,-1799
="064935",0,5000,-5000,-2770
="065034",20000,0,20000,799
="065036",6000,0,6000,31199
="065184",1000,0,1000,430
="065185",254000,60000,194000,101480
="065186",4000,10000,-6000,-3739
="065198",1000,0,1000,889
="065342",9000,0,9000,33480
="065344",0,40000,-40000,-83798
="065352",20000,6000,14000,5960
="065353",12000,0,12000,6859
="065447",40000,0,40000,6399
="065451",10000,370000,-360000,-135897
="065532",80000,6000,74000,11779
="065541",200000,280000,-80000,-31399
="065678",9000,0,9000,29429
="065679",249000,122000,127000,612958
="065683",229000,4000,225000,128230
="065685",100000,100000,0,-2700
="065686",0,15000,-15000,-2550
="065888",84000,0,84000,263097
="065889",55000,0,55000,99326
="065890",11000,5000,6000,62400
="065891",55000,0,55000,153447
="065892",25000,0,25000,39848
="065893",0,30000,-30000,-30798
="065894",0,100000,-100000,-15000
="065896",2000,0,2000,1220
="065897",50000,0,50000,1999
="065945",331000,84000,247000,584442
="065946",10000,0,10000,23499
="065950",296000,77000,219000,207261
="066005",1000,0,1000,2809
="066009",30000,0,30000,51700
="066197",26000,0,26000,36739
="066198",56000,47000,9000,4881
="066201",0,394000,-394000,-169420
="066203",258000,461000,-203000,-111852
="066204",0,50000,-50000,-40999
="066205",20000,73000,-53000,-36510
="066209",10000,0,10000,2500
="066213",30000,30000,0,-299
="066215",8000,0,8000,2880
="066216",3000,0,3000,16650
="066217",18000,0,18000,10199
="066218",201000,0,201000,160800
="066422",30000,0,30000,10499
="066456",0,85000,-85000,-46097
="066458",3000,0,3000,2989
="066460",10000,40000,-30000,-10500
="066471",10000,0,10000,3700
="066524",17000,0,17000,26269
="066525",40000,92000,-52000,-48316
="066526",1855000,527000,1328000,938589
="067105",110000,0,110000,36999
="067143",0,100000,-100000,-314000
="067144",20000,0,20000,35199
="067147",13000,0,13000,85448
="067149",0,148000,-148000,-106219
="067150",933000,948000,-15000,-107129
="067151",11000,0,11000,8069
="067154",0,10000,-10000,-3400
="067157",3000,2000,1000,70
="067167",0,1100000,-1100000,-3108997
="067274",0,10000,-10000,-2000
="067276",100000,186000,-86000,-22727
="067368",30000,0,30000,10800
="067369",265000,0,265000,55495
="067370",148000,16000,132000,159299
="067371",155000,0,155000,181149
="067372",0,122000,-122000,-114497
="067373",20000,110000,-90000,-95348
="067375",0,40000,-40000,-3279
="067383",1000,45000,-44000,-18599
="067503",67000,3000,64000,18399
="067504",56000,0,56000,149996
="067510",347000,190000,157000,44451
="067515",0,5000,-5000,-719
="067619",0,3000,-3000,-7549
="067637",10000,150000,-140000,-198397
="067638",1000,1000,0,171
="067642",10000,1000,9000,7210
="067643",0,60000,-60000,-6000
="067709",10000,0,10000,1099
="067766",3000,0,3000,4679
="067767",51000,3000,48000,120684
="067768",52000,80000,-28000,-56444
="067769",58000,0,58000,111539
="067770",9000,7000,2000,9350
="067772",69000,0,69000,5889
="067774",1000,15000,-14000,-2809
="067775",483000,145000,338000,64901
="067831",0,10000,-10000,-70999
="067832",3000,55000,-52000,-81379
="067834",14000,0,14000,78700
="067835",3000,0,3000,540
="067836",32000,0,32000,60119
="067837",0,200000,-200000,-15999
="068045",55000,5000,50000,45250
="068046",227000,1000,226000,1152949
="068047",105000,0,105000,536998
="068048",0,51000,-51000,-15810
="068127",2000,0,2000,5400
="068128",298000,7000,291000,846097
="068129",10000,240000,-230000,-97398
="068130",10000,0,10000,3799
="068131",167000,17000,150000,160769
="068217",282000,391000,-109000,-220063
="068219",31000,8000,23000,30930
="068220",580000,610000,-30000,-30463
="068221",712000,21000,691000,620748
="068224",0,4000,-4000,-519
="068364",60000,0,60000,151597
="068383",179000,0,179000,294487
="068384",1000,0,1000,5150
="068386",46000,70000,-24000,-85741
="068387",70000,83000,-13000,-7711
="068389",24000,30000,-6000,-2100
="068390",1225000,413000,812000,823601
="068391",309000,164000,145000,20810
="068392",4000,0,4000,6360
="068394",219000,0,219000,30660
="068395",30000,10000,20000,3701
="068510",0,2000,-2000,-4420
="068511",490000,1097000,-607000,-941819
="068513",499000,0,499000,214570
="068514",0,34000,-34000,-16498
="068516",52000,714000,-662000,-193659
="068518",40000,0,40000,1599
="068519",0,30000,-30000,-66500
="068521",35000,0,35000,12950
="068592",0,5000,-5000,-6499
="068593",1000,15000,-14000,-23840
="068594",1000,5000,-4000,-9080
="068595",0,5000,-5000,-11649
="068665",4000,0,4000,17278
="068667",2000,0,2000,8699
="068669",120000,25000,95000,104001
="068670",1314000,325000,989000,634120
="068671",0,60000,-60000,-127499
="068673",232000,142000,90000,80639
="068674",537000,156000,381000,142911
="068764",1000,6000,-5000,-14400
="068765",20000,0,20000,24600
="068766",6000,0,6000,7759
="068767",2000,5000,-3000,-7691
="068768",0,10000,-10000,-27400
="068769",58000,480000,-422000,-72620
="068771",280000,1862000,-1582000,-180859
="068831",0,5000,-5000,-16100
="068843",0,10000,-10000,-25499
="068844",1000,5000,-4000,-7650
="068845",500000,205000,295000,514361
="068846",0,5000,-5000,-8650
="068848",0,46000,-46000,-71478
="068849",0,40000,-40000,-38699
="068851",10000,0,10000,4099
="068852",994000,1668000,-674000,-244898
="068854",704000,50000,654000,60850
="068882",19000,1000,18000,26600
="068883",8000,1000,7000,12300
="068884",30000,1730000,-1700000,-182650
="068887",0,30000,-30000,-18000
="068888",0,48000,-48000,-25658
="068998",0,70000,-70000,-82299
="069030",95000,1000,94000,125250
="069032",0,250000,-250000,-39999
="069040",79000,40000,39000,26149
="069051",5000,0,5000,3899
="069070",0,8000,-8000,-24000
="069091",50000,0,50000,29499
="069092",2000,0,2000,4830
="069094",232000,294000,-62000,-51309
="069095",638000,710000,-72000,-109812
="069098",217000,30000,187000,144718
="069099",337000,399000,-62000,-40207
="069103",0,15000,-15000,-2100
="069105",2000,0,2000,4460
="069106",55000,4000,51000,87159
="069190",841000,60000,781000,546879
="069191",11000,0,11000,3080
="069193",641000,813000,-172000,-66559
="069397",141000,220000,-79000,-64901
="069400",5000,0,5000,18999
="069402",8000,1000,7000,17989
="069404",20000,0,20000,3600
="069407",1000,5000,-4000,-13130
="069409",11000,1000,10000,6081
="069411",301000,405000,-104000,-47430
="069412",288000,1000,287000,118399
="069414",1948000,4924000,-2976000,-1660256
="069415",2000,10000,-8000,-4380
="069416",165000,321000,-156000,-55192
="069418",10000,0,10000,14500
="069448",450000,109000,341000,237006
="069449",497000,1320000,-823000,-284428
="069564",90000,0,90000,51299
="069612",1000,1000,0,-101
="069613",100000,0,100000,11999
="069614",10000,5000,5000,18599
="069616",52000,35000,17000,72138
="069617",0,11000,-11000,-30418
="069618",0,61000,-61000,-17499
="069622",31000,0,31000,35788
="069691",7171000,2735000,4436000,3894539
="069693",716000,193000,523000,494809
="069698",0,1000,-1000,-5400
="069823",302000,158000,144000,70849
="069824",10000,0,10000,2800
="069927",140000,54000,86000,43599
="069928",6000,0,6000,22739
="069930",0,23000,-23000,-13339
="069932",0,30000,-30000,-599
="069936",24000,0,24000,50859
="070028",0,10000,-10000,-7300
="070127",0,5000,-5000,-6399
="070131",30000,0,30000,6900
="070133",207000,327000,-120000,-93079
="070134",0,20000,-20000,-5199
="070135",31000,0,31000,18579
="070136",2460000,884000,1576000,988381
="070138",70000,111000,-41000,-29908
="070139",40000,60000,-20000,-9499
="070141",40000,50000,-10000,-5901
="070143",350000,0,350000,52500
="070146",20000,0,20000,22709
="070147",268000,236000,32000,35362
="070148",50000,73000,-23000,-7210
="070245",616000,41000,575000,651876
="070250",432000,203000,229000,240001
="070251",30000,30000,0,-598
="070252",1360000,1873000,-513000,-508627
="070255",977000,1015000,-38000,-8120
="070258",250000,0,250000,72499
="070371",0,40000,-40000,-53000
="070374",0,10000,-10000,-11299
="070375",798000,0,798000,47879
="070376",4000,37000,-33000,-17839
="070428",0,10000,-10000,-23749
="070430",40000,0,40000,27999
="070431",6000,16000,-10000,-9039
="070432",0,100000,-100000,-30999
="070444",542000,230000,312000,89860
="070445",261000,539000,-278000,-166150
="070530",10000,0,10000,8299
="070531",0,142000,-142000,-54896
="070533",2000,110000,-108000,-13458
="070534",66000,0,66000,192719
="070537",50000,0,50000,10000
="070538",100000,54000,46000,25901
="070539",10000,93000,-83000,-63500
="070606",10000,30000,-20000,-6300
="070607",5000,0,5000,15149
="070608",247000,53000,194000,65238
="070609",21000,0,21000,16567
="070695",2000,0,2000,1520
="070736",80000,0,80000,55199
="070746",70000,0,70000,56000
="070794",40000,0,40000,21199
="070857",208000,3000,205000,140719
="070858",40000,1000,39000,14430
="070859",0,5000,-5000,-2099
="070860",1972000,1128000,844000,183870
="070862",109000,21000,88000,25080
="070864",170000,45000,125000,38900
="070867",320000,21000,299000,98030
="070913",0,85000,-85000,-166600
="070974",100000,0,100000,152999
="071124",0,40000,-40000,-28399
="071125",59000,26000,33000,182116
="071126",0,5000,-5000,-11200
="071128",19000,0,19000,11988
="071129",0,1000,-1000,-1669
="071131",0,16000,-16000,-7789
="071206",4000,24000,-20000,-272298
="071214",66000,10000,56000,139843
="071215",44000,0,44000,110866
="071218",0,242000,-242000,-134767
="071220",260000,616000,-356000,-101800
="071221",56000,28000,28000,35599
="071222",0,1000,-1000,-1049
="071223",5000,15000,-10000,-12370
="071224",5000,0,5000,6600
="071225",38000,0,38000,73799
="071226",15000,0,15000,13050
="071248",0,10000,-10000,-17699
="071319",0,1000,-1000,-2799
="071320",1000,2000,-1000,-4501
="071321",350000,166000,184000,126418
="071322",416000,0,416000,614507
="071323",0,29000,-29000,-53939
="071326",50000,0,50000,74000
="071327",20000,110000,-90000,-12998
="071331",238000,20000,218000,167398
="071332",30000,0,30000,33308
="071334",235000,20000,215000,205549
="071335",8000,0,8000,11840
="071445",11000,11000,0,-879
="071446",10000,162000,-152000,-111318
="071447",0,40000,-40000,-18599
="071448",10000,35000,-25000,-42101
="071567",148000,20000,128000,107959
="071569",0,6000,-6000,-5368
="071571",150000,185000,-35000,-12199
="071572",70000,20000,50000,28901
="071709",10000,150000,-140000,-36799
="071710",1000,10000,-9000,-4460
="071843",16000,18000,-2000,-6529
="071845",324000,64000,260000,154310
="071847",10000,0,10000,27500
="071887",0,216000,-216000,-624628
="071890",0,11000,-11000,-25959
="071985",2000,0,2000,7440
="072046",54000,62000,-8000,-70872
="072047",0,2000,-2000,-4760
="072050",0,38000,-38000,-50779
="072051",101000,30000,71000,21973
="072112",0,3000,-3000,-30500
="072121",0,20000,-20000,-11000
="072122",340000,296000,44000,41600
="072124",0,15000,-15000,-14550
="072298",0,100000,-100000,-45198
="072300",0,100000,-100000,-20000
="072303",10000,0,10000,39100
="072306",244000,0,244000,221439
="072308",0,70000,-70000,-22769
="072310",0,32000,-32000,-11199
="072311",0,20000,-20000,-27000
="072314",10000,0,10000,3000
="072403",22000,22000,0,-438
="072404",7000,15000,-8000,-10280
="072408",30000,0,30000,12299
="072409",53000,20000,33000,35038
="072410",267000,167000,100000,71401
="072411",0,18000,-18000,-11879
="072412",71000,5000,66000,53572
="072462",1000,20000,-19000,-26090
="072481",100000,0,100000,178999
="072482",0,200000,-200000,-359999
="072534",5000,0,5000,4499
="072556",0,22000,-22000,-34318
="072559",436000,1000,435000,588938
="072560",202000,192000,10000,5261
="072561",0,6000,-6000,-6779
="072562",158000,25000,133000,133150
="072566",206000,0,206000,229965
="072568",96000,0,96000,116779
="072628",113000,0,113000,534625
="072633",244000,519000,-275000,-353211
="072634",5000,35000,-30000,-25601
="072635",0,169000,-169000,-120919
="072708",7000,0,7000,32549
="072710",50000,46000,4000,14110
="072711",130000,80000,50000,45901
="072712",0,10000,-10000,-30748
="072798",10000,0,10000,11299
="072808",1000,0,1000,2940
="072810",0,5000,-5000,-15650
="072812",10000,21000,-11000,-25369
="072813",31000,142000,-111000,-176419
="072884",1000,0,1000,11899
="072964",142000,208000,-66000,-74620
="072968",35000,454000,-419000,-443704
="072969",0,10000,-10000,-35699
="072970",20000,0,20000,93800
="072971",76000,191000,-115000,-304300
="072972",351000,0,351000,494648
="072973",43000,0,43000,48969
="073027",128000,375000,-247000,-166616
="073029",8000,0,8000,16098
="073030",5000,0,5000,16200
="073031",372000,1337000,-965000,-441549
="073032",0,39000,-39000,-27098
="073035",164000,1070000,-906000,-975333
="073037",360000,75000,285000,90960
="073038",263000,17000,246000,329169
="073039",392000,35000,357000,281016
="073040",2000,30000,-28000,-35520
="073094",90000,17000,73000,328671
="073095",36000,5000,31000,61808
="073099",1000,0,1000,3150
="073102",0,50000,-50000,-37999
="073105",0,340000,-340000,-263198
="073106",0,50000,-50000,-30500
="073218",0,100000,-100000,-56000
="073346",2000,0,2000,1899
="073377",45000,8000,37000,35518
="073382",45000,10000,35000,61599
="073383",1000,1000,0,0
="073387",60000,0,60000,98647
="073388",0,18000,-18000,-18899
="073390",98000,27000,71000,64600
="073487",10000,0,10000,9100
="073488",4000,0,4000,2240
="073489",74000,69000,5000,10449
="073493",814000,10000,804000,1114097
="073495",10000,123000,-113000,-89300
="073496",0,5000,-5000,-5899
="073497",2000,18000,-16000,-77149
="073499",0,10000,-10000,-9800
="073500",20000,20000,0,-3100
="073501",15000,0,15000,8250
="073502",226000,1289000,-1063000,-496758
="073503",38000,1522000,-1484000,-851939
="073504",10000,300000,-290000,-124700
="073572",2000,0,2000,2058
="073615",40000,0,40000,112399
="073616",40000,128000,-88000,-277928
="073735",300000,998000,-698000,-611328
="073741",22000,13000,9000,18041
="073742",76000,0,76000,292805
="073743",5000,0,5000,8299
="073744",10000,38000,-28000,-28707
="073745",12000,1000,11000,21601
="073746",250000,0,250000,150000
="073747",255000,185000,70000,62840
="073748",10000,0,10000,20799
="073808",74000,18000,56000,80030
="073809",0,19000,-19000,-9518
="073810",5000,0,5000,6750
="073811",0,55000,-55000,-84737
="073813",10000,26000,-16000,-22439
="073821",0,10000,-10000,-12400
="073859",20000,0,20000,15000
="073981",0,499000,-499000,-269460
="073982",0,203000,-203000,-272906
="073984",527000,156000,371000,503757
="073985",60000,0,60000,185399
="074060",0,12000,-12000,-18840
="074062",21000,0,21000,61380
="074065",468000,90000,378000,444662
="074066",10000,17000,-7000,-7398
="074067",46000,46000,0,1002
="074068",50000,29000,21000,28761
="074069",0,1000,-1000,-1200
="074167",5000,17000,-12000,-27338
="074168",16000,30000,-14000,-15069
="074170",20000,56000,-36000,-44402
="074171",0,24000,-24000,-15118
="074257",397000,16000,381000,387685
="074258",6000,9000,-3000,-4561
="074343",2000,0,2000,5079
="074344",0,29000,-29000,-81937
="074346",52000,0,52000,185606
="074347",2008000,2721000,-713000,-1040531
="074349",203000,5000,198000,251696
="074350",221000,55000,166000,176961
="074351",2000,5000,-3000,-2671
="074352",172000,160000,12000,9640
="074353",11000,2000,9000,13590
="074354",670000,128000,542000,1095196
="074355",238000,0,238000,247778
="074444",22000,1000,21000,46939
="074445",2000,0,2000,8319
="074447",99000,0,99000,93059
="074448",275000,0,275000,172699
="074449",0,92000,-92000,-244698
="074450",0,7000,-7000,-8819
="074451",0,11000,-11000,-19359
="074452",15000,0,15000,13800
="074453",463000,25000,438000,376720
="074454",129000,100000,29000,26590
="074455",91000,0,91000,51609
="074492",5000,0,5000,17999
="074495",409000,0,409000,479928
="074496",116000,2000,114000,243478
="074497",0,8000,-8000,-13279
="074498",120000,0,120000,87200
="074677",68000,0,68000,360926
="074680",24000,206000,-182000,-314109
="074681",0,110000,-110000,-180400
="074684",19000,0,19000,63649
="074685",23000,20000,3000,11658
="074686",0,55000,-55000,-197039
="074687",306000,9000,297000,495598
="074688",280000,0,280000,701596
="074689",42000,23000,19000,41661
="074690",185000,28000,157000,351298
="074758",6000,1000,5000,18600
="074787",0,17000,-17000,-29819
="074788",60000,5000,55000,229751
="074789",22000,1000,21000,75709
="074790",39000,32000,7000,14072
="074791",90000,0,90000,127586
="074793",10000,0,10000,17899
="074794",31000,5000,26000,63160
="074795",10000,0,10000,23099
="074796",68000,0,68000,184040
="074798",31000,0,31000,93089
="074800",23000,3000,20000,48400
="074801",15000,12000,3000,5289
="074802",38000,29000,9000,18831
="074803",0,4000,-4000,-7679
="074804",0,3000,-3000,-4440
="074806",83000,30000,53000,159178
="074807",86000,75000,11000,17268
="074809",100000,0,100000,228318
="074810",126000,0,126000,174438
="074811",5000,35000,-30000,-43698
="074812",0,21000,-21000,-24569
="074816",1000,0,1000,629
="074819",1000,20000,-19000,-25539
="074895",0,11000,-11000,-30348
="074896",10000,6000,4000,6082
="074900",17000,5000,12000,22910
="074902",0,11000,-11000,-7688
="074903",702000,50000,652000,799590
="074906",90000,0,90000,45899
="074907",48000,11000,37000,100196
="074908",54000,49000,5000,8072
="075030",50000,0,50000,194000
="075049",0,15000,-15000,-23248
="075051",37000,0,37000,67710
="075052",22000,33000,-11000,-36849
="075167",55000,0,55000,75350
="075170",1000,72000,-71000,-175450
="075172",1000,215000,-214000,-427998
="075174",241000,0,241000,383469
="075240",5000,31000,-26000,-76680
="075243",59000,26000,33000,66439
="075245",14000,0,14000,26599
="075396",119000,20000,99000,94249
="075397",30000,407000,-377000,-989688
="075398",37000,0,37000,152518
="075399",73000,35000,38000,41339
="075400",10000,0,10000,22699
="075401",20000,40000,-20000,-58600
="075404",0,4000,-4000,-7320
="075405",306000,52000,254000,670181
="075407",0,3000,-3000,-8237
="075409",0,4000,-4000,-2819
="075412",85000,0,85000,52949
="075513",285000,133000,152000,299655
="075517",91000,0,91000,270688
="075640",11000,7000,4000,19140
="075641",86000,6000,80000,80331
="075642",489000,101000,388000,859849
="075691",44000,1000,43000,170729
="075693",72000,80000,-8000,-1967
="075694",0,8000,-8000,-5199
="075696",21000,5000,16000,54939
="075697",58000,65000,-7000,-10879
="075699",264000,123000,141000,367911
="075700",60000,35000,25000,44251
="075701",79000,40000,39000,133311
="075759",20000,0,20000,105300
="075828",89000,123000,-34000,-49888
="075829",192000,0,192000,245638
="075830",27000,0,27000,27259
="075831",58000,8000,50000,86684
="075842",0,40000,-40000,-116400
="075964",37000,81000,-44000,-132570
="075965",383000,0,383000,631508
="075966",6000,6000,0,420
="075968",0,10000,-10000,-47140
="075969",170000,219000,-49000,-39781
="075970",37000,482000,-445000,-740030
="075971",92000,0,92000,289998
="075972",143000,149000,-6000,-10260
="076006",0,100000,-100000,-107599
="076024",0,10000,-10000,-48600
="076055",92000,273000,-181000,-404550
="076057",280000,475000,-195000,-204699
="076060",0,42000,-42000,-107908
="076061",46000,2000,44000,117268
="076062",95000,20000,75000,63400
="076064",573000,456000,117000,141960
="076107",71000,0,71000,191268
="076180",396000,4000,392000,1183470
="076182",10000,0,10000,28218
="076184",71000,5000,66000,184969
="076185",78000,146000,-68000,-161878
="076289",3000,4000,-1000,-1369
="076290",40000,54000,-14000,-13919
="076292",495000,30000,465000,420548
="076405",6000,12000,-6000,-6420
="076406",241000,386000,-145000,-259338
="076410",51000,0,51000,106368
="076411",137000,20000,117000,131609
="076412",130000,13000,117000,157689
="076413",58000,100000,-42000,-53700
="076414",225000,58000,167000,193938
="076415",65000,4000,61000,53829
="076416",62000,436000,-374000,-508699
="076417",147000,158000,-11000,-7701
="076418",306000,14000,292000,514029
="076420",86000,58000,28000,39439
="076421",98000,12000,86000,93810
="076550",5000,20000,-15000,-16200
="076551",0,259000,-259000,-493948
="076559",150000,0,150000,183000
="076567",15000,0,15000,7049
="076648",40000,44000,-4000,-25401
="076651",68000,6000,62000,150010
="076652",262000,99000,163000,172820
="076653",20000,5000,15000,16050
="076654",50000,90000,-40000,-42898
="076655",170000,230000,-60000,-120458
="076688",10000,0,10000,27000
="076716",0,2000,-2000,-1980
="076845",15000,0,15000,30000
="076912",20000,0,20000,15599
="076913",0,25000,-25000,-72850
="076914",10000,0,10000,10900
="076915",0,5000,-5000,-9499
="076917",9000,0,9000,22459
="076918",3000,0,3000,4210
="076920",20000,40000,-20000,-13600
="076921",0,120000,-120000,-80247
="076922",0,20000,-20000,-22399
="076923",6000,0,6000,3300
="076998",0,110000,-110000,-197999
="077039",0,35000,-35000,-65300
="077061",300000,435000,-135000,-131100
="077064",0,21000,-21000,-21808
="077065",103000,30000,73000,91215
="077066",274000,251000,23000,44372
="077067",284000,491000,-207000,-300473
="077068",48000,60000,-12000,-19099
="077103",8000,19000,-11000,-26139
="077104",1000,0,1000,2690
="077107",10000,91000,-81000,-60539
="077108",21000,106000,-85000,-210316
="077109",109000,137000,-28000,-44317
="077110",0,49000,-49000,-41049
="077199",10000,0,10000,24300
="077267",20000,30000,-10000,-11099
="077275",28000,7000,21000,34712
="077276",260000,429000,-169000,-244219
="077277",292000,222000,70000,96777
="077278",10000,15000,-5000,-12199
="077279",200000,0,200000,194246
="077280",0,25000,-25000,-25000
="077281",107000,65000,42000,53650
="077411",0,10000,-10000,-5899
="077412",26000,0,26000,147799
="077585",291000,540000,-249000,-145970
="077586",81000,16000,65000,121103
="077587",107000,12000,95000,204829
="077588",345000,195000,150000,368280
="077592",35000,130000,-95000,-83730
="077593",251000,116000,135000,165763
="077594",0,3000,-3000,-2699
="077595",8000,22000,-14000,-18429
="077596",10000,5000,5000,8750
="077647",0,50000,-50000,-68999
="077648",15000,191000,-176000,-232339
="077649",0,10000,-10000,-23399
="077651",2000,0,2000,15100
="077652",51000,0,51000,62140
="077653",60000,131000,-71000,-109846
="077654",100000,165000,-65000,-61549
="077655",53000,0,53000,43230
="077656",5000,0,5000,13150
="077657",60000,10000,50000,119600
="077658",413000,66000,347000,656041
="077659",132000,37000,95000,195968
="077810",10000,0,10000,12699
="077811",4000,26000,-22000,-22808
="077812",5000,11000,-6000,-10268
="077941",98000,0,98000,142709
="077942",222000,1000,221000,266919
="077944",250000,420000,-170000,-192556
="077945",412000,134000,278000,307131
="077946",257000,153000,104000,180248
="078011",15000,0,15000,16798
="078038",52000,32000,20000,41478
="078049",10000,0,10000,7400
="078087",148000,121000,27000,49731
="078089",289000,196000,93000,178422
="078090",5000,0,5000,9950
="078091",10000,207000,-197000,-357887
="078092",0,94000,-94000,-65147
="078093",4000,48000,-44000,-80200
="078094",15000,1000,14000,35508
="078095",57000,24000,33000,61531
="078096",3000,160000,-157000,-258336
="078097",21000,30000,-9000,-13940
="078098",942000,528000,414000,522290
="078099",32000,1023000,-991000,-1466653
="078400",1000,0,1000,1100
="078461",197000,563000,-366000,-449816
="078462",80000,98000,-18000,-25827
="078463",0,30000,-30000,-32300
="078465",60000,2000,58000,214446
="078466",98000,24000,74000,124091
="078469",8000,0,8000,13359
="078470",1164000,45000,1119000,1966571
="078471",52000,0,52000,69120
="078472",164000,40000,124000,162248
="078473",90000,25000,65000,89538
="078475",20000,174000,-154000,-191789
="078476",50000,110000,-60000,-56580
="078477",76000,0,76000,153278
="078610",5000,0,5000,3600
="078638",2000,0,2000,4280
="078651",0,30000,-30000,-22200
="078696",0,15000,-15000,-16599
="078718",103000,421000,-318000,-312180
="078719",45000,14000,31000,120132
="078720",269000,45000,224000,372617
="078721",0,6000,-6000,-11349
="078723",25000,0,25000,34848
="078724",113000,160000,-47000,-49683
="078725",0,31000,-31000,-39219
="078727",5000,5000,0,249
="078845",15000,10000,5000,2400
="078846",128000,1000,127000,191219
="078847",28000,1000,27000,40381
="078848",145000,1578000,-1433000,-1341708
="078849",1000,0,1000,1850
="078852",60000,0,60000,360000
="078853",24000,40000,-16000,-65108
="078854",100000,64000,36000,37972
="078855",83000,44000,39000,122282
="078856",62000,38000,24000,63273
="078857",0,27000,-27000,-39959
="078871",0,25000,-25000,-47749
="078942",74000,0,74000,224865
="078944",19000,19000,0,630
="078945",143000,47000,96000,113398
="078946",0,83000,-83000,-99600
="078947",23000,69000,-46000,-58619
="078948",0,30000,-30000,-26100
="078949",50000,0,50000,223499
="078965",1000,0,1000,779
="079026",70000,0,70000,270099
="079074",2000,0,2000,1590
="079090",60000,29000,31000,36820
="079091",325000,153000,172000,173361
="079109",5000,0,5000,7649
="079285",340000,4000,336000,569818
="079286",0,21000,-21000,-25940
="079288",92000,0,92000,91698
="079289",166000,424000,-258000,-332605
="079290",118000,25000,93000,85669
="079291",165000,0,165000,263200
="079425",3000,0,3000,3479
="079426",336000,753000,-417000,-625047
="079427",118000,125000,-7000,-10138
="079428",6000,15000,-9000,-6419
="079429",6000,1000,5000,17959
="079430",0,24000,-24000,-43609
="079433",15000,97000,-82000,-78720
="079434",0,60000,-60000,-53999
="079435",492000,374000,118000,176942
="079457",308000,0,308000,567800
="079563",1000,0,1000,850
="079583",70000,0,70000,88199
="079584",177000,132000,45000,45980
="079585",184000,147000,37000,99790
="079586",16000,126000,-110000,-60759
="079680",130000,0,130000,319398
="079727",917000,29000,888000,1105160
="079728",80000,32000,48000,45702
="079729",634000,316000,318000,547831
="079730",20000,0,20000,16599
="079732",89000,568000,-479000,-521027
="079733",51000,25000,26000,33552
="079734",0,8000,-8000,-9097
="079735",5000,9000,-4000,-7429
="079736",139000,389000,-250000,-270920
="079737",30000,1000,29000,31300
="079738",150000,0,150000,405500
="079739",7000,0,7000,4690
="079740",212000,624000,-412000,-500374
="079741",93000,226000,-133000,-201598
="079742",111000,252000,-141000,-283580
="079743",130000,100000,30000,18500
="079745",150000,560000,-410000,-389598
="079868",50000,66000,-16000,-17199
="079869",9000,0,9000,6348
="079870",18000,0,18000,13679
="079871",165000,143000,22000,57668
="079872",92000,33000,59000,84656
="079873",21000,0,21000,49969
="079979",100000,463000,-363000,-323786
="079980",42000,0,42000,65519
="079981",1335000,763000,572000,710059
="079982",35000,0,35000,24648
="079983",153000,108000,45000,45691
="079984",63000,534000,-471000,-744700
="079985",121000,1000,120000,125117
="080004",1000,1000,0,-270
="080012",62000,0,62000,151308
="080076",0,10000,-10000,-20999
="080161",3000,2000,1000,1151
="080163",36000,0,36000,29519
="080165",33000,301000,-268000,-240466
="080166",116000,41000,75000,97446
="080167",83000,0,83000,106650
="080168",0,83000,-83000,-86428
="080169",101000,10000,91000,66300
="080170",1398000,506000,892000,1123879
="080171",254000,247000,7000,52513
="080172",77000,361000,-284000,-317836
="080174",60000,110000,-50000,-49147
="080175",179000,192000,-13000,-1193
="080176",30000,0,30000,27900
="080177",210000,97000,113000,297078
="080178",198000,269000,-71000,-137447
="080180",11000,16000,-5000,-7108
="080181",0,70000,-70000,-88199
="080182",7000,23000,-16000,-22506
="080184",312000,131000,181000,256080
="080185",807000,102000,705000,1172039
="080186",167000,55000,112000,122512
="080187",2000,12000,-10000,-14051
="080248",30000,0,30000,73500
="080317",499000,0,499000,424150
="080343",48000,10000,38000,53168
="080344",18000,50000,-32000,-31169
="080345",4000,4000,0,199
="080346",38000,10000,28000,22771
="080347",199000,22000,177000,156190
="080348",17000,156000,-139000,-363966
="080349",63000,434000,-371000,-427128
="080351",420000,354000,66000,110508
="080523",1000,1000,0,-301
="080539",30000,0,30000,20699
="080540",32000,35000,-3000,-3331
="080541",5000,265000,-260000,-216978
="080543",35000,44000,-9000,-8200
="080544",46000,668000,-622000,-302597
="080545",125000,101000,24000,23320
="080546",139000,116000,23000,18787
="080547",63000,438000,-375000,-422295
="080593",50000,0,50000,36500
="080594",399000,225000,174000,182972
="080595",5000,40000,-35000,-26548
="080596",63000,32000,31000,26641
="080597",21000,50000,-29000,-29202
="080600",0,121000,-121000,-86607
="080602",176000,574000,-398000,-445056
="080603",66000,284000,-218000,-213538
="080679",30000,0,30000,68999
="080795",0,2000,-2000,-5739
="080846",0,21000,-21000,-22189
="080857",16000,0,16000,12819
="080858",50000,0,50000,32759
="080859",137000,234000,-97000,-96865
="080860",264000,418000,-154000,-197470
="080861",191000,1270000,-1079000,-1735198
="080862",0,186000,-186000,-176558
="080864",20000,74000,-54000,-46716
="080865",36000,71000,-35000,-44441
="080867",390000,834000,-444000,-537436
="080868",0,216000,-216000,-167408
="080869",0,220000,-220000,-161439
="080870",5000,100000,-95000,-72998
="080914",5000,0,5000,9399
="081014",2000,0,2000,1600
="081015",2000,0,2000,1620
="081016",5000,0,5000,4550
="081018",5000,0,5000,2849
="081020",50000,41000,9000,20749
="081021",1086000,3175000,-2089000,-2418144
="081024",0,617000,-617000,-566704
="081200",9000,5000,4000,8619
="081214",0,100000,-100000,-70999
="081217",0,20000,-20000,-16000
="081218",0,4000,-4000,-3888
="081219",10000,9000,1000,1279
="081221",0,76000,-76000,-68209
="081222",0,775000,-775000,-745478
="081223",20000,95000,-75000,-61349
="081224",124000,3841000,-3717000,-3971996
="081225",50000,61000,-11000,-15471
="081226",87000,909000,-822000,-931291
="081228",0,10000,-10000,-11299
="081231",0,180000,-180000,-90298
="081232",0,43000,-43000,-55009
="081235",0,10000,-10000,-7400
="081271",0,80000,-80000,-60000
="081272",0,25000,-25000,-25398
="081273",0,20000,-20000,-9200
="081276",0,19000,-19000,-19949
="081278",0,36000,-36000,-34419
="081279",0,110000,-110000,-88897
="081283",0,50000,-50000,-68548
="081285",0,52000,-52000,-54787
="081286",0,150000,-150000,-125999
="081287",0,207000,-207000,-240335
="1101",23000,1603000,-1580000,-68021147
="1102",0,1000,-1000,-43200
="1103",1000,0,1000,18799
="1104",0,35000,-35000,-801897
="1108",1000,0,1000,11949
="1215",10000,10000,0,1299
="1216",709300,9000,700300,46475347
="1217",0,20000,-20000,-191499
="1218",1000,1000,0,-150
="1219",20000,0,20000,415000
="1227",20,0,20,1211
="1229",100,1000,-900,-37891
="1231",3100,19000,-15900,-724000
="1232",40,0,40,5540
="1236",70,0,70,1011
="1256",82,0,82,24518
="1301",75000,59000,16000,1538802
="1303",0,3000,-3000,-211799
="1304",8010,30000,-21990,-492325
="1305",17000,111000,-94000,-2360598
="1308",5000,0,5000,107749
="1309",63000,647000,-584000,-21492595
="1310",8000,9000,-1000,-18099
="1312",10000,139000,-129000,-3106596
="1313",0,3000,-3000,-55448
="1314",73000,49000,24000,261802
="1316",10000,0,10000,120498
="1319",0,10000,-10000,-394949
="1325",7000,12000,-5000,-421901
="1326",101000,15100,85900,7161799
="1336",6000,0,6000,147949
="1337",1000,1000,0,59
="1402",3000,46000,-43000,-1228349
="1409",149000,418100,-269100,-4204527
="1414",0,2000,-2000,-25799
="1416",50,0,50,582
="1434",21000,0,21000,644600
="1440",72000,74000,-2000,-22550
="1441",70,0,70,601
="1444",40000,23000,17000,214650
="1447",13828,222836,-209008,-2089551
="1451",1100,990,110,1808
="1454",2000,0,2000,17360
="1455",45000,43000,2000,2048
="1457",1000,1000,0,-950
="1459",1000,5000,-4000,-36069
="1460",8100,12000,-3900,-35644
="1464",0,11000,-11000,-204048
="1465",0,133,-133,-1802
="1466",2050,3000,-950,-18399
="1468",0,1000,-1000,-14500
="1471",1000,0,1000,5309
="1476",8080,52000,-43920,-18597780
="1477",4003,10000,-5997,-1113944
="1504",2000,1000,1000,28250
="1507",3001,0,3001,183361
="1513",23000,140000,-117000,-5536902
="1514",2000,0,2000,50799
="1519",13000,8000,5000,240248
="1522",0,4000,-4000,-97200
="1528",0,2000,-2000,-20598
="1536",50350,305000,-254650,-31130275
="1537",0,5000,-5000,-702500
="1539",1000,0,1000,18950
="1560",3000,500,2500,165599
="1565",20,5000,-4980,-1337090
="1568",0,10000,-10000,-220750
="1569",3000,0,3000,87000
="1580",0,80000,-80000,-6785399
="1582",0,2000,-2000,-174600
="1586",13000,8000,5000,238797
="1587",17000,2000,15000,375849
="1589",1000,1000,0,-2800
="1590",4000,3000,1000,925000
="1593",13000,6000,7000,627398
="1595",0,1000,-1000,-32250
="1597",214000,1000,213000,18757593
="1598",38000,11000,27000,3210500
="1599",0,31000,-31000,-1136999
="1605",31000,20000,11000,215398
="1608",172000,25000,147000,1980701
="1609",50000,23000,27000,513598
="1611",39030,87000,-47970,-740983
="1612",109000,3000,106000,1826596
="1618",0,2000,-2000,-26299
="1701",1000,0,1000,23299
="1707",4000,1000,3000,546000
="1709",0,1000,-1000,-15500
="1710",3000,1000,2000,39098
="1711",35,0,35,591
="1717",3000,4000,-1000,-36351
="1718",38000,126000,-88000,-930501
="1720",3000,1000,2000,74298
="1722",13000,2000,11000,599900
="1724",111,0,111,1476
="1726",2000,0,2000,142800
="1732",1000,0,1000,23399
="1733",1000,0,1000,23450
="1734",1000,0,1000,29950
="1736",28000,24000,4000,427302
="1760",1000,10000,-9000,-727999
="1762",5000,10000,-5000,-300000
="1773",1000,0,1000,108000
="1781",0,1000,-1000,-24950
="1785",41000,0,41000,1825048
="1786",0,1000,-1000,-60299
="1789",50,0,50,1397
="1795",1000,1000,0,1401
="1799",0,3000,-3000,-50399
="1802",57100,1258000,-1200900,-24216816
="1809",20000,0,20000,243999
="1810",3000,0,3000,30200
="1815",26000,45000,-19000,-276999
="1903",0,1000,-1000,-58799
="1904",0,15000,-15000,-499248
="1905",1001,50000,-48999,-558388
="1907",0,2000,-2000,-55350
="1909",51000,13000,38000,873596
="2002",230954,706000,-475046,-12318126
="2006",26000,8000,18000,659649
="2007",20,0,20,197
="2008",5000,13000,-8000,-141201
="2009",333450,354000,-20550,-870742
="2010",2000,0,2000,27799
="2012",5000,9000,-4000,-81251
="2013",3000,0,3000,97698
="2014",678148,4409000,-3730852,-68432038
="2015",1000,12000,-11000,-773600
="2017",0,3000,-3000,-36249
="2020",0,17000,-17000,-334349
="2022",2040,950,1090,9302
="2023",15170,28000,-12830,-170981
="2024",1000,0,1000,15250
="2027",49000,58000,-9000,-282647
="2028",0,73000,-73000,-1928997
="2029",7000,0,7000,168349
="2030",5000,0,5000,72998
="2034",29000,10000,19000,557446
="2038",43000,34000,9000,219896
="2049",7000,29000,-22000,-8905500
="2059",1,0,1,292
="2062",9000,0,9000,220500
="2065",1000,0,1000,45049
="2101",0,2000,-2000,-80648
="2103",122000,0,122000,2551797
="2104",60000,0,60000,1419000
="2105",37000,18000,19000,779848
="2107",6000,0,6000,144598
="2108",21000,0,21000,1221598
="2114",2000,0,2000,179399
="2115",0,16000,-16000,-720600
="2201",1034000,157200,876800,43728178
="2206",3000,6000,-3000,-101300
="2208",0,12000,-12000,-320449
="2230",40,0,40,560
="2231",4000,11000,-7000,-1400000
="2233",2000,3000,-1000,-83999
="2239",14000,20000,-6000,-728000
="2241",2000,1000,1000,62000
="2301",23000,16076,6924,373105
="2302",0,1000,-1000,-23600
="2303",1509000,1214305,294695,13766604
="2308",479352,246082,233270,69785808
="2312",8000,30000,-22000,-271450
="2313",137000,90000,47000,2173696
="2314",53000,66000,-13000,-407149
="2316",1120,0,1120,34837
="2317",1016388,1700529,-684141,-72093719
="2323",6000,0,6000,54100
="2324",68000,78000,-10000,-208596
="2327",42010,331330,-289320,-150013940
="2328",3651266,794010,2857256,97086063
="2329",234000,1945000,-1711000,-29428855
="2330",297579,316764,-19185,-10623029
="2331",356000,350000,6000,190196
="2332",33000,133000,-100000,-2807047
="2337",1066430,829000,237430,8929423
="2338",2000,20000,-18000,-737349
="2340",59511,151000,-91489,-2323934
="2342",9000,2009,6991,261653
="2344",279201,1608000,-1328799,-37248974
="2345",48000,200000,-152000,-44414500
="2347",15000,12000,3000,145251
="2348",3000,14000,-11000,-984897
="2349",8000,7000,1000,11500
="2351",34000,170000,-136000,-12589295
="2352",54000,198000,-144000,-4184349
="2353",64035,93000,-28965,-668276
="2354",56030,71000,-14970,-832826
="2355",16000,175000,-159000,-5688445
="2356",10000,2000,8000,190250
="2357",10000,31000,-21000,-5288500
="2359",16000,13000,3000,53099
="2360",0,1000,-1000,-178000
="2363",0,1000,-1000,-16350
="2367",48020,449000,-400980,-9567233
="2368",1375000,272005,1102995,59619930
="2369",15000,59000,-44000,-623949
="2371",110000,74208,35792,919636
="2374",0,2000,-2000,-29600
="2375",65000,51000,14000,1349300
="2376",12060,65000,-52940,-4114526
="2377",3000,276000,-273000,-35496500
="2379",522070,32350,489720,195031350
="2380",10000,5000,5000,41551
="2382",1217050,130000,1087050,92301244
="2383",311000,10000,301000,47908500
="2387",1000,161000,-160000,-10226496
="2388",3000,204000,-201000,-11347593
="2392",20000,1096000,-1076000,-53156739
="2393",68000,124000,-56000,-2575598
="2395",3000,1000,2000,680500
="2399",76000,74000,2000,27301
="2401",118000,7000,111000,1993695
="2402",48000,29000,19000,360499
="2404",61000,1020,59980,13049590
="2405",0,20000,-20000,-243999
="2406",1000,4000,-3000,-62149
="2408",1209000,444105,764895,69230228
="2409",239040,6825000,-6585960,-87567691
="2412",310000,133000,177000,19345000
="2415",19000,206000,-187000,-5909599
="2417",46000,55000,-9000,-409101
="2419",101000,40000,61000,1609300
="2421",118000,19000,99000,5277495
="2425",0,5000,-5000,-144900
="2426",2000,49000,-47000,-779150
="2428",2000,47000,-45000,-7658500
="2429",3000,0,3000,59698
="2433",0,52000,-52000,-2644698
="2436",39000,48000,-9000,-444202
="2439",69000,7000,62000,9260000
="2441",0,9000,-9000,-487899
="2442",9000,3000,6000,66048
="2449",396000,45000,351000,12322896
="2450",4000,0,4000,149500
="2451",133000,0,133000,8613496
="2453",5000,2000,3000,53600
="2454",147610,201252,-53642,-42319032
="2455",113000,27000,86000,10361000
="2456",33000,177000,-144000,-15643000
="2457",6000,2000,4000,66200
="2458",1135000,200000,935000,138331000
="2460",10000,104000,-94000,-1761599
="2464",15000,5000,10000,458396
="2467",257000,80000,177000,7097795
="2471",33000,0,33000,865398
="2472",5000,8000,-3000,-192401
="2474",30000,50000,-20000,-4190500
="2476",6000,0,6000,125898
="2477",10000,0,10000,345000
="2478",102010,23000,79010,6844249
="2480",20000,0,20000,1347097
="2481",108150,88000,20150,1064098
="2485",2000,4000,-2000,-40457
="2486",2002,8000,-5998,-119110
="2489",50,50000,-49950,-579395
="2492",63000,235000,-172000,-39591000
="2493",1000,0,1000,34549
="2495",115,0,115,1495
="2496",1000,0,1000,54700
="2497",13000,3000,10000,356899
="2498",37000,101000,-64000,-1949246
="2504",71000,30232,40768,984794
="2505",25000,175293,-150293,-5460279
="2511",542000,0,542000,6054696
="2514",0,136,-136,-1958
="2515",15000,393000,-378000,-3750006
="2516",2775,0,2775,14557
="2520",3000,46000,-43000,-1446849
="2527",3000,0,3000,57449
="2530",0,3000,-3000,-42000
="2534",130,0,130,2511
="2535",3000,3000,0,-451
="2536",0,100000,-100000,-2259098
="2537",5000,0,5000,48099
="2538",100,0,100,1005
="2539",0,1000,-1000,-30549
="2540",17000,0,17000,1219696
="2542",2000,1000,1000,45200
="2546",2000,0,2000,98099
="2547",16000,5000,11000,130599
="2601",39000,12000,27000,292999
="2603",5200004,7072000,-1871996,-84090035
="2605",7000,24000,-17000,-369697
="2606",165000,201000,-36000,-1235648
="2607",13120,22000,-8880,-160565
="2609",2591000,3999000,-1408000,-44322200
="2610",403300,233300,170000,1986653
="2611",0,120150,-120150,-1886354
="2613",0,2000,-2000,-43000
="2615",690000,1012300,-322300,-16403605
="2616",1,0,1,32
="2617",1000,1000,0,-600
="2618",13000,45025,-32025,-414425
="2633",6300,11000,-4700,-142732
="2634",8000,12000,-4000,-116149
="2636",6000,3000,3000,119700
="2640",8000,0,8000,623399
="2641",12000,166000,-154000,-1962348
="2643",2000,8000,-6000,-408299
="2704",0,1000,-1000,-30549
="2706",72,0,72,1008
="2723",0,9000,-9000,-1322000
="2726",0,1000,-1000,-68099
="2727",2000,0,2000,260000
="2732",1000,0,1000,118000
="2736",1000,1000,0,101
="2752",30,0,30,5100
="2801",0,111853,-111853,-1968712
="2809",50000,28000,22000,868300
="2812",200,3936,-3736,-40338
="2820",5000,0,5000,74250
="2823",16500,5000,11500,259136
="2834",1000,4000,-3000,-28871
="2836",1000,0,1000,10449
="2838",0,10000,-10000,-107500
="2845",0,104891,-104891,-1122477
="2855",31564,71386,-39822,-780145
="2867",0,65000,-65000,-560339
="2880",4028,1000,3028,54455
="2881",16000,101000,-85000,-3908646
="2881A",50000,0,50000,3100000
="2882",17000,109793,-92793,-3882774
="2883",61000,78000,-17000,-154458
="2884",13900,2000,11900,299830
="2885",185000,105560,79440,1676684
="2886",578000,500000,78000,2241701
="2887",3000,50000,-47000,-618050
="2887F",50000,0,50000,2574500
="2888",213999,128000,85999,757139
="2888B",0,1000,-1000,-42200
="2889",21000,2000,19000,244549
="2890",34000,0,34000,386498
="2891",257200,24000,233200,4559120
="2892",1000,1020,-20,-474
="2903",0,1000,-1000,-23149
="2905",6000,0,6000,123048
="2911",1000,998,2,-135
="2912",1000,8000,-7000,-1896500
="2915",174000,59000,115000,8076797
="3003",0,2000,-2000,-96749
="3005",178000,0,178000,8630345
="3006",152000,300000,-148000,-9258797
="3008",6385,5000,1385,4056220
="3010",0,2000,-2000,-148199
="3011",29000,27000,2000,14170
="3013",58000,300000,-242000,-4046946
="3014",0,2000,-2000,-138599
="3016",22000,18000,4000,291400
="3017",85100,733000,-647900,-42381635
="3018",1030,1021,9,-6
="3019",7000,65000,-58000,-4391098
="3022",0,12080,-12080,-656680
="3023",48000,24000,24000,5510000
="3024",0,10000,-10000,-110500
="3025",8000,7000,1000,42899
="3026",1000,4000,-3000,-343500
="3029",5000,0,5000,195000
="3031",11000,11000,0,1899
="3032",2000,1000,1000,42551
="3034",557010,102000,455010,173723330
="3035",21500,54000,-32500,-1606015
="3037",894050,654000,240050,23365504
="3038",9200,1000,8200,158850
="3041",11000,40000,-29000,-887146
="3042",11136,58000,-46864,-3560961
="3044",0,5000,-5000,-609000
="3045",200000,1000,199000,19661799
="3047",20444,150444,-130000,-1710641
="3048",1000,0,1000,23500
="3049",8000,16000,-8000,-88000
="3050",2000,253000,-251000,-4501648
="3057",320,0,320,3823
="3059",8000,9051,-1051,-34282
="3060",2000,2000,0,601
="3062",22000,187000,-165000,-3278399
="3067",1000,0,1000,28000
="3071",0,4000,-4000,-100450
="3078",18001,34000,-15999,-718209
="3081",22000,59000,-37000,-11198500
="3088",0,2000,-2000,-101199
="3090",5000,24000,-19000,-969101
="3092",203000,103000,100000,6023299
="3094",0,5000,-5000,-111250
="3105",41032,80000,-38968,-14682838
="3131",7000,12000,-5000,-2012500
="3138",11000,12000,-1000,-161500
="3141",59000,81000,-22000,-968599
="3149",238000,177000,61000,1462851
="3152",21000,49070,-28070,-14232650
="3167",10000,0,10000,446397
="3169",7008,5000,2008,121780
="3176",1000,0,1000,57500
="3178",2000,0,2000,96599
="3189",78000,133000,-55000,-4673101
="3205",0,1000,-1000,-32900
="3206",24000,19000,5000,202951
="3209",2000,0,2000,45900
="3211",0,1000,-1000,-86900
="3217",97000,228000,-131000,-14405000
="3218",14000,18000,-4000,-965500
="3227",15401,190000,-174599,-33436103
="3228",179000,0,179000,34229000
="3230",7000,1000,6000,40620
="3231",306000,9000,297000,8978898
="3234",1000,0,1000,42950
="3236",3000,1000,2000,55550
="3257",1000,3000,-2000,-163801
="3259",0,5000,-5000,-214399
="3260",34000,47100,-13100,-905500
="3264",25000,42000,-17000,-665749
="3265",1000,1000,0,450
="3272",2000,2152,-152,-8158
="3285",5000,4000,1000,19601
="3289",1000,5000,-4000,-231498
="3293",28001,30436,-2435,-1752654
="3297",8000,18000,-10000,-228799
="3305",2000,2000,0,-1700
="3306",2000,1000,1000,20050
="3311",1000,0,1000,33599
="3317",12000,20000,-8000,-409901
="3321",7000,0,7000,102400
="3322",2000,0,2000,22650
="3323",114000,9000,105000,5148745
="3324",14000,175000,-161000,-35086500
="3325",15000,10000,5000,138498
="3338",0,1000,-1000,-65400
="3339",3537,0,3537,70032
="3346",26000,4000,22000,1039598
="3354",0,1000,-1000,-12800
="3360",1000,0,1000,15100
="3362",5,1000,-995,-35224
="3363",1000,1000,0,-551
="3372",14000,0,14000,182900
="3373",4000,0,4000,324799
="3374",673000,309280,363720,72277175
="3376",4000,4000,0,-3000
="3380",280000,75080,204920,8026817
="3383",0,1000,-1000,-4210
="3388",0,3000,-3000,-208500
="3402",0,2000,-2000,-60200
="3406",16000,44000,-28000,-15786000
="3413",172000,13000,159000,35005500
="3432",24000,41000,-17000,-231550
="3437",292000,535000,-243000,-9129450
="3443",67000,203000,-136000,-54273500
="3444",3000,0,3000,109950
="3450",1000,2000,-1000,-68500
="3454",1000,0,1000,92500
="3455",0,11000,-11000,-613799
="3481",2377200,1759400,617800,9316384
="3483",12000,3000,9000,660100
="3484",105111,57000,48111,3092204
="3490",6000,20000,-14000,-446699
="3498",10000,36000,-26000,-1298847
="3499",2000,2000,0,1499
="3508",15000,1072000,-1057000,-28848847
="3515",0,12000,-12000,-1885000
="3521",5000,5000,0,0
="3522",14000,53000,-39000,-532049
="3526",14000,49000,-35000,-3225697
="3529",46030,31000,15030,9640480
="3530",67000,285000,-218000,-29217500
="3532",0,2000,-2000,-273000
="3533",207000,43000,164000,84113500
="3535",2000,5000,-3000,-58201
="3540",17000,62000,-45000,-2899200
="3541",0,34017,-34017,-1930757
="3545",93102,280000,-186898,-16715927
="3546",2200,1000,1200,126550
="3548",21000,19000,2000,148202
="3552",254000,479300,-225300,-55896722
="3556",0,1000,-1000,-59799
="3558",0,3000,-3000,-311500
="3563",2010,2000,10,3450
="3564",50000,5000,45000,1217250
="3576",22000,12000,10000,136947
="3580",0,422000,-422000,-25404497
="3583",1000,2000,-1000,-62099
="3587",2000,0,2000,172599
="3588",35010,77000,-41990,-2900746
="3591",25000,10000,15000,284651
="3594",3000,0,3000,79199
="3596",7000,15000,-8000,-766402
="3597",0,14000,-14000,-280098
="3605",14000,6000,8000,367648
="3611",7000,3000,4000,777500
="3622",3000,33000,-30000,-1076098
="3624",2000,2000,0,4101
="3625",28000,0,28000,488898
="3629",0,1000,-1000,-55099
="3630",3000,4000,-1000,-50598
="3632",137,0,137,1438
="3645",1000,0,1000,56500
="3646",5000,0,5000,113000
="3652",5000,0,5000,100599
="3653",153000,2007,150993,39866659
="3661",123000,74301,48699,35970107
="3663",5000,5000,0,-1899
="3665",68000,76000,-8000,-1848500
="3666",170000,326721,-156721,-10946239
="3669",1000,26000,-25000,-1869798
="3672",0,2000,-2000,-46599
="3673",2000,12000,-10000,-462599
="3675",5000,3000,2000,151199
="3679",5000,0,5000,535000
="3680",39,8000,-7961,-2196892
="3682",12000,2075,9925,106357
="3684",5000,0,5000,173500
="3687",4000,2000,2000,92299
="3689",20,20000,-19980,-605832
="3691",1000,2000,-1000,-203000
="3694",3000,1000,2000,57849
="3702",0,1000,-1000,-42750
="3703",135000,21000,114000,2314050
="3704",1123000,576000,547000,21467456
="3705",110,0,110,4905
="3706",92000,46000,46000,1373700
="3707",56000,216000,-160000,-6178198
="3708",14100,32000,-17900,-2742925
="3711",2187300,2744100,-556800,-49687402
="3712",200,3000,-2800,-89391
="3713",18000,0,18000,780595
="3714",382667,19490,363177,33049107
="4104",26000,0,26000,1445999
="4106",35,10000,-9965,-280497
="4108",0,1000,-1000,-25899
="4109",1000,0,1000,17899
="4113",2400,0,2400,32399
="4114",0,40000,-40000,-1000000
="4116",4000,11000,-7000,-249948
="4119",1000,25000,-24000,-2000300
="4123",6800,3000,3800,264779
="4128",3000,2000,1000,64399
="4129",100,0,100,3640
="4130",0,2000,-2000,-58700
="4133",2000,0,2000,113799
="4137",0,20000,-20000,-3970000
="4139",0,1000,-1000,-59000
="4141",120,87,33,430
="4142",17000,34000,-17000,-848299
="4147",1000,0,1000,82099
="4160",21,0,21,523
="4162",6000,0,6000,334698
="4167",14000,0,14000,483247
="4168",0,2000,-2000,-52000
="4171",1000,0,1000,133000
="4173",1000,3000,-2000,-47100
="4192",1000,1000,0,-51
="4205",1000,8000,-7000,-690299
="4401",0,149000,-149000,-4207644
="4402",2,0,2,10
="4414",6000,10000,-4000,-43700
="4420",1060,1076,-16,-753
="4426",0,1000,-1000,-27600
="4429",150,0,150,4235
="4438",2000,0,2000,210500
="4439",1000,0,1000,147500
="4526",100,0,100,1604
="4528",11000,22000,-11000,-591800
="4529",8000,0,8000,85049
="4530",4000,0,4000,71348
="4532",25000,20000,5000,104799
="4540",0,2000,-2000,-108400
="4543",0,1000,-1000,-16000
="4551",3000,34000,-31000,-5731500
="4555",1000,0,1000,49549
="4557",5000,0,5000,311198
="4561",510000,41000,469000,15626901
="4571",51000,36000,15000,1282399
="4576",1000,4000,-3000,-270700
="4702",127,247,-120,-1343
="4707",4000,1065,2935,32853
="4714",0,1000,-1000,-12250
="4720",0,5000,-5000,-78750
="4721",1000,1000,0,-99
="4722",1000,1000,0,-350
="4725",0,1000,-1000,-17899
="4735",1000,0,1000,99500
="4736",2000,2000,0,-2000
="4739",0,1000,-1000,-67099
="4743",33000,2000,31000,7045500
="4744",4000,0,4000,119000
="4766",2000,0,2000,311000
="4903",0,773,-773,-7042
="4906",27000,133000,-106000,-3334645
="4909",40000,207000,-167000,-3620597
="4915",7000,13000,-6000,-279199
="4919",6100,4000,2100,98658
="4927",1000,4000,-3000,-203999
="4934",16000,32000,-16000,-462499
="4935",13000,108000,-95000,-10638500
="4938",35000,0,35000,2353498
="4939",0,10000,-10000,-219500
="4943",0,20000,-20000,-1810998
="4945",46000,1000,45000,2646000
="4946",79000,1000,78000,3303749
="4950",39000,0,39000,994448
="4953",0,1000,-1000,-96699
="4956",13000,5000,8000,186599
="4958",36000,26000,10000,1213500
="4960",10000,10000,0,-3001
="4961",107400,75225,32175,4556350
="4966",68000,19000,49000,57925000
="4967",23000,70000,-47000,-2260348
="4968",16050,42025,-25975,-10895637
="4971",1000,1000,0,-700
="4974",0,2000,-2000,-110400
="4976",83000,76000,7000,852497
="4977",1000,2000,-1000,-121000
="4979",0,20000,-20000,-539397
="4989",5000,0,5000,121250
="4994",0,2000,-2000,-152899
="5007",0,6000,-6000,-300000
="5009",2035,63,1972,34120
="5011",63000,69000,-6000,-268001
="5014",8000,9000,-1000,-16200
="5211",1000,985,15,-112
="5213",1531,0,1531,25350
="5215",12000,1000,11000,1453000
="5220",0,1000,-1000,-41099
="5223",0,2000,-2000,-141800
="5227",11000,1035,9965,162329
="5243",142000,107000,35000,2352801
="5245",0,10000,-10000,-388498
="5251",2140,55000,-52860,-806861
="5258",0,1000,-1000,-22000
="5264",0,8000,-8000,-697298
="5269",11000,13000,-2000,-3460000
="5272",8000,6000,2000,56199
="5274",30000,5000,25000,46895000
="5283",10,3000,-2990,-396650
="5285",2000,100000,-98000,-6823494
="5289",0,5000,-5000,-840000
="5299",8000,5000,3000,401000
="5306",2000,2000,0,5000
="5309",2000,3000,-1000,-40251
="5315",1000,0,1000,16399
="5328",15000,0,15000,186696
="5347",13100,390000,-376900,-42525700
="5351",8000,7000,1000,27650
="5371",4000,2000,2000,77252
="5386",39000,209000,-170000,-13813088
="5388",8000,175000,-167000,-13344496
="5403",0,28000,-28000,-1558298
="5425",15000,200000,-185000,-11035397
="5434",2000,0,2000,241500
="5439",4000,5000,-1000,-50599
="5443",226000,51000,175000,8353941
="5457",51000,22000,29000,2907799
="5464",0,48,-48,-628
="5465",1000,0,1000,18149
="5468",0,1000,-1000,-22000
="5471",2000,0,2000,133298
="5474",1000,2000,-1000,-174000
="5478",2000,12000,-10000,-1008000
="5483",184040,554000,-369960,-63125180
="5487",5000,0,5000,188399
="5488",88000,68000,20000,138329
="5498",176000,34000,142000,2544698
="5516",1000,0,1000,13899
="5519",2000,0,2000,30848
="5521",4000,0,4000,40299
="5522",0,2000,-2000,-117500
="5531",1000,30000,-29000,-435000
="5608",413000,15625,397375,4967497
="5609",0,1000,-1000,-63700
="5820",4000,1000,3000,37800
="5864",6000,3000,3000,46950
="5871",2000,212054,-210054,-34893964
="5871A",0,90,-90,-8963
="6005",505000,841000,-336000,-4461948
="6015",448000,543000,-95000,-989193
="6016",55000,111952,-56952,-854833
="6020",9000,9000,0,-450
="6021",0,3000,-3000,-59700
="6026",5000,27000,-22000,-228399
="6104",11000,39000,-28000,-1995698
="6112",1000,1000,0,51
="6113",0,10000,-10000,-146000
="6116",70000,68000,2000,34449
="6118",0,4000,-4000,-47200
="6120",1000,3000,-2000,-28900
="6121",108000,10000,98000,36341500
="6125",21000,26000,-5000,-142801
="6126",0,6000,-6000,-146100
="6127",10000,0,10000,238500
="6129",206000,198000,8000,3452
="6134",1000,0,1000,11949
="6139",11000,11000,0,-349
="6140",10000,0,10000,218999
="6141",35000,100000,-65000,-2031149
="6143",0,1000,-1000,-38500
="6147",288000,29000,259000,17255197
="6150",130000,7061,122939,14425699
="6151",5000,1000,4000,96250
="6152",0,2000,-2000,-26449
="6153",32000,24000,8000,273899
="6156",2000,4000,-2000,-39800
="6160",264000,110000,154000,2375704
="6161",0,15000,-15000,-294749
="6164",110000,112000,-2000,-23400
="6165",1000,0,1000,40150
="6166",0,5000,-5000,-309500
="6168",36000,148000,-112000,-2151147
="6169",0,14000,-14000,-435198
="6173",3000,2300,700,45350
="6175",661000,383000,278000,11253453
="6176",17000,16000,1000,143500
="6180",4000,4000,0,5201
="6182",206050,204000,2050,159355
="6185",108,489,-381,-5195
="6187",7000,83000,-76000,-7142099
="6188",9000,12000,-3000,-117049
="6190",1000,10000,-9000,-165599
="6191",14000,58000,-44000,-1133497
="6196",91000,4000,87000,10089500
="6201",0,1000,-1000,-38250
="6203",2000,0,2000,155099
="6205",11000,206000,-195000,-9150699
="6208",46000,14201,31799,1234440
="6209",19000,49000,-30000,-1183897
="6213",103020,21000,82020,11833400
="6214",3000,0,3000,262000
="6217",0,1000,-1000,-38400
="6219",8000,15000,-7000,-155350
="6221",0,1000,-1000,-43400
="6223",3000,12000,-9000,-978500
="6226",6000,0,6000,63899
="6229",5000,0,5000,161499
="6230",5000,26000,-21000,-4665500
="6231",0,2000,-2000,-200000
="6233",9000,4000,5000,160050
="6235",2000,6000,-4000,-77701
="6237",116000,192000,-76000,-6186899
="6239",15000,304000,-289000,-27350794
="6243",3000,5000,-2000,-31650
="6244",9300,4000,5300,177676
="6245",5000,81000,-76000,-5588895
="6247",55,0,55,537
="6248",0,2000,-2000,-56000
="6251",9000,0,9000,175000
="6257",10000,79000,-69000,-3334448
="6261",0,13000,-13000,-831195
="6266",1000,0,1000,19799
="6269",33000,25040,7960,979540
="6271",115000,39000,76000,14665500
="6274",7000,73000,-66000,-8814500
="6275",2000,1000,1000,24750
="6278",26200,162008,-135808,-17943515
="6279",19000,27000,-8000,-859000
="6282",16000,15000,1000,23399
="6283",370000,245000,125000,6187851
="6284",471000,143000,328000,22648993
="6285",11100,22000,-10900,-862961
="6288",12000,144000,-132000,-4516645
="6290",2000,1000,1000,53400
="6294",1000,0,1000,123000
="6409",1000,1000,0,-20000
="6411",13000,16000,-3000,-301500
="6412",0,1000,-1000,-71099
="6414",71010,12000,59010,15039520
="6415",2000,2000,0,-35000
="6417",1000,4000,-3000,-214800
="6426",9000,10000,-1000,-95000
="6435",7000,2000,5000,655000
="6438",2000,86000,-84000,-7008996
="6441",44000,5000,39000,5244000
="6443",49310,29000,20310,807803
="6446",1000,21000,-20000,-1880698
="6451",17000,125000,-108000,-14752000
="6456",98115,140000,-41885,-5039330
="6457",25000,151000,-126000,-11986396
="6462",189000,29000,160000,28485500
="6470",0,20000,-20000,-1169295
="6477",11845,350000,-338155,-22369933
="6485",2000,2000,0,500
="6486",1000,1000,0,-199
="6488",149000,115000,34000,24509000
="6491",0,203000,-203000,-55412500
="6492",1000,11000,-10000,-2157500
="6494",85000,6000,79000,4463500
="6496",1000,1000,0,-362
="6499",3000,0,3000,160098
="6505",0,446000,-446000,-44598898
="6509",5000,0,5000,134698
="6510",45000,10000,35000,28178000
="6512",1070,990,80,772
="6516",0,2000,-2000,-156199
="6525",2000,0,2000,132600
="6531",293000,58000,235000,111519000
="6532",4000,3000,1000,65000
="6533",33000,164000,-131000,-45371000
="6535",0,1000,-1000,-34099
="6538",1000,2000,-1000,-176500
="6547",7003,0,7003,676688
="6548",197000,73000,124000,7885297
="6558",1000,2000,-1000,-52649
="6561",0,1000,-1000,-346000
="6578",0,11000,-11000,-244399
="6579",2000,0,2000,149199
="6582",100,0,100,14500
="6589",0,2000,-2000,-87650
="6598",1000,0,1000,55599
="6605",5000,76810,-71810,-4904504
="6640",74000,40000,34000,2716200
="6641",1000,0,1000,66300
="6642",1000,0,1000,45900
="6643",7000,1000,6000,2164000
="6668",28000,98000,-70000,-4601696
="6669",1000,1000,0,7000
="6670",0,1000,-1000,-174500
="6679",20000,210000,-190000,-45112500
="6683",5000,1000,4000,1266500
="6698",37000,4000,33000,1660548
="6706",10000,7000,3000,502500
="6715",4000,2000,2000,248000
="6728",1000,0,1000,51799
="6732",2000,12000,-10000,-6949000
="6743",5000,16000,-11000,-1394000
="6756",32150,82300,-50150,-13646275
="711174",5000,0,5000,750
="711270",70000,0,70000,7000
="711371",20000,0,20000,399
="711479",78000,48000,30000,49080
="711483",1000,0,1000,2470
="711517",5000,0,5000,3149
="711560",4000,0,4000,39
="711562",102000,0,102000,5100
="711607",100000,131000,-31000,-12650
="711631",47000,120000,-73000,-52173
="711677",54000,0,54000,84780
="711701",0,28000,-28000,-12040
="711702",20000,14000,6000,4490
="711703",409000,0,409000,302660
="711898",10000,0,10000,25999
="711938",50000,0,50000,26499
="711943",5000,0,5000,399
="712014",0,50000,-50000,-51797
="712015",4000,11000,-7000,-5490
="712017",58000,0,58000,58958
="712020",10000,0,10000,10399
="712021",3000,70000,-67000,-33719
="712099",10000,0,10000,2000
="712147",6000,60000,-54000,-25961
="712189",1005000,0,1005000,10049
="712190",10000,0,10000,1099
="712195",0,200000,-200000,-28000
="712199",30000,17000,13000,3352
="712233",10000,0,10000,2800
="712264",5000,0,5000,4300
="712326",50000,36000,14000,9821
="712369",0,220000,-220000,-39398
="712370",11000,1000,10000,5889
="712503",40000,0,40000,12400
="712605",241000,57000,184000,101769
="712606",30000,0,30000,32400
="712607",3000,1000,2000,360
="712612",1031000,50000,981000,448837
="712613",98000,0,98000,23519
="712615",0,35000,-35000,-35048
="712616",9000,23000,-14000,-15368
="712630",220000,30000,190000,74900
="712633",83000,5000,78000,26088
="712916",202000,244000,-42000,-36458
="712918",0,280000,-280000,-42200
="712920",0,50000,-50000,-17000
="712922",0,5000,-5000,-4900
="712923",136000,50000,86000,27258
="712978",50000,10000,40000,53998
="712979",5000,31000,-26000,-26429
="712980",23000,42000,-19000,-23348
="712981",744000,805000,-61000,-57051
="713036",10000,0,10000,27100
="713038",90000,0,90000,20700
="713039",0,158000,-158000,-193659
="713040",5000,60000,-55000,-102400
="713042",161000,641000,-480000,-230820
="713044",0,60000,-60000,-18600
="713071",500000,0,500000,82998
="713074",56000,0,56000,32138
="713075",0,10000,-10000,-12500
="713085",50000,0,50000,17299
="713182",341000,35000,306000,101531
="713184",71000,141000,-70000,-13939
="713225",24000,0,24000,14640
="713226",110000,107000,3000,6869
="713240",5000,0,5000,2049
="713241",0,12000,-12000,-2979
="713284",0,42000,-42000,-37799
="713320",0,299000,-299000,-29900
="713323",1000,3000,-2000,-1300
="713324",0,6000,-6000,-1080
="713325",15000,0,15000,38729
="713327",646000,924000,-278000,-71949
="713351",0,196000,-196000,-5879
="713354",0,299000,-299000,-38869
="713404",197000,0,197000,225360
="713419",208000,0,208000,231974
="713457",0,60000,-60000,-37799
="713514",2184000,188000,1996000,242249
="713545",15000,20000,-5000,-1099
="713587",108000,66000,42000,14600
="713647",8000,3000,5000,1949
="713649",25000,23000,2000,1888
="713651",60000,5000,55000,26900
="713653",50000,52000,-2000,-1039
="713654",0,40000,-40000,-6399
="713675",210000,444000,-234000,-96108
="713676",20000,39000,-19000,-19447
="713677",100000,0,100000,8499
="713821",30000,0,30000,33600
="713868",0,10000,-10000,-1000
="713888",1000,20000,-19000,-2470
="714011",30000,0,30000,7699
="714030",50000,25000,25000,18652
="714033",0,11000,-11000,-5049
="714034",116000,10000,106000,71530
="714082",100000,0,100000,1999
="714153",405000,132000,273000,440719
="714155",60000,0,60000,94200
="714156",168000,63000,105000,154949
="714170",53000,0,53000,76860
="714211",81000,10000,71000,130310
="714212",7000,9000,-2000,-7627
="714213",13000,22000,-9000,-24816
="714214",1000,2000,-1000,-2809
="714236",171000,433000,-262000,-395656
="714237",5000,0,5000,6999
="714238",0,90000,-90000,-68199
="714240",17000,0,17000,37090
="714241",0,200000,-200000,-30000
="714272",28000,40000,-12000,-5160
="714320",190000,73000,117000,84961
="714324",0,83000,-83000,-175959
="714366",6000,0,6000,3059
="714367",0,13000,-13000,-6500
="714386",3000,10000,-7000,-1540
="714514",103000,0,103000,90769
="714516",150000,75000,75000,19253
="714518",0,30000,-30000,-15249
="714620",7000,24000,-17000,-23639
="714621",13000,21000,-8000,-14167
="714622",41000,0,41000,51809
="714647",12000,0,12000,31078
="714648",0,37000,-37000,-70669
="714649",10000,0,10000,29300
="714685",395000,30000,365000,181898
="714687",0,184000,-184000,-138999
="714712",42000,5000,37000,40958
="714741",40000,103000,-63000,-45240
="714795",244000,358000,-114000,-137959
="714823",6000,0,6000,13080
="714856",66000,0,66000,81859
="714858",220000,16000,204000,155621
="714860",9000,202000,-193000,-214229
="714861",0,5000,-5000,-22999
="714887",28000,171000,-143000,-100596
="714888",0,20000,-20000,-12700
="714889",10000,83000,-73000,-57357
="714897",0,100000,-100000,-126999
="714922",2000,0,2000,980
="715011",63000,313000,-250000,-157841
="715034",227000,0,227000,300019
="715066",0,82000,-82000,-52188
="715067",1000,68000,-67000,-87823
="715068",14000,50000,-36000,-57460
="715069",0,110000,-110000,-146400
="715070",150000,0,150000,150000
="715071",0,80000,-80000,-138400
="715072",30000,22000,8000,8241
="715073",1000,2000,-1000,-7049
="715115",0,504000,-504000,-364919
="715116",2000,260000,-258000,-374060
="715159",88000,472000,-384000,-284205
="715160",0,10000,-10000,-4799
="715163",30000,25000,5000,11950
="715164",0,83000,-83000,-173829
="715180",20000,7000,13000,11330
="715239",0,40000,-40000,-52880
="715248",1000,0,1000,959
="715250",0,185000,-185000,-194249
="715285",72000,43000,29000,44371
="715286",131000,0,131000,87770
="715287",62000,0,62000,58918
="715288",35000,240000,-205000,-222089
="715290",0,31000,-31000,-16119
="715328",0,84000,-84000,-220239
="715356",92000,5000,87000,187331
="715395",0,10000,-10000,-26500
="715417",7000,0,7000,21069
="715478",2000,3000,-1000,-710
="715519",116000,0,116000,105159
="715520",507000,220000,287000,304206
="715548",61000,0,61000,45769
="715552",9000,27000,-18000,-43990
="715553",57000,25000,32000,26409
="715554",53000,0,53000,42400
="715555",103000,0,103000,106467
="715609",426000,0,426000,467469
="715630",5000,0,5000,3249
="715656",36000,0,36000,51479
="715657",0,7000,-7000,-6690
="715660",50000,1404000,-1354000,-4461626
="715661",74000,372000,-298000,-485702
="715662",43000,80000,-37000,-58985
="715688",0,5000,-5000,-3149
="715692",10000,1000,9000,8421
="715693",8000,19000,-11000,-11569
="715694",325000,213000,112000,185328
="715743",7000,18000,-11000,-11360
="715780",286000,43000,243000,307068
="715781",34000,0,34000,30599
="715813",50000,5000,45000,76549
="715815",7000,18000,-11000,-11579
="715850",62000,5000,57000,71749
="715901",58000,52000,6000,15661
="715902",5000,0,5000,4749
="715935",250000,208000,42000,110040
="715972",27000,4000,23000,39639
="716017",20000,35000,-15000,-12650
="716032",36000,26000,10000,10440
="716033",60000,3913000,-3853000,-4114886
="716034",30000,0,30000,29100
="716035",23000,10000,13000,19700
="716036",112000,61000,51000,77730
="716037",2000,64000,-62000,-101540
="716081",55000,55000,0,2851
="716084",0,80000,-80000,-235200
="716090",5000,0,5000,11499
="716110",8000,10000,-2000,-2680
="716111",26000,76000,-50000,-59374
="716112",37000,369000,-332000,-457930
="716137",224000,206000,18000,24870
="716171",200000,0,200000,225999
="716251",40000,15000,25000,59351
="716295",1000,10000,-9000,-18380
="716296",1000,13000,-12000,-22737
="716297",1000,0,1000,1610
="716298",108000,1000,107000,207758
="716299",89000,210000,-121000,-170920
="716305",50000,0,50000,54600
="716327",20000,0,20000,59100
="716347",40000,5000,35000,49500
="716357",10000,0,10000,12500
="716358",85000,0,85000,171449
="716368",191000,154000,37000,68799
="716369",31000,175000,-144000,-321731
="716370",55000,174000,-119000,-211098
="716432",50000,0,50000,46999
="716433",40000,0,40000,43799
="716507",153000,1000,152000,135328
="716508",6000,1000,5000,4719
="716535",20000,0,20000,14400
="716590",0,2000,-2000,-2539
="716591",82000,0,82000,85519
="716592",1000,3000,-2000,-1760
="716593",1000,0,1000,1029
="716594",25000,50000,-25000,-27650
="716596",7000,2000,5000,5020
="716643",70000,0,70000,88199
="716677",20000,79000,-59000,-69539
="716678",0,46000,-46000,-47478
="716680",20000,25000,-5000,-3350
="716759",0,67000,-67000,-50250
="716761",5000,6000,-1000,-360
="716816",410000,2382000,-1972000,-2111490
="716837",136000,55000,81000,128240
="716862",0,55000,-55000,-229899
="716863",10000,0,10000,45599
="716877",10000,0,10000,11000
="716881",45000,0,45000,194849
="716903",30000,15000,15000,70500
="716904",50000,0,50000,249000
="716905",103000,87000,16000,22513
="716907",341000,10000,331000,287927
="716908",0,6000,-6000,-5039
="716919",64000,220000,-156000,-797640
="716953",45000,106000,-61000,-53650
="716954",228000,448000,-220000,-257410
="716955",45000,132000,-87000,-72279
="716956",131000,0,131000,105238
="716957",37000,20000,17000,12180
="716958",67000,1010000,-943000,-780855
="716998",465000,215000,250000,292080
="716999",10000,60000,-50000,-51797
="717000",131000,81000,50000,44761
="717001",0,10000,-10000,-7400
="717007",150000,100000,50000,116861
="717024",0,13000,-13000,-11729
="717043",0,20000,-20000,-71199
="717044",0,20000,-20000,-46199
="717045",0,149000,-149000,-478290
="717046",0,20000,-20000,-70799
="717053",6000,0,6000,4559
="717086",16000,20000,-4000,-3321
="717087",49000,14000,35000,48719
="717088",250000,192000,58000,89203
="717101",10000,0,10000,9300
="717102",25000,307000,-282000,-226827
="717103",69000,200000,-131000,-146202
="717159",72000,0,72000,146337
="717174",21000,0,21000,64469
="717197",70000,0,70000,193199
="717203",234000,121000,113000,175865
="717204",414000,1357000,-943000,-1288542
="717205",55000,31000,24000,67410
="717206",10000,0,10000,6499
="717208",87000,373000,-286000,-314494
="717209",40000,34000,6000,14491
="717210",238000,822000,-584000,-630604
="717305",0,50000,-50000,-50499
="717306",5000,0,5000,3849
="717307",0,16000,-16000,-10738
="717308",10000,50000,-40000,-32301
="717311",0,20000,-20000,-17300
="717353",0,10000,-10000,-11499
="717358",0,3000,-3000,-2160
="717359",0,367000,-367000,-343775
="717360",0,25000,-25000,-24798
="717361",0,21000,-21000,-16910
="717364",0,16000,-16000,-19090
="73597P",300000,0,300000,204000
="73598P",56000,0,56000,31859
="73604P",5000,34000,-29000,-46500
="73653P",0,39000,-39000,-41339
="73654P",0,4000,-4000,-2799
="73655P",15000,93000,-78000,-52159
="73686P",50000,0,50000,63799
="73691P",10000,10000,0,-401
="73692P",0,5000,-5000,-10138
="73717P",46000,10000,36000,40959
="73729P",44000,46000,-2000,-5629
="73731P",30000,40000,-10000,-17399
="73740P",0,12000,-12000,-14200
="73747P",40000,124000,-84000,-121701
="73748P",0,26000,-26000,-58889
="73753P",100000,0,100000,185000
="73754P",0,5000,-5000,-4300
="73755P",0,227000,-227000,-260358
="73774P",0,37000,-37000,-57809
="73796P",210000,58000,152000,76398
="73799P",55000,571000,-516000,-327558
="73803P",0,219000,-219000,-243783
="7402",1000,0,1000,29000
="7556",1000,1000,0,500
="8011",3000,19000,-16000,-445650
="8016",10300,16000,-5700,-954800
="8021",0,1000,-1000,-29049
="8024",2000,0,2000,28399
="8027",10000,8000,2000,133198
="8028",4000,100000,-96000,-5377800
="8033",0,4000,-4000,-58199
="8034",8000,11000,-3000,-69001
="8039",0,1000,-1000,-55500
="8040",95016,10000,85016,1964367
="8042",1000,0,1000,43599
="8044",2000,19000,-17000,-1492197
="8046",218000,351100,-133100,-27539800
="8054",13000,56000,-43000,-1054997
="8064",0,6000,-6000,-96000
="8069",317000,453000,-136000,-6373247
="8070",175000,97000,78000,2550392
="8076",269000,15000,254000,8171897
="8081",1000,2000,-1000,-162000
="8084",49000,11000,38000,3261200
="8085",13000,0,13000,124079
="8086",38027,128450,-90423,-12430726
="8088",0,72000,-72000,-2118998
="8096",0,59000,-59000,-754599
="8099",1000,0,1000,26750
="8103",0,20,-20,-714
="8104",1000,3000,-2000,-106599
="8105",15000,0,15000,172847
="8107",18000,293000,-275000,-6085442
="8110",5000,2000,3000,40350
="8112",1500,0,1500,50900
="8121",6000,10000,-4000,-76449
="8150",12000,32000,-20000,-715397
="8155",1000,0,1000,118500
="8163",4000,10000,-6000,-255148
="8171",5000,0,5000,249199
="8213",0,7000,-7000,-321250
="8215",223000,214200,8800,385707
="8222",45,0,45,602
="8255",0,50000,-50000,-5889000
="8261",310000,268000,42000,2406494
="8271",1000,1000,0,651
="8299",2000,14000,-12000,-4007000
="8358",119000,1718238,-1599238,-84908395
="8367",0,25000,-25000,-817948
="8383",0,11000,-11000,-439500
="8390",0,41000,-41000,-1320749
="8409",0,4000,-4000,-74800
="8411",5100,0,5100,70918
="8416",32000,0,32000,4064000
="8421",1000,990,10,36
="8422",3,0,3,492
="8429",402610,126000,276610,2931109
="8436",3000,6000,-3000,-632500
="8440",0,3000,-3000,-52949
="8443",2000,110,1890,22458
="8444",0,1000,-1000,-64900
="8446",1000,0,1000,103500
="8454",5000,0,5000,3305000
="8464",15,0,15,4837
="8472",1000,0,1000,63099
="8481",1000,1000,0,401
="8489",1000,0,1000,52799
="8916",3000,0,3000,118698
="8924",10,8000,-7990,-496877
="8929",24,0,24,517
="8933",0,1000,-1000,-11649
="8936",3000,0,3000,70649
="8938",0,1000,-1000,-39549
="8942",1000,1000,0,-500
="8996",23000,21000,2000,115097
="911616",2001,0,2001,3932
="911868",681000,754000,-73000,-96502
="912398",4062,0,4062,18169
="9802",0,92000,-92000,-9989000
="9904",171000,23000,148000,4597527
="9907",0,250000,-250000,-2920749
="9908",0,1000,-1000,-34099
="9912",202000,67,201933,2069814
="9914",1000,8000,-7000,-1695500
="9919",5000,0,5000,162600
="9921",1000,4000,-3000,-831500
="9924",0,1000,-1000,-44950
="9933",237000,4000,233000,8796494
="9935",0,4000,-4000,-108000
="9938",3100,14000,-10900,-780689
="9941",0,1110,-1110,-111555
="9942",0,2000,-2000,-137600
="9945",31102,19000,12102,489008
="9946",150,0,150,2422
="9949",50,0,50,632
="9951",3000,9000,-6000,-557299
="9958",1100,12000,-10900,-1168200
="9962",6000,0,6000,61199
