="0050",164659,585265,-420606,-58990606
="0052",0,2000,-2000,-273250
="0056",3099,10000,-6901,-213657
="0061",0,98000,-98000,-2640421
="006201",1000,0,1000,18870
="006206",99000,29000,70000,3140747
="006207",100000,0,100000,3536025
="006208",241624,240059,1565,125615
="00632R",293000,8671000,-8378000,-52104991
="00633L",3000,6000,-3000,-284101
="00635U",41000,1000,40000,966967
="00637L",282000,66000,216000,7999398
="00639",8000,0,8000,157440
="00642U",1000,153000,-152000,-1553536
="00643",0,7000,-7000,-146098
="00646",91,0,91,3049
="00647L",0,5000,-5000,-272500
="00648R",0,55000,-55000,-438149
="00652",0,1000,-1000,-25979
="00655L",4000,1000,3000,210249
="00664R",0,48000,-48000,-339518
="00669R",15000,15000,0,51
="00671R",1000,0,1000,6050
="00674R",10000,0,10000,134600
="00675L",1,0,1,43
="00677U",501000,180500,320500,1064013
="00679B",1000,292000,-291000,-12132057
="00680L",2000,0,2000,48880
="00681R",0,2000,-2000,-27520
="00683L",0,241000,-241000,-4031417
="00687B",51000,50000,1000,43229
="00688L",50000,50000,0,0
="00689R",50000,50000,0,0
="00692",10000,2000,8000,277891
="00694B",50000,78000,-28000,-1053919
="00695B",50000,50000,0,0
="00696B",100000,217000,-117000,-5061347
="00697B",50000,104000,-54000,-2174808
="00701",0,1000,-1000,-21059
="00703",2000,1000,1000,29430
="00708L",110000,25000,85000,2280089
="00710B",1000,0,1000,18450
="00712",0,2000,-2000,-26479
="00713",1000,0,1000,35200
="00715L",134000,342000,-208000,-1301249
="00717",0,40000,-40000,-663319
="00718B",116000,90000,26000,512658
="00719B",50000,50000,0,0
="00720B",50000,50000,0,0
="00721B",50000,50000,0,0
="00722B",50000,59000,-9000,-413918
="00723B",50000,51000,-1000,-42450
="00724B",50000,54000,-4000,-169249
="00728",2000,4000,-2000,-57040
="00730",1000,6000,-5000,-96139
="00732",150000,0,150000,5891995
="00733",100000,100000,0,0
="00735",2000,0,2000,68700
="00737",0,5000,-5000,-178999
="00738U",16000,1000,15000,424919
="00739",0,1000,-1000,-31819
="00740B",0,2000,-2000,-94709
="00746B",0,10000,-10000,-444858
="00751B",50000,50000,0,0
="00752",200,2000,-1800,-64727
="00753L",0,11000,-11000,-594500
="00754B",50000,50000,0,0
="00755B",52000,55000,-3000,-131500
="00756B",50000,52000,-2000,-91640
="00764B",50000,50000,0,0
="00765B",50000,51000,-1000,-39799
="00768B",0,37000,-37000,-2548848
="00772B",25000,25000,0,0
="00773B",51000,50000,1000,45389
="00795B",50000,145000,-95000,-3992132
="00796B",55000,25000,30000,1184389
="00845B",0,3000,-3000,-114149
="00847B",50000,50000,0,0
="00848B",25000,25000,0,0
="00849B",25000,25000,0,0
="00850",3000,24009,-21009,-694808
="00861",0,5000,-5000,-142049
="00862B",50000,50000,0,0
="00863B",25000,25000,0,0
="00864B",25000,25000,0,0
="00868B",50000,50000,0,0
="00869B",50000,50000,0,0
="00870B",50000,50000,0,0
="00871B",50000,50000,0,0
="00876",0,1000,-1000,-29399
="00877",2000,10000,-8000,-106299
="00878",46900,12000,34900,590302
="00881",175637,157000,18637,341411
="00882",477000,1240000,-763000,-12311794
="00883B",50000,52000,-2000,-79660
="00884B",50000,50000,0,0
="020011",12000,29000,-17000,-91049
="020016",0,3000,-3000,-55050
="020018",427000,339000,88000,1074689
="020019",425000,326000,99000,1420618
="020020",5000,0,5000,34168
="020021",3428000,611000,2817000,37227810
="020022",1000,23000,-22000,-118849
="03488B",0,16000,-16000,-34720
="03610P",0,27000,-27000,-269
="03721C",998000,0,998000,508979
="04513P",100000,0,100000,9000
="04729P",0,10000,-10000,-8799
="04820P",0,40000,-40000,-47199
="04827P",1000,0,1000,449
="04859P",0,15000,-15000,-2399
="04860P",0,118000,-118000,-20090
="04861P",4000,0,4000,4800
="04969P",7000,0,7000,5739
="05006P",765000,1035000,-270000,-123446
="05070P",60000,0,60000,13199
="05128P",16000,0,16000,16068
="05144P",0,50000,-50000,-7999
="05160P",0,140000,-140000,-54098
="05161P",35000,579000,-544000,-363269
="05297P",0,105000,-105000,-43299
="05422P",0,50000,-50000,-23499
="05469P",10000,0,10000,4300
="05481P",0,5000,-5000,-4300
="05482P",50000,0,50000,27500
="05578P",30000,0,30000,28499
="05585P",0,450000,-450000,-136000
="05594P",6000,0,6000,5399
="05595P",1720000,1138000,582000,298931
="05632P",0,10000,-10000,-8700
="05699P",10000,213000,-203000,-316828
="05749P",0,100000,-100000,-25000
="05776P",659000,500000,159000,69021
="05777P",95000,355000,-260000,-127429
="05786P",82000,0,82000,42639
="05858P",100000,105000,-5000,-649
="05866P",0,300000,-300000,-240000
="05867P",0,150000,-150000,-125999
="05868P",0,159000,-159000,-130379
="05888P",0,400000,-400000,-434000
="05906P",0,55000,-55000,-57389
="05907P",40000,100000,-60000,-31951
="05908P",0,80000,-80000,-47699
="05955P",1000,10000,-9000,-3881
="05973P",5000,43000,-38000,-23509
="05979P",0,30000,-30000,-15299
="06002P",45000,0,45000,51349
="06032P",5000,0,5000,4050
="06104P",0,40000,-40000,-42399
="06113P",0,50000,-50000,-52499
="06136P",0,10000,-10000,-5199
="06137P",0,482000,-482000,-374458
="06152P",20000,216000,-196000,-121298
="06247P",0,5000,-5000,-2949
="063057",89000,0,89000,85387
="063444",8000,242000,-234000,-171478
="063450",4000,0,4000,6188
="063926",30000,0,30000,37200
="064710",14000,10000,4000,701
="065342",1000,0,1000,4170
="065346",0,50000,-50000,-5000
="065533",100000,0,100000,7000
="065679",5000,0,5000,63499
="065683",0,10000,-10000,-1800
="065686",15000,199000,-184000,-29589
="065889",17000,25000,-8000,-19080
="065890",0,1000,-1000,-16399
="065952",13000,0,13000,50690
="065957",70000,0,70000,8098
="066099",0,97000,-97000,-3879
="066198",1000,0,1000,1679
="066203",106000,30000,76000,24236
="066205",20000,0,20000,15800
="066460",95000,0,95000,20999
="066525",3000,10000,-7000,-7220
="066526",115000,246000,-131000,-94661
="066529",0,5000,-5000,-850
="067143",10000,0,10000,51999
="067153",67000,0,67000,669
="067276",0,20000,-20000,-7599
="067368",53000,100000,-47000,-18782
="067370",11000,0,11000,9028
="067505",30000,220000,-190000,-57100
="067510",10000,0,10000,3300
="067637",101000,0,101000,299970
="067638",1000,0,1000,7599
="067831",16000,0,16000,152348
="067832",1000,20000,-19000,-59571
="068045",0,1000,-1000,-2099
="068046",10000,0,10000,95000
="068056",39000,0,39000,779
="068127",35000,0,35000,175500
="068128",0,4000,-4000,-24949
="068129",0,12000,-12000,-7879
="068217",12000,0,12000,24179
="068219",0,2000,-2000,-6360
="068220",416000,56000,360000,1031920
="068221",75000,676000,-601000,-1310979
="068223",0,100000,-100000,-40000
="068224",0,11000,-11000,-1328
="068257",0,10000,-10000,-39000
="068383",0,10000,-10000,-14800
="068384",5000,0,5000,37750
="068385",5000,0,5000,43000
="068386",0,1000,-1000,-2349
="068390",11000,4000,7000,23529
="068394",150000,0,150000,1499
="068396",5000,0,5000,34099
="068510",0,30000,-30000,-88500
="068511",34000,28000,6000,11361
="068512",12000,0,12000,20039
="068514",25000,2000,23000,23950
="068515",2000,0,2000,4099
="068519",0,10000,-10000,-30000
="068594",1000,0,1000,4300
="068666",2000,0,2000,18299
="068669",1000,10000,-9000,-18699
="068670",1312000,0,1312000,2079737
="068671",10000,0,10000,42100
="068674",5000,2000,3000,4009
="068767",0,39000,-39000,-180190
="068768",2000,0,2000,8840
="068769",40000,160000,-120000,-21500
="068843",37000,0,37000,152748
="068847",0,1000,-1000,-3900
="068848",36000,63000,-27000,-71089
="068849",0,5000,-5000,-6750
="068851",0,30000,-30000,-15299
="068852",38000,0,38000,3039
="068888",0,21000,-21000,-2729
="069031",0,21000,-21000,-44730
="069033",1000,0,1000,2500
="069091",0,15000,-15000,-6450
="069095",10000,0,10000,10099
="069097",3000,0,3000,2819
="069099",48000,20000,28000,21029
="069105",3000,6000,-3000,-12529
="069106",44000,36000,8000,25848
="069190",3000,0,3000,1620
="069191",12000,105000,-93000,-38259
="069192",106000,2000,104000,37300
="069193",571000,12000,559000,159847
="069397",3000,10000,-7000,-6469
="069401",1000,0,1000,5449
="069402",24000,40000,-16000,-70270
="069407",7000,0,7000,41199
="069409",0,1000,-1000,-1580
="069411",20000,0,20000,3799
="069412",150000,65000,85000,19548
="069414",505000,6626000,-6121000,-2034998
="069416",126000,491000,-365000,-76010
="069446",10000,0,10000,12000
="069448",12000,0,12000,28239
="069449",0,2979000,-2979000,-342227
="069612",63000,15000,48000,189029
="069614",1000,0,1000,4440
="069618",192000,147000,45000,24830
="069622",5000,0,5000,6399
="069623",205000,0,205000,8199
="069691",1108000,0,1108000,2503155
="069927",6000,5000,1000,259
="069930",0,5000,-5000,-4600
="069933",0,3000,-3000,-1409
="069949",0,10000,-10000,-7599
="070020",0,26000,-26000,-75599
="070129",1000,0,1000,230
="070133",2000,8000,-6000,-2718
="070134",105000,834000,-729000,-227898
="070139",15000,0,15000,6117
="070141",0,70000,-70000,-38799
="070146",1000,3000,-2000,-4429
="070147",61000,29000,32000,58070
="070148",316000,175000,141000,34680
="070246",22000,0,22000,118800
="070249",2000,0,2000,4118
="070250",142000,71000,71000,71230
="070255",10000,40000,-30000,-1399
="070258",0,10000,-10000,-1800
="070376",1000,100000,-99000,-22700
="070426",0,100000,-100000,-80000
="070428",58000,31000,27000,95323
="070430",0,50000,-50000,-18999
="070431",0,10000,-10000,-5699
="070432",0,5000,-5000,-1099
="070444",140000,0,140000,22999
="070445",0,20000,-20000,-16200
="070530",0,115000,-115000,-51749
="070531",0,70000,-70000,-10699
="070533",20000,0,20000,899
="070534",1000,0,1000,2660
="070536",0,50000,-50000,-19499
="070538",0,133000,-133000,-101079
="070606",30000,0,30000,12599
="070608",5000,0,5000,2399
="070609",0,5000,-5000,-2800
="070690",20000,0,20000,5000
="070794",0,30000,-30000,-299
="070860",242000,0,242000,24200
="070862",0,3000,-3000,-570
="070864",5000,15000,-10000,-1800
="070865",0,140000,-140000,-74239
="070867",107000,0,107000,22568
="070953",0,10000,-10000,-7300
="071123",140000,10000,130000,15600
="071127",2000,0,2000,7900
="071206",0,4000,-4000,-84199
="071214",5000,0,5000,7500
="071220",101000,219000,-118000,-12901
="071222",6000,0,6000,6899
="071223",2000,0,2000,400
="071224",30000,0,30000,120900
="071319",0,70000,-70000,-86400
="071321",150000,30000,120000,66901
="071322",20000,0,20000,4399
="071323",0,100000,-100000,-46000
="071334",0,14000,-14000,-18859
="071390",0,1000,-1000,-2190
="071445",85000,15000,70000,150100
="071446",20000,10000,10000,11800
="071448",33000,0,33000,79950
="071569",1000,0,1000,980
="071570",0,5000,-5000,-1700
="071705",2000,0,2000,19249
="071708",0,136000,-136000,-72079
="071846",0,10000,-10000,-20199
="071848",0,29000,-29000,-10348
="071890",0,20000,-20000,-81798
="072046",1000,0,1000,5699
="072047",0,111000,-111000,-403285
="072049",184000,360000,-176000,-73821
="072051",13000,130000,-117000,-107901
="072112",0,1000,-1000,-19299
="072122",0,345000,-345000,-375526
="072301",0,30000,-30000,-223999
="072306",0,78000,-78000,-42900
="072313",0,16000,-16000,-18477
="072403",8000,0,8000,49599
="072404",0,72000,-72000,-197218
="072407",2000,0,2000,6099
="072409",0,35000,-35000,-31898
="072410",20000,68000,-48000,-41167
="072412",10000,0,10000,11200
="072559",5000,1340000,-1335000,-1292287
="072560",80000,0,80000,26400
="072561",5000,0,5000,2800
="072562",2000,336000,-334000,-300640
="072566",0,82000,-82000,-24239
="072567",0,10000,-10000,-2099
="072638",0,343000,-343000,-202019
="072640",20000,0,20000,2199
="072712",10000,10000,0,1499
="072812",6000,30000,-24000,-35929
="072968",0,348000,-348000,-377687
="073027",0,428000,-428000,-361898
="073028",0,175000,-175000,-230188
="073029",0,10000,-10000,-15800
="073031",429000,36000,393000,93691
="073035",10000,467000,-457000,-513638
="073036",0,15000,-15000,-8649
="073037",23000,105000,-82000,-24831
="073038",0,6000,-6000,-6359
="073039",40000,0,40000,12799
="073040",0,5000,-5000,-5249
="073094",5000,0,5000,32000
="073095",19000,0,19000,75120
="073097",0,456000,-456000,-273478
="073100",65000,71000,-6000,-5999
="073101",8000,25000,-17000,-8199
="073102",120000,239000,-119000,-93629
="073103",13000,35000,-22000,-17339
="073104",200000,0,200000,174000
="073105",10000,0,10000,6800
="073106",0,597000,-597000,-539505
="073346",0,10000,-10000,-7099
="073377",10000,537000,-527000,-385680
="073379",0,125000,-125000,-77968
="073386",50000,0,50000,347499
="073388",0,185000,-185000,-140599
="073490",0,187000,-187000,-222218
="073492",10000,0,10000,34900
="073493",0,2000,-2000,-1299
="073496",0,107000,-107000,-80250
="073497",0,14000,-14000,-46899
="073502",2290000,41000,2249000,818730
="073503",0,100000,-100000,-37000
="073580",0,2000,-2000,-22199
="073615",0,147000,-147000,-308899
="073616",10000,22000,-12000,-34730
="073617",0,4000,-4000,-1480
="073726",398000,0,398000,246760
="073737",0,30000,-30000,-65400
="073739",0,2000,-2000,-8378
="073741",7000,32000,-25000,-79192
="073744",0,114000,-114000,-100319
="073745",0,10000,-10000,-20699
="073747",45000,15000,30000,12551
="073748",0,10000,-10000,-26800
="073809",2000,10000,-8000,-2740
="073811",7000,74000,-67000,-90580
="073982",90000,0,90000,109400
="073985",0,10000,-10000,-30699
="074060",0,491000,-491000,-591807
="074063",14000,0,14000,8059
="074067",3000,409000,-406000,-555726
="074068",0,375000,-375000,-381013
="074167",4000,2000,2000,7560
="074168",0,127000,-127000,-110859
="074169",7000,0,7000,6339
="074170",0,15000,-15000,-16350
="074171",0,4000,-4000,-1919
="074256",0,2000,-2000,-7058
="074257",0,31000,-31000,-22009
="074258",0,61000,-61000,-80520
="074347",93000,0,93000,215228
="074349",10000,0,10000,24300
="074350",7000,40000,-33000,-67829
="074351",0,30000,-30000,-51799
="074352",108000,85000,23000,6990
="074353",0,13000,-13000,-32849
="074354",1000,179000,-178000,-383367
="074446",15000,397000,-382000,-248038
="074448",750000,60000,690000,284300
="074450",0,20000,-20000,-11899
="074453",20000,60000,-40000,-38401
="074454",0,10000,-10000,-13478
="074496",0,55000,-55000,-75350
="074497",0,148000,-148000,-214399
="074498",30000,258000,-228000,-139472
="074499",0,50000,-50000,-6098
="074681",40000,100000,-60000,-55199
="074686",2000,0,2000,13899
="074687",0,402000,-402000,-524278
="074724",0,20000,-20000,-16200
="074789",20000,0,20000,75299
="074790",0,2000,-2000,-4840
="074791",0,104000,-104000,-88299
="074792",0,105000,-105000,-79799
="074794",0,39000,-39000,-112777
="074795",0,87000,-87000,-158168
="074796",70000,140000,-70000,-142503
="074797",40000,0,40000,160400
="074798",1000,0,1000,3859
="074802",10000,0,10000,19900
="074804",0,70000,-70000,-86650
="074806",0,20000,-20000,-42499
="074807",60000,23000,37000,89555
="074809",0,46000,-46000,-68080
="074812",0,6000,-6000,-5699
="074819",0,168000,-168000,-305586
="074862",2000,0,2000,8819
="074867",8000,0,8000,3519
="074896",14000,0,14000,24779
="074897",1000,0,1000,3680
="074899",0,30000,-30000,-41999
="074900",0,89000,-89000,-132419
="074902",55000,0,55000,26948
="074903",0,148000,-148000,-123158
="074904",0,142000,-142000,-202987
="074908",0,138000,-138000,-229750
="075049",20000,55000,-35000,-39049
="075050",0,238000,-238000,-121359
="075051",0,56000,-56000,-110316
="075133",0,26000,-26000,-50179
="075167",0,110000,-110000,-128257
="075168",40000,286000,-246000,-385289
="075169",9000,0,9000,49049
="075240",0,6000,-6000,-13200
="075243",5000,271000,-266000,-387738
="075245",0,141000,-141000,-205679
="075398",0,30000,-30000,-131000
="075401",10000,83000,-73000,-236346
="075402",10000,2000,8000,19087
="075404",24000,0,24000,37199
="075405",0,10000,-10000,-25499
="075409",6000,0,6000,2978
="075411",0,533000,-533000,-346969
="075513",13000,2000,11000,24411
="075517",2000,0,2000,12600
="075641",0,72000,-72000,-37439
="075642",8000,218000,-210000,-499126
="075693",0,10000,-10000,-9499
="075694",0,40000,-40000,-16900
="075697",0,243000,-243000,-244969
="075698",0,277000,-277000,-165489
="075700",0,31000,-31000,-39679
="075701",10000,2000,8000,27620
="075827",0,20000,-20000,-40298
="075828",0,2000,-2000,-1919
="075830",0,50000,-50000,-36500
="075831",0,20000,-20000,-24800
="075965",0,55000,-55000,-43149
="075968",5000,4000,1000,2181
="075969",26000,237000,-211000,-148937
="075970",226000,10000,216000,303697
="075971",2000,23000,-21000,-65989
="075972",0,731000,-731000,-1087743
="076055",0,256000,-256000,-387149
="076057",0,90000,-90000,-45299
="076059",0,338000,-338000,-211417
="076060",5000,2000,3000,16350
="076061",0,10000,-10000,-27999
="076062",0,71000,-71000,-117149
="076063",0,174000,-174000,-186699
="076064",1000,2000,-1000,-1060
="076169",5000,0,5000,8000
="076180",3000,2000,1000,3421
="076181",0,26000,-26000,-129719
="076182",0,11000,-11000,-43660
="076289",12000,281000,-269000,-334471
="076290",0,79000,-79000,-40008
="076292",0,219000,-219000,-163579
="076405",10000,0,10000,7799
="076410",9000,5000,4000,10530
="076411",0,229000,-229000,-169788
="076412",0,108000,-108000,-84239
="076413",3000,23000,-20000,-15339
="076414",0,337000,-337000,-291459
="076415",0,156000,-156000,-98669
="076416",0,49000,-49000,-56317
="076418",0,100000,-100000,-104197
="076419",0,93000,-93000,-82769
="076420",0,5000,-5000,-10249
="076421",0,299000,-299000,-224849
="076550",0,16000,-16000,-16557
="076551",5000,5000,0,-551
="076586",0,10000,-10000,-30399
="076587",0,10000,-10000,-25999
="076653",20000,62000,-42000,-108712
="076654",90000,372000,-282000,-165589
="076655",8000,0,8000,35279
="076743",0,50000,-50000,-227500
="076777",0,20000,-20000,-10000
="076912",0,143000,-143000,-100219
="076915",16000,17000,-1000,-6382
="076917",0,80000,-80000,-138438
="076998",0,65000,-65000,-190450
="077000",0,1000,-1000,-2349
="077006",10000,0,10000,17899
="077060",0,100000,-100000,-46000
="077061",50000,190000,-140000,-68499
="077065",0,22000,-22000,-32130
="077103",22000,44000,-22000,-74529
="077105",0,25000,-25000,-102848
="077107",0,202000,-202000,-106548
="077108",3000,584000,-581000,-754305
="077109",0,1000,-1000,-1960
="077275",0,2000,-2000,-4159
="077276",0,5000,-5000,-3950
="077279",0,181000,-181000,-104979
="077352",10000,0,10000,24200
="077455",0,2000,-2000,-16399
="077585",72000,12000,60000,29938
="077586",25000,30000,-5000,-14749
="077587",8000,73000,-65000,-225671
="077589",0,380000,-380000,-131000
="077590",1000,12000,-11000,-45990
="077591",41000,86000,-45000,-167507
="077592",50000,2000,48000,20612
="077594",0,163000,-163000,-107580
="077595",0,44000,-44000,-37399
="077641",3000,0,3000,43799
="077646",0,231000,-231000,-139910
="077647",0,177000,-177000,-159729
="077648",0,327000,-327000,-389697
="077649",16000,50000,-34000,-101750
="077650",0,125000,-125000,-53499
="077651",13000,347000,-334000,-1091224
="077652",220000,146000,74000,81811
="077653",0,14000,-14000,-12599
="077654",35000,55000,-20000,-11800
="077655",0,103000,-103000,-59739
="077658",30000,24000,6000,24800
="077811",0,45000,-45000,-53449
="077812",10000,0,10000,30498
="077941",0,166000,-166000,-127087
="077942",77000,303000,-226000,-347140
="077944",161000,183000,-22000,-17469
="077945",15000,48000,-33000,-48469
="078087",13000,149000,-136000,-413351
="078089",20000,1000,19000,24930
="078090",10000,70000,-60000,-89480
="078091",0,19000,-19000,-25650
="078095",20000,0,20000,54300
="078096",59000,1000,58000,122009
="078097",0,10000,-10000,-8600
="078098",5000,886000,-881000,-965433
="078099",18000,305000,-287000,-398269
="078254",40000,0,40000,78698
="078461",0,26000,-26000,-14669
="078462",0,200000,-200000,-172000
="078464",9000,46000,-37000,-55150
="078466",277000,90000,187000,654200
="078468",0,20000,-20000,-22499
="078469",217000,405000,-188000,-275187
="078470",89000,11000,78000,137738
="078471",5000,0,5000,4749
="078473",25000,0,25000,25599
="078474",1000,0,1000,479
="078475",81000,45000,36000,47011
="078476",0,25000,-25000,-24149
="078477",0,10000,-10000,-41500
="078677",2000,0,2000,8859
="078699",0,23000,-23000,-14030
="078718",32000,420000,-388000,-687655
="078719",0,716000,-716000,-3276278
="078720",40000,3000,37000,82080
="078722",0,20000,-20000,-30499
="078723",0,10000,-10000,-13400
="078724",10000,0,10000,7018
="078725",0,50000,-50000,-76499
="078726",0,4000,-4000,-1429
="078727",10000,0,10000,17200
="078847",4000,0,4000,7000
="078848",646000,1320000,-674000,-1107089
="078849",92000,153000,-61000,-170318
="078850",12000,1031000,-1019000,-1981037
="078851",10000,60000,-50000,-66049
="078853",79000,839000,-760000,-1927325
="078854",129000,142000,-13000,-19272
="078855",0,10000,-10000,-66750
="078856",51000,0,51000,279047
="078943",0,144000,-144000,-270937
="078944",24000,160000,-136000,-289989
="078945",7000,333000,-326000,-410598
="078946",0,103000,-103000,-92067
="078947",0,40000,-40000,-26798
="078949",0,554000,-554000,-1433126
="079065",0,100000,-100000,-354999
="079090",0,143000,-143000,-100928
="079091",0,584000,-584000,-356838
="079150",2000,0,2000,560
="079164",0,2000,-2000,-4340
="079205",0,1000,-1000,-2380
="079225",0,1000,-1000,-3069
="079285",60000,142000,-82000,-141139
="079286",6000,85000,-79000,-51039
="079287",2000,3000,-1000,-1110
="079288",0,139000,-139000,-217568
="079289",6000,277000,-271000,-328360
="079290",65000,411000,-346000,-439047
="079291",0,104000,-104000,-169357
="079425",0,214000,-214000,-151869
="079426",2000,148000,-146000,-117260
="079427",0,212000,-212000,-187828
="079429",53000,4464000,-4411000,-6551153
="079430",0,45000,-45000,-44798
="079431",130000,60000,70000,40800
="079432",0,56000,-56000,-31360
="079433",3000,239000,-236000,-183428
="079434",0,50000,-50000,-56199
="079435",0,26000,-26000,-92378
="079457",0,63000,-63000,-53850
="079582",5000,50000,-45000,-57899
="079583",0,77000,-77000,-98758
="079584",131000,1000,130000,213750
="079586",50000,205000,-155000,-65599
="079727",5000,40000,-35000,-35499
="079728",56000,232000,-176000,-130059
="079729",16000,20000,-4000,-2134
="079730",0,20000,-20000,-14600
="079732",0,15000,-15000,-30749
="079733",24000,0,24000,70080
="079734",2000,12000,-10000,-26741
="079736",0,277000,-277000,-169668
="079737",31000,154000,-123000,-139477
="079738",0,196000,-196000,-236807
="079740",12000,659000,-647000,-925957
="079741",0,93000,-93000,-185058
="079742",246000,672000,-426000,-535770
="079745",100000,20000,80000,64999
="079868",66000,211000,-145000,-180989
="079869",0,47000,-47000,-30079
="079870",0,112000,-112000,-82280
="079871",0,40000,-40000,-44599
="079873",0,117000,-117000,-332326
="079932",0,15000,-15000,-6450
="079979",252000,50000,202000,103859
="079980",0,105000,-105000,-177110
="079981",38000,57000,-19000,-65879
="079982",120000,40000,80000,59401
="079983",8000,61000,-53000,-62770
="079984",0,1282000,-1282000,-1517396
="080161",0,133000,-133000,-98970
="080162",2000,70000,-68000,-68699
="080163",1000,0,1000,439
="080166",0,280000,-280000,-169479
="080167",5000,249000,-244000,-155398
="080168",0,245000,-245000,-156848
="080169",0,14000,-14000,-4840
="080170",123000,200000,-77000,-25880
="080172",150000,0,150000,46500
="080174",20000,117000,-97000,-107040
="080175",52000,65000,-13000,-28403
="080176",178000,230000,-52000,-71736
="080177",167000,1489000,-1322000,-1565080
="080178",164000,0,164000,176268
="080179",0,200000,-200000,-231794
="080181",0,164000,-164000,-78699
="080182",30000,0,30000,16598
="080184",5000,0,5000,10599
="080186",60000,856000,-796000,-826818
="080205",220000,0,220000,488047
="080317",499000,0,499000,214570
="080343",1000,61000,-60000,-29740
="080344",51000,60000,-9000,-12041
="080346",0,31000,-31000,-21998
="080347",0,321000,-321000,-254207
="080348",696000,49000,647000,834400
="080349",450000,321000,129000,175392
="080389",0,6000,-6000,-37500
="080540",38000,98000,-60000,-46579
="080541",0,50000,-50000,-26298
="080542",0,14000,-14000,-5587
="080543",1000,59000,-58000,-27178
="080544",0,10000,-10000,-4499
="080545",311000,27000,284000,839151
="080546",0,33000,-33000,-23699
="080547",0,431000,-431000,-569516
="080593",0,38000,-38000,-20520
="080595",101000,10000,91000,44900
="080596",126000,187000,-61000,-53751
="080597",250000,183000,67000,69883
="080598",7000,36000,-29000,-23799
="080599",10000,0,10000,3700
="080600",0,63000,-63000,-32459
="080601",0,491000,-491000,-283887
="080603",4000,97000,-93000,-224325
="080604",0,5000,-5000,-2049
="080618",205000,0,205000,785629
="080764",7000,0,7000,11619
="080857",640000,22000,618000,381809
="080859",0,29000,-29000,-12888
="080861",20000,6000,14000,29299
="080863",15000,10000,5000,3599
="080864",43000,16000,27000,52600
="080865",17000,0,17000,48789
="080867",0,111000,-111000,-161297
="080868",0,10000,-10000,-5450
="080869",0,45000,-45000,-29249
="081016",0,139000,-139000,-83008
="081017",0,25000,-25000,-12749
="081018",150000,859000,-709000,-397456
="081019",40000,0,40000,44799
="081020",45000,10000,35000,24349
="081021",55000,71000,-16000,-8158
="081024",85000,0,85000,159799
="081025",0,200000,-200000,-137999
="081026",0,109000,-109000,-52319
="081046",0,20000,-20000,-5400
="081130",0,1000,-1000,-11399
="081213",0,40000,-40000,-28399
="081216",15000,10000,5000,2950
="081217",89000,27000,62000,25900
="081218",121000,6000,115000,80808
="081219",69000,20000,49000,28670
="081220",100000,10000,90000,159499
="081221",0,16000,-16000,-26668
="081222",5000,85000,-80000,-41227
="081223",16000,105000,-89000,-73787
="081224",767000,573000,194000,55634
="081225",684000,916000,-232000,-174861
="081226",108000,521000,-413000,-180638
="081231",4000,53000,-49000,-20338
="081232",0,10000,-10000,-6499
="081233",50000,50000,0,-2499
="081234",0,41000,-41000,-60270
="081235",0,66000,-66000,-38129
="081236",0,600000,-600000,-460998
="081258",10000,0,10000,12699
="081271",0,9000,-9000,-3929
="081272",0,7000,-7000,-6320
="081276",0,192000,-192000,-165270
="081277",288000,53000,235000,88650
="081278",166000,150000,16000,15713
="081279",499000,0,499000,189619
="081280",0,50000,-50000,-39800
="081281",6000,60000,-54000,-54991
="081283",50000,0,50000,18999
="081285",209000,0,209000,526868
="081286",0,164000,-164000,-68639
="081287",0,131000,-131000,-164804
="081288",55000,137000,-82000,-70910
="081289",304000,106000,198000,655544
="081428",172000,30000,142000,298859
="081430",5000,0,5000,2300
="081433",20000,0,20000,7599
="081435",0,11000,-11000,-7128
="081436",890000,1435000,-545000,-439209
="081437",100000,11000,89000,48060
="081438",70000,0,70000,83797
="081439",30000,170000,-140000,-130800
="081440",30000,259000,-229000,-108208
="081441",0,120000,-120000,-43200
="081442",0,213000,-213000,-177357
="081443",540000,493000,47000,24499
="081444",60000,5000,55000,25099
="081446",15000,20000,-5000,-3950
="081447",0,93000,-93000,-133108
="081448",0,82000,-82000,-77878
="081449",0,221000,-221000,-140168
="081450",0,236000,-236000,-132517
="081451",2000,16000,-14000,-48089
="081452",0,13000,-13000,-30558
="081575",50000,0,50000,295000
="081692",0,10000,-10000,-50500
="081708",5000,212000,-207000,-137771
="081709",287000,218000,69000,83912
="081710",0,73000,-73000,-84378
="081711",894000,5158000,-4264000,-4226990
="081712",232000,546000,-314000,-294469
="081714",0,129000,-129000,-79980
="081715",56000,145000,-89000,-172700
="081716",60000,179000,-119000,-86179
="081717",50000,42000,8000,4379
="081718",743000,240000,503000,351948
="081719",7000,381000,-374000,-345837
="081720",212000,110000,102000,81818
="081721",20000,145000,-125000,-149626
="081722",0,30000,-30000,-20288
="081723",770000,615000,155000,150017
="081724",47000,170000,-123000,-160080
="081725",50000,271000,-221000,-257561
="081727",27000,43000,-16000,-24841
="081816",12000,0,12000,20859
="081819",207000,0,207000,311489
="081944",0,10000,-10000,-3499
="081945",629000,348000,281000,293480
="081946",0,15000,-15000,-42556
="081947",47000,100000,-53000,-87477
="081948",10000,0,10000,16100
="081950",0,331000,-331000,-287389
="081951",0,130000,-130000,-78600
="081952",370000,381000,-11000,3382
="081953",0,183000,-183000,-106437
="081954",0,5000,-5000,-3849
="081955",0,136000,-136000,-91880
="081956",0,46000,-46000,-22940
="081958",10000,22000,-12000,-5620
="081959",865000,703000,162000,265335
="082000",30000,0,30000,45899
="082060",0,1000,-1000,-2289
="082123",0,188000,-188000,-168698
="082124",61000,596000,-535000,-379858
="082127",63000,60000,3000,1259
="082128",0,1190000,-1190000,-836317
="082129",522000,95000,427000,442411
="082130",9923000,6762000,3161000,3832251
="082131",10000,0,10000,8550
="082132",327000,566000,-239000,-351389
="082133",1000,0,1000,1509
="082134",0,171000,-171000,-122599
="082135",0,20000,-20000,-11799
="082136",29000,5000,24000,10848
="082137",20000,90000,-70000,-68750
="082138",1000,287000,-286000,-201486
="082139",0,83000,-83000,-60639
="082140",8000,77000,-69000,-89319
="082141",20000,10000,10000,5200
="082142",6000,109000,-103000,-78519
="082144",428000,270000,158000,295808
="082145",3000,909000,-906000,-548559
="082300",30000,50000,-20000,-13000
="082307",1000,0,1000,4699
="082314",0,51000,-51000,-30089
="082315",5000,84000,-79000,-40279
="082318",95000,953000,-858000,-337948
="082319",295000,1464000,-1169000,-1290649
="082320",52000,68000,-16000,-27681
="082321",472000,99000,373000,620379
="082322",6000,6000,0,-371
="082323",0,113000,-113000,-102208
="082325",52000,34000,18000,19119
="082326",30000,276000,-246000,-171438
="082327",0,66000,-66000,-78279
="082328",0,5000,-5000,-5350
="082329",700000,75000,625000,388739
="082330",148000,0,148000,235439
="082331",0,31000,-31000,-16418
="082332",17000,10000,7000,3819
="082333",0,50000,-50000,-28499
="082337",70000,23000,47000,92130
="082338",104000,146000,-42000,-69918
="082340",300000,0,300000,150000
="082433",30000,0,30000,74700
="082475",0,285000,-285000,-170498
="082476",122000,235000,-113000,-215631
="082477",30000,43000,-13000,-13161
="082478",738000,177000,561000,362270
="082479",76000,251000,-175000,-113890
="082480",208000,5000,203000,104898
="082481",51000,1183000,-1132000,-758206
="082482",510000,973000,-463000,-316399
="082483",0,61000,-61000,-64307
="082484",5000,60000,-55000,-48198
="082486",220000,248000,-28000,-27349
="082487",1430000,38000,1392000,1603785
="082488",895000,757000,138000,143099
="082489",220000,730000,-510000,-520299
="082490",40000,10000,30000,22700
="082491",151000,50000,101000,66019
="082493",336000,17000,319000,322088
="082494",199000,36000,163000,222860
="082495",152000,50000,102000,137977
="082496",70000,151000,-81000,-54153
="082497",1000,0,1000,1029
="082498",1194000,505000,689000,524152
="082499",94000,76000,18000,26092
="082500",0,28000,-28000,-18399
="082501",409000,161000,248000,216100
="082502",5000,20000,-15000,-11750
="082503",32000,440000,-408000,-520927
="082533",62000,112000,-50000,-178160
="082538",0,2000,-2000,-5599
="082558",416000,302000,114000,108190
="082560",1070000,236000,834000,1094139
="082561",118000,74000,44000,57363
="082562",82000,66000,16000,25929
="082563",50000,650000,-600000,-630025
="082564",42000,526000,-484000,-359928
="082565",0,556000,-556000,-393646
="082568",0,87000,-87000,-83398
="082569",0,264000,-264000,-213449
="082570",5000,0,5000,5000
="082573",70000,97000,-27000,-13539
="082574",50000,0,50000,77999
="082575",114000,66000,48000,35929
="082576",80000,738000,-658000,-561968
="082577",242000,35000,207000,124892
="082578",59000,0,59000,87637
="082661",0,37000,-37000,-116878
="082749",45000,123000,-78000,-49558
="082751",0,225000,-225000,-181908
="082753",40000,100000,-60000,-31301
="082754",136000,493000,-357000,-456340
="082755",47000,147000,-100000,-97980
="082756",0,40000,-40000,-29100
="082757",10000,2000,8000,6649
="082758",0,3000,-3000,-3290
="082760",23000,239000,-216000,-152697
="082764",52000,37000,15000,6021
="082765",327000,20000,307000,215338
="082766",3000,0,3000,2790
="082767",13000,18000,-5000,-2229
="082768",2000,0,2000,2960
="082769",0,915000,-915000,-631349
="082770",25000,310000,-285000,-174590
="082771",0,186000,-186000,-95577
="082772",0,516000,-516000,-638163
="082773",388000,4099000,-3711000,-4509964
="082774",13000,0,13000,24699
="082775",5000,126000,-121000,-155485
="082776",0,27000,-27000,-23030
="082799",0,25000,-25000,-78750
="082850",70000,0,70000,192400
="082854",30000,0,30000,51099
="082923",0,55000,-55000,-45549
="082924",104000,20000,84000,83340
="082925",0,231000,-231000,-86738
="082926",16000,0,16000,10239
="082929",9000,111000,-102000,-94641
="082930",0,50000,-50000,-33000
="082932",0,200000,-200000,-90999
="082933",303000,716000,-413000,-272189
="082934",32000,173000,-141000,-65309
="082936",0,65000,-65000,-58719
="082937",8000,52000,-44000,-46397
="083034",0,10000,-10000,-6200
="083036",0,2000,-2000,-1559
="083075",100000,0,100000,270000
="083197",4000,57000,-53000,-25059
="083198",1000,30000,-29000,-14221
="083199",449000,1861000,-1412000,-686130
="083201",18000,46000,-28000,-18695
="083202",246000,213000,33000,29820
="083203",23000,91000,-68000,-76178
="083204",929000,181000,748000,709599
="083205",3610000,838000,2772000,1881541
="083206",1046000,488000,558000,472019
="083207",5515000,1911000,3604000,3345810
="083208",559000,215000,344000,344839
="083209",0,653000,-653000,-506258
="083210",0,100000,-100000,-85199
="083211",0,125000,-125000,-79999
="083212",65000,51000,14000,12041
="083213",51000,22000,29000,42739
="083215",30000,179000,-149000,-248375
="083216",125000,5000,120000,78148
="083217",10000,20000,-10000,-6199
="083218",0,7000,-7000,-4129
="083219",211000,0,211000,105279
="083326",15000,3000,12000,6870
="083327",15000,87000,-72000,-44941
="083328",35000,50000,-15000,-9850
="083329",35000,54000,-19000,-16450
="083330",0,103000,-103000,-88580
="083331",0,26000,-26000,-15079
="083333",11000,0,11000,6379
="083336",602000,365000,237000,268061
="083338",462000,1855000,-1393000,-1407909
="083339",235000,28000,207000,161610
="083340",255000,38000,217000,187932
="083341",190000,130000,60000,92128
="083342",16000,225000,-209000,-215289
="083343",15000,12000,3000,2620
="083344",0,200000,-200000,-301999
="083345",101000,274000,-173000,-244466
="083346",10000,26000,-16000,-7899
="083348",110000,8000,102000,53139
="083349",0,48000,-48000,-23788
="083350",10000,153000,-143000,-117047
="083443",0,3000,-3000,-4350
="083460",353000,174000,179000,231277
="083461",0,91000,-91000,-70778
="083462",3000,30000,-27000,-14850
="083463",276000,221000,55000,26470
="083464",489000,2725000,-2236000,-2008661
="083465",42000,105000,-63000,-93631
="083471",509000,13000,496000,566218
="083472",11000,36000,-25000,-36967
="083473",20000,0,20000,23298
="083476",0,180000,-180000,-119178
="083477",1000,0,1000,579
="083478",0,3000,-3000,-1969
="083479",50000,33000,17000,9311
="083480",180000,155000,25000,20251
="083665",0,30000,-30000,-25800
="083667",0,5000,-5000,-4550
="083668",92000,382000,-290000,-251610
="083670",19000,0,19000,18469
="083671",0,495000,-495000,-357518
="083674",70000,113000,-43000,-29400
="083675",912000,36000,876000,668501
="083677",160000,105000,55000,43650
="083679",29000,45000,-16000,-14630
="083681",0,22000,-22000,-21108
="083682",200000,152000,48000,29980
="083684",0,21000,-21000,-32116
="083685",0,2000,-2000,-2339
="083688",0,171000,-171000,-140067
="083689",0,30000,-30000,-22199
="083787",139000,508000,-369000,-361710
="083788",210000,374000,-164000,-130390
="083789",0,1000,-1000,-670
="083790",30000,0,30000,20449
="083791",47000,142000,-95000,-87977
="083792",0,25000,-25000,-18999
="083793",0,15000,-15000,-12949
="083794",53000,66000,-13000,-23736
="083796",0,58000,-58000,-99180
="083797",0,96000,-96000,-75129
="084005",0,87000,-87000,-51088
="084006",76000,45000,31000,28369
="084010",2000,58000,-56000,-21779
="084012",255000,1000,254000,155959
="084015",0,143000,-143000,-95810
="084016",3000,0,3000,2010
="084017",73000,5000,68000,41519
="084018",85000,194000,-109000,-76899
="084019",1000,2000,-1000,-1310
="084020",0,484000,-484000,-436798
="084021",0,5000,-5000,-5400
="084022",320000,21000,299000,277890
="084024",0,243000,-243000,-177390
="084025",181000,2234000,-2053000,-1746185
="084230",182000,102000,80000,48879
="084231",304000,1361000,-1057000,-658537
="084232",47000,661000,-614000,-519499
="084236",20000,85000,-65000,-29378
="084237",206000,93000,113000,125530
="084238",101000,31000,70000,47409
="084239",10000,65000,-55000,-39198
="084240",50000,0,50000,25000
="084241",0,8000,-8000,-6950
="084242",0,68000,-68000,-40399
="084243",170000,1899000,-1729000,-2973202
="084244",22000,77000,-55000,-82958
="084245",0,58000,-58000,-42740
="084246",0,1000,-1000,-819
="084247",4000,0,4000,1899
="084248",40000,40000,0,21
="084249",0,158000,-158000,-157164
="084250",200000,0,200000,146000
="084251",0,145000,-145000,-112379
="084252",5000,16000,-11000,-11941
="084253",5000,14000,-9000,-10479
="084375",0,120000,-120000,-43900
="084377",50000,0,50000,27000
="084378",50000,205000,-155000,-101895
="084380",40000,1000,39000,54190
="084383",10000,65000,-55000,-50551
="084384",4000,0,4000,3519
="084385",50000,122000,-72000,-73511
="084386",0,22000,-22000,-16838
="084387",0,66000,-66000,-34979
="084388",537000,799000,-262000,-291340
="084389",0,10000,-10000,-6499
="084390",60000,116000,-56000,-40198
="084533",1000,73000,-72000,-54429
="084534",0,10000,-10000,-4900
="084535",0,5000,-5000,-2839
="084536",5000,168000,-163000,-277500
="084539",0,190000,-190000,-117800
="084540",20000,54000,-34000,-34418
="084541",2000,0,2000,2220
="084542",10000,0,10000,12999
="084543",0,258000,-258000,-173378
="084545",20000,249000,-229000,-206457
="084546",26000,186000,-160000,-127909
="084685",0,52000,-52000,-35379
="084686",0,79000,-79000,-70967
="084687",0,25000,-25000,-18899
="084691",0,10000,-10000,-8700
="084692",52000,147000,-95000,-74607
="084693",10000,100000,-90000,-33999
="084695",0,50000,-50000,-104499
="084696",324000,112000,212000,138722
="084697",31000,30000,1000,2211
="084699",0,257000,-257000,-199359
="084700",0,10000,-10000,-8146
="084701",25000,0,25000,23299
="084703",0,11000,-11000,-13998
="084704",0,321000,-321000,-234330
="084705",0,10000,-10000,-6899
="084708",0,387000,-387000,-348437
="084709",0,20000,-20000,-10199
="084710",0,96000,-96000,-79769
="084734",50000,0,50000,112000
="084821",0,144000,-144000,-132340
="084822",0,260000,-260000,-225799
="084824",0,3000,-3000,-3029
="084827",0,251000,-251000,-166280
="084828",155000,314000,-159000,-150599
="084829",0,36000,-36000,-18719
="084830",180000,3000,177000,127352
="084831",0,22000,-22000,-18859
="084832",0,5000,-5000,-5550
="084833",5000,50000,-45000,-36899
="084834",100000,202000,-102000,-80570
="084835",0,10000,-10000,-8600
="084836",0,15000,-15000,-7949
="084837",22000,0,22000,25519
="084838",169000,300000,-131000,-118908
="084877",50000,0,50000,78500
="084892",0,5000,-5000,-3549
="084893",35000,65000,-30000,-33699
="084894",0,1000,-1000,-939
="084896",30000,382000,-352000,-307806
="084897",0,105000,-105000,-76659
="085026",0,88000,-88000,-93017
="085027",10000,313000,-303000,-228208
="085032",6000,852000,-846000,-567708
="085126",0,105000,-105000,-168900
="085128",0,21000,-21000,-19530
="085129",0,200000,-200000,-173498
="085134",0,7000,-7000,-4108
="1101",50004,4080,45924,1886563
="1102",24000,13000,11000,451499
="1103",2,20000,-19998,-340965
="1104",130000,20000,110000,2317647
="1108",0,1000,-1000,-11199
="1201",5000,7000,-2000,-41750
="1203",1,0,1,34
="1210",1000,1000,0,101
="1215",3002,0,3002,215042
="1216",309000,236000,73000,4846497
="1217",10000,6006,3994,33291
="1218",2002,0,2002,55654
="1219",1,0,1,19
="1227",2000,1000,1000,57300
="1229",1073,2000,-927,-37986
="1234",1,0,1,32
="1236",1,0,1,13
="1301",190000,44300,145700,13853495
="1303",5100,175000,-169900,-11885898
="1304",101000,34000,67000,1442849
="1305",207001,72000,135001,3379671
="1308",4002,50000,-45998,-940159
="1309",68001,5000,63001,2016730
="1312",34001,13000,21001,490373
="1313",70000,0,70000,1129997
="1314",459000,379153,79847,939722
="1316",1,0,1,11
="1321",0,2000,-2000,-66900
="1325",11000,20040,-9040,-680659
="1326",0,46000,-46000,-3837800
="1337",3150,5000,-1850,-16875
="1338",5,0,5,324
="1340",3,3420,-3417,-34574
="1341",1,0,1,62
="1402",9000,14000,-5000,-136052
="1409",1,11000,-10999,-145737
="1414",4,4000,-3996,-51744
="1416",144,0,144,1554
="1417",3,3,0,-1
="1418",5,0,5,39
="1423",3,0,3,51
="1434",1000,0,1000,29299
="1435",3,0,3,86
="1440",30001,1000,29001,388462
="1444",30000,1000,29000,336101
="1445",1,5000,-4999,-65237
="1447",20180,12000,8180,68540
="1449",3,0,3,70
="1452",3,199,-196,-3366
="1454",0,7000,-7000,-57750
="1456",10000,10000,0,-8500
="1457",0,2000,-2000,-29399
="1459",0,1000,-1000,-8159
="1464",1,0,1,17
="1472",0,2,-2,-19
="1473",30,0,30,514
="1474",3,0,3,38
="1476",14000,8000,6000,2510000
="1477",100000,26000,74000,14348000
="1504",1,87000,-86999,-2494971
="1506",1,0,1,10
="1507",5,0,5,312
="1512",0,11,-11,-48
="1513",65001,67000,-1999,-107500
="1514",1,0,1,24
="1515",0,1000,-1000,-78599
="1517",3000,0,3000,39300
="1519",0,2000,-2000,-87299
="1524",153,0,153,1544
="1526",1,0,1,42
="1527",1,4000,-3999,-171758
="1528",0,3,-3,-27
="1533",89000,95000,-6000,-438897
="1536",7001,105177,-98176,-11675812
="1558",1181,1000,181,24564
="1560",0,1000,-1000,-66000
="1568",1000,2000,-1000,-27000
="1569",0,1000,-1000,-27950
="1580",0,30000,-30000,-2702999
="1582",4101,8000,-3899,-315440
="1584",25001,3,24998,272977
="1590",37000,6001,30999,32988950
="1593",1000,6000,-5000,-633500
="1597",21000,11000,10000,1054000
="1598",3000,8000,-5000,-498100
="1604",102,8000,-7898,-204570
="1605",19000,87003,-68003,-1197154
="1608",0,20000,-20000,-232000
="1609",140001,3003,136998,2631311
="1611",1003,0,1003,12437
="1612",1001,31000,-29999,-522031
="1618",371000,10000,361000,4563650
="1626",3000,30000,-27000,-667300
="1701",2,0,2,44
="1702",5000,2000,3000,135450
="1708",4,0,4,88
="1710",16000,12,15988,307470
="1711",4,0,4,62
="1712",2,0,2,40
="1714",10000,25006,-15006,-138405
="1717",2000,733,1267,43859
="1718",16000,20003,-4003,-34326
="1724",0,7000,-7000,-86250
="1727",6000,2000,4000,42799
="1732",1000,0,1000,26799
="1733",1,1000,-999,-22377
="1734",1003,0,1003,27235
="1736",26000,4500,21500,1912948
="1737",1,0,1,32
="1760",8000,6000,2000,147199
="1762",2,0,2,113
="1773",12000,1000,11000,1164000
="1781",1,0,1,21
="1783",48,0,48,1110
="1784",6005,0,6005,219793
="1785",219153,286987,-67834,-3040319
="1786",1,0,1,55
="1789",1000,0,1000,24850
="1795",1000,0,1000,69800
="1799",1000,0,1000,14949
="1802",142000,67000,75000,1297098
="1806",3,0,3,24
="1815",1000,3003,-2003,-28143
="1817",23000,0,23000,756498
="1903",1,0,1,52
="1904",20000,6040,13960,424586
="1905",25000,94000,-69000,-734000
="1907",5001,95000,-89999,-2295425
="1909",37003,1354355,-1317352,-28717739
="2002",51510,23999,27511,660263
="2006",32001,47000,-14999,-486018
="2007",1000,0,1000,8420
="2009",0,1000,-1000,-24850
="2012",0,2,-2,-36
="2014",66004,12000,54004,764755
="2015",10000,0,10000,655999
="2017",0,5000,-5000,-53000
="2022",4000,1006,2994,19839
="2023",150,0,150,1792
="2024",1,0,1,14
="2025",0,6,-6,-14
="2027",546000,125500,420500,11528851
="2028",1,1000,-999,-20278
="2031",21001,13000,8001,290887
="2034",2000,0,2000,50700
="2035",1,0,1,38
="2038",192000,8000,184000,2964098
="2049",31000,9000,22000,9314000
="2059",0,24,-24,-7500
="2063",31,0,31,992
="2065",1000,261,739,32766
="2066",0,81,-81,-4074
="2070",0,1000,-1000,-29000
="2101",119000,48942,70058,2919874
="2102",0,203,-203,-3359
="2103",171000,110550,60450,1457778
="2104",1002,3000,-1998,-49200
="2105",5000,48000,-43000,-1836100
="2107",1,0,1,23
="2108",31001,1000,30001,1755358
="2109",2,10003,-10001,-117012
="2115",0,122,-122,-5398
="2201",11000,33000,-22000,-893700
="2204",0,1000,-1000,-46950
="2206",1,2000,-1999,-64717
="2207",2000,1000,1000,600000
="2208",1000,106000,-105000,-2509650
="2231",2000,34000,-32000,-6247500
="2233",2003,0,2003,174864
="2235",1000,0,1000,41700
="2239",1000,0,1000,97800
="2247",1000,0,1000,237500
="2301",0,8000,-8000,-451200
="2302",86000,0,86000,1737200
="2303",2942174,5137295,-2195121,-127235689
="2308",157900,390495,-232595,-69144675
="2312",4,100000,-99996,-1214951
="2313",19002,61000,-41998,-1842212
="2314",0,1000,-1000,-31100
="2316",101,0,101,3080
="2317",257829,666051,-408222,-46312570
="2323",14001,34003,-20002,-162987
="2324",16000,29000,-13000,-292400
="2327",276328,84940,191388,117605325
="2328",70001,1174000,-1103999,-43615512
="2329",31002,67000,-35998,-572518
="2330",413181,152594,260587,172856558
="2331",24000,24000,0,-401
="2332",50001,20003,29998,741451
="2337",57001,455000,-397999,-16550007
="2338",1110001,209000,901001,40203345
="2340",4008,3000,1008,26254
="2342",0,1000,-1000,-34650
="2344",1109701,1174999,-65298,-1645226
="2345",14001,106500,-92499,-24035728
="2347",0,3000,-3000,-141099
="2349",11,0,11,109
="2351",59000,19000,40000,3416499
="2352",74000,134060,-60060,-1673953
="2353",535551,49000,486551,12835496
="2354",16000,79000,-63000,-4371499
="2355",5573,8000,-2427,-80745
="2356",7565,209,7356,170722
="2357",10002,500000,-489998,-142842418
="2359",1,0,1,17
="2360",37000,3000,34000,7519500
="2362",51,0,51,1504
="2363",115000,5022,109978,1834833
="2364",4,12,-8,-24
="2365",1,3,-2,-20
="2367",1,1000,-999,-20779
="2368",1023001,316000,707001,39383351
="2369",187001,78003,108998,1680019
="2371",283001,88000,195001,5033173
="2374",1,0,1,14
="2375",77000,59076,17924,2110070
="2376",326002,311000,15002,1093863
="2377",746000,28049,717951,103678469
="2379",85000,22000,63000,32693000
="2380",2,15,-13,-104
="2382",52000,74248,-22248,-1939405
="2383",31000,32000,-1000,-149000
="2385",100,5000,-4900,-433631
="2387",24000,125000,-101000,-6589898
="2390",39000,2000,37000,565299
="2392",1014,5000,-3986,-179365
="2393",36000,0,36000,1547048
="2395",0,3000,-3000,-1105500
="2399",235000,0,235000,4147749
="2401",383009,533003,-149994,-3649102
="2402",10001,0,10001,168766
="2404",13200,1000,12200,3002050
="2405",2,3,-1,-12
="2406",2,10003,-10001,-184017
="2408",1270000,273200,996800,90215437
="2409",136321,746003,-609682,-10075690
="2412",5000,5000,0,0
="2413",1,0,1,23
="2414",1,0,1,25
="2415",5000,3000,2000,67899
="2417",1001,71002,-70001,-3043344
="2419",1,3000,-2999,-68377
="2420",1,0,1,35
="2421",0,52000,-52000,-2849798
="2426",1,38001,-38000,-738148
="2428",54000,6000,48000,9504000
="2430",5,0,5,98
="2431",1,0,1,10
="2433",30000,0,30000,1500000
="2436",174014,156000,18014,822341
="2439",5000,5000,0,1000
="2440",1000,0,1000,12500
="2441",154100,13000,141100,10505686
="2442",1000,6000,-5000,-50030
="2444",10000,0,10000,143999
="2449",450001,2902000,-2451999,-98258558
="2451",16,0,16,1006
="2454",275270,277008,-1738,550294
="2455",4000,45000,-41000,-4458500
="2456",93000,173000,-80000,-8545500
="2457",2002,12006,-10004,-166218
="2458",61000,71000,-10000,-1660000
="2460",1,400000,-399999,-9652521
="2461",1,0,1,17
="2464",3000,2000,1000,42299
="2465",47000,3,46997,852995
="2467",22001,12000,10001,422193
="2471",1001,1000,1,-372
="2472",0,2000,-2000,-141399
="2474",10000,3000,7000,1357000
="2476",10000,81000,-71000,-1853997
="2478",24000,5091,18909,1560850
="2481",41000,50010,-9010,-401410
="2484",1,2000,-1999,-45475
="2485",1,2000,-1999,-36132
="2486",125001,212003,-87002,-1641689
="2488",35,0,35,1036
="2489",0,2000,-2000,-22499
="2491",2000,0,2000,22700
="2492",412650,36000,376650,97042140
="2493",1,0,1,35
="2495",128,0,128,1510
="2497",6000,6000,0,-901
="2498",96001,18119,77882,2217485
="2504",130001,25000,105001,2362219
="2505",84001,16000,68001,2213228
="2506",2,0,2,19
="2511",108001,5000,103001,1140810
="2515",502,20000,-19498,-171983
="2516",2,6,-4,-18
="2520",159001,10000,149001,5042633
="2530",30003,1000,29003,407492
="2534",1,0,1,18
="2535",2,21000,-20998,-535497
="2538",3,0,3,28
="2540",13000,0,13000,889796
="2542",1000,4000,-3000,-131650
="2546",1,3000,-2999,-140652
="2547",10001,10003,-2,-522
="2601",0,2003,-2003,-18948
="2603",8571052,5239000,3332052,120248552
="2605",3087,0,3087,55287
="2606",4000,1000,3000,99050
="2607",2000,0,2000,31700
="2608",1,0,1,41
="2609",4610000,1292543,3317457,75550434
="2610",965000,3605000,-2640000,-32044999
="2611",1000,5075,-4075,-36926
="2612",1,0,1,30
="2613",0,465,-465,-7951
="2614",2,3,-1,-15
="2615",209000,37000,172000,7478898
="2616",1,0,1,32
="2618",397000,58000,339000,4466199
="2633",2201,7000,-4799,-142272
="2636",1,0,1,39
="2637",0,4000,-4000,-102100
="2640",12000,0,12000,904199
="2641",0,944,-944,-9864
="2704",0,1102,-1102,-33430
="2705",1,0,1,20
="2707",1000,0,1000,135500
="2718",0,2000,-2000,-35000
="2722",0,124,-124,-3248
="2723",21000,0,21000,2876500
="2727",34002,88000,-53998,-6548242
="2731",11000,1000,10000,774400
="2732",33000,26000,7000,1009500
="2755",100,0,100,5340
="2801",2181,0,2181,36876
="2809",0,10000,-10000,-394500
="2812",1,2003,-2002,-21622
="2816",0,160,-160,-3183
="2820",5001,0,5001,74264
="2823",6500,3811120,-3804620,-88327516
="2832",2002,0,2002,40139
="2834",300003,2003,298000,2793670
="2841",2,0,2,14
="2845",2000,0,2000,20799
="2850",0,2000,-2000,-74199
="2851",41000,0,41000,900999
="2852",2,0,2,26
="2855",17000,19000,-2000,-42001
="2867",25000,0,25000,204348
="2880",66001,23000,43001,755716
="2881",61001,833100,-772099,-37840278
="2882",132000,37000,95000,3962394
="2883",231002,58003,172999,1589242
="2884",12001,20477,-8476,-207478
="2885",377001,19000,358001,7679371
="2886",5000,58000,-53000,-1557648
="2887",1,1000,-999,-12887
="2888",59200,22000,37200,306593
="2889",1001,6003,-5002,-66777
="2890",715001,722003,-7002,-139172
="2891",49268,192200,-142932,-2835684
="2892",18290,1000,17290,358589
="2906",0,3000,-3000,-47699
="2911",2002,990,1012,6197
="2912",0,10,-10,-2700
="2913",30001,0,30001,498016
="2915",0,2000,-2000,-137900
="3003",49000,11000,38000,2105999
="3005",0,4000,-4000,-194199
="3006",544001,115000,429001,29534167
="3008",13006,4197,8809,27419330
="3010",0,2000,-2000,-153000
="3014",3012,2000,1012,80146
="3015",0,3000,-3000,-127350
="3016",27000,4000,23000,1592200
="3017",51000,6000,45000,3009997
="3018",41,0,41,640
="3019",10001,7300,2701,216774
="3021",0,111386,-111386,-1660530
="3023",5001,15048,-10047,-2697428
="3024",3,0,3,30
="3025",0,250,-250,-7162
="3026",31000,1000,30000,3607500
="3027",1,0,1,19
="3028",1,0,1,23
="3029",1,0,1,38
="3032",10001,0,10001,411041
="3033",2,0,2,36
="3034",121000,138000,-17000,-9082000
="3035",1,542000,-541999,-28736342
="3036",46002,13000,33002,1424734
="3037",565000,174100,390900,35614800
="3038",1,0,1,18
="3041",2,0,2,55
="3042",730731,493000,237731,22991384
="3043",4,0,4,15
="3044",13050,94000,-80950,-10821225
="3045",1015,0,1015,97753
="3047",1,0,1,12
="3048",1,0,1,22
="3049",2,0,2,19
="3050",3,0,3,52
="3052",1,3,-2,-25
="3055",3000,0,3000,91549
="3056",2000,161,1839,70497
="3057",1103,1000,103,833
="3058",1,12000,-11999,-148188
="3059",2001,30000,-27999,-938216
="3060",2,3,-1,-14
="3062",13000,0,13000,248949
="3071",2000,0,2000,48599
="3078",60001,52000,8001,372745
="3081",4000,14000,-10000,-2837500
="3083",0,1000,-1000,-52000
="3086",149,0,149,27863
="3090",1,10000,-9999,-500698
="3092",131000,20000,111000,7349795
="3094",1,8000,-7999,-208875
="3105",52000,75000,-23000,-8837500
="3118",1,0,1,28
="3122",1,2,-1,-18
="3128",1,2,-1,-17
="3131",0,120,-120,-46084
="3138",12030,3600,8430,3292792
="3141",0,2000,-2000,-84599
="3147",11000,0,11000,379500
="3149",152000,5000,147000,3888150
="3152",12000,33000,-21000,-10515500
="3163",1,0,1,48
="3164",1250,1000,250,4901
="3167",0,6000,-6000,-282900
="3169",12000,0,12000,973199
="3178",35000,1000,34000,2031395
="3189",320000,345000,-25000,-426998
="3206",0,1000,-1000,-37099
="3209",1,10000,-9999,-232975
="3211",12001,18000,-5999,-602601
="3213",1,5000,-4999,-251448
="3217",6000,34000,-28000,-3641000
="3218",6000,0,6000,1399000
="3221",9000,1000,8000,173199
="3227",15500,10000,5500,1003000
="3228",101000,50000,51000,14084000
="3231",90000,315000,-225000,-6954950
="3232",12000,3000,9000,131800
="3234",0,3000,-3000,-117649
="3236",1001,1001,0,-250
="3257",17003,2093,14910,1292566
="3260",15001,39199,-24198,-1805090
="3264",144002,265000,-120998,-5824854
="3268",1,0,1,16
="3272",2000,0,2000,100299
="3276",12000,24006,-12006,-147230
="3284",1,2,-1,-13
="3285",0,205,-205,-4878
="3289",1,79,-78,-4133
="3290",1,0,1,15
="3293",5000,40000,-35000,-28484000
="3294",12000,0,12000,205799
="3296",1000,1000,0,-400
="3305",135001,13000,122001,4096036
="3311",2,0,2,66
="3312",1,0,1,14
="3317",6001,1000,5001,223295
="3321",0,1000,-1000,-12699
="3322",2001,7004,-5003,-64989
="3323",3001,0,3001,140346
="3324",40001,128000,-87999,-19230277
="3325",1,4003,-4002,-93048
="3346",42000,411000,-369000,-17940348
="3356",1,0,1,27
="3360",1,0,1,15
="3362",2000,0,2000,68699
="3363",1,0,1,26
="3373",1100,5000,-3900,-251530
="3374",139000,298000,-159000,-28490000
="3376",3000,1000,2000,249000
="3379",1,55,-54,-645
="3380",2001,10000,-7999,-269967
="3383",1000,0,1000,3359
="3388",100,0,100,6990
="3390",1,0,1,15
="3402",1,0,1,30
="3406",16000,19000,-3000,-1414500
="3413",147000,15000,132000,32016000
="3419",27001,23000,4001,79919
="3432",10000,0,10000,126999
="3437",128000,32000,96000,3104250
="3438",1000,1000,0,900
="3441",0,15000,-15000,-399299
="3443",167100,129000,38100,16287300
="3450",0,2000,-2000,-123400
="3455",128000,2000,126000,7032700
="3466",1034,1000,34,255
="3481",1274000,4318000,-3044000,-45512649
="3483",44034,19000,25034,2368779
="3484",97000,122000,-25000,-1789002
="3490",2,0,2,61
="3491",0,9000,-9000,-653898
="3492",0,5000,-5000,-91899
="3494",2,9,-7,-28
="3498",1,1000,-999,-40110
="3501",1000,0,1000,51099
="3504",6000,0,6000,339198
="3508",1,0,1,21
="3515",32000,3000,29000,4258500
="3516",6000,0,6000,96299
="3518",1,0,1,30
="3520",1,0,1,13
="3522",1000,3000,-2000,-23398
="3526",46000,7000,39000,3998500
="3527",2001,0,2001,190095
="3528",0,2000,-2000,-86700
="3529",15000,11000,4000,3139000
="3530",0,5000,-5000,-570000
="3532",31000,1000,30000,4178000
="3533",46000,10000,36000,19860000
="3535",1,0,1,18
="3536",359,0,359,1565
="3537",0,2000,-2000,-67300
="3540",71001,0,71001,4750160
="3545",125002,79000,46002,4408489
="3548",0,7000,-7000,-498299
="3552",46000,33000,13000,4031000
="3555",0,24,-24,-746
="3556",4,0,4,235
="3557",1,0,1,86
="3567",1,0,1,30
="3576",35007,18003,17004,209249
="3587",3000,17000,-14000,-1390700
="3588",12001,7000,5001,309859
="3591",1,3000,-2999,-52931
="3593",0,3,-3,-34
="3596",16000,1000,15000,1419298
="3597",20000,17000,3000,90302
="3605",4001,0,4001,172241
="3607",1,0,1,13
="3615",3,3000,-2997,-65835
="3617",0,2000,-2000,-164399
="3624",0,5000,-5000,-140199
="3625",0,9000,-9000,-188499
="3642",6000,0,6000,98399
="3645",0,1000,-1000,-51299
="3646",1,2,-1,-24
="3653",83000,11000,72000,22402000
="3661",108000,14000,94000,82173000
="3665",22000,18000,4000,1224500
="3666",10000,1000,9000,558999
="3669",2000,7000,-5000,-376499
="3673",2000,4000,-2000,-86349
="3675",0,7000,-7000,-504398
="3680",26000,15070,10930,3896000
="3682",1003,10006,-9003,-86119
="3684",0,3000,-3000,-110800
="3685",155000,97000,58000,2712101
="3686",1,12,-11,-161
="3687",1,0,1,48
="3689",1001,11000,-9999,-311969
="3691",17000,35000,-18000,-3074500
="3694",0,1000,-1000,-27250
="3702",38000,7000,31000,1385901
="3703",115000,1000,114000,2256599
="3704",281000,36000,245000,8969595
="3706",63501,5000,58501,1719704
="3707",16000,162000,-146000,-6761845
="3708",14000,1000,13000,1876000
="3710",1,84000,-83999,-892989
="3711",122000,26000,96000,11136000
="3713",1000,1000,0,-601
="3714",92000,66760,25240,2271767
="4102",3002,2000,1002,24951
="4105",1,0,1,63
="4109",2,0,2,32
="4111",1,0,1,24
="4114",1001,6000,-4999,-121226
="4116",2000,0,2000,68000
="4119",1000,0,1000,90000
="4121",2,2,0,0
="4123",14000,5000,9000,556796
="4127",1,3,-2,-19
="4128",23001,74003,-51002,-3116415
="4130",1000,0,1000,27799
="4133",15000,14000,1000,56199
="4137",20000,10000,10000,2363500
="4141",129,0,129,1496
="4142",13001,1000,12001,594248
="4148",0,1000,-1000,-33950
="4157",2000,2000,0,-199
="4160",1001,1000,1,-314
="4162",2,1000,-998,-49001
="4167",10000,0,10000,291000
="4168",2000,2000,0,-501
="4173",1,0,1,22
="4192",1000,1000,0,-701
="4306",1,794,-793,-11260
="4401",0,1000,-1000,-28000
="4402",2,7,-5,-24
="4416",1000,0,1000,99800
="4420",1000,1000,0,-348
="4433",2000,0,2000,79699
="4439",1000,0,1000,151000
="4510",1,0,1,11
="4526",203,0,203,2942
="4533",1,2000,-1999,-23288
="4551",15300,2000,13300,2498050
="4555",7000,0,7000,363599
="4561",0,3000,-3000,-81000
="4566",66000,0,66000,4052400
="4571",2000,5000,-3000,-296801
="4572",1000,0,1000,78000
="4576",19000,13000,6000,870000
="4707",0,2000,-2000,-21799
="4712",1,0,1,6
="4714",1,0,1,11
="4716",1,0,1,15
="4721",0,2000,-2000,-122599
="4722",1000,0,1000,30600
="4728",0,1000,-1000,-79599
="4735",0,2000,-2000,-180800
="4736",4000,11000,-7000,-1269000
="4739",1000,44000,-43000,-2760498
="4743",40921,33100,7821,1686156
="4746",1000,0,1000,47400
="4760",98000,0,98000,11610500
="4763",0,6000,-6000,-739000
="4903",2,0,2,20
="4904",2000,0,2000,120000
="4906",0,10000,-10000,-287500
="4909",1,0,1,20
="4912",0,151000,-151000,-20638000
="4915",29000,32000,-3000,-179499
="4919",1000,4000,-3000,-137249
="4927",46000,1000,45000,3103797
="4930",4000,5000,-1000,-19050
="4934",4001,3,3998,99251
="4935",0,175000,-175000,-17495000
="4938",101330,175830,-74500,-5648123
="4942",0,12000,-12000,-449250
="4943",5000,4200,800,58901
="4953",0,3000,-3000,-280899
="4956",0,3,-3,-59
="4958",11000,44755,-33755,-3920660
="4960",565006,2006,563000,6494049
="4961",34000,37000,-3000,-541000
="4966",8000,4300,3700,5192000
="4967",15000,294000,-279000,-14111398
="4968",165000,66000,99000,61926000
="4972",100,0,100,2850
="4973",3001,2000,1001,25277
="4974",1090,1000,90,5437
="4976",66000,29000,37000,3317198
="4979",1,0,1,23
="4989",25000,75000,-50000,-1237595
="4991",1,0,1,50
="4994",0,5000,-5000,-365000
="5009",1,0,1,15
="5014",117001,763003,-646002,-12490787
="5016",1000,0,1000,31350
="5203",40000,0,40000,4145000
="5212",1,1000,-999,-54043
="5215",5000,1000,4000,540000
="5223",5000,3000,2000,152100
="5227",1,0,1,14
="5243",34000,379000,-345000,-21241395
="5251",1,0,1,12
="5258",0,177,-177,-3993
="5269",2000,0,2000,3845000
="5272",1,0,1,22
="5274",1000,2000,-1000,-2005000
="5285",2000,4000,-2000,-136398
="5289",0,130,-130,-21060
="5291",3000,1000,2000,47100
="5299",1000,10,990,118270
="5306",0,7000,-7000,-1446000
="5309",5001,2000,3001,115838
="5314",2,9,-7,-43
="5315",1,0,1,16
="5324",1,0,1,11
="5328",154000,4000,150000,1950201
="5340",1000,0,1000,34650
="5345",0,6,-6,-39
="5347",28000,18000,10000,1285000
="5351",7001,0,7001,155500
="5355",2,0,2,13
="5356",39,0,39,1027
="5371",376001,305000,71001,3094296
="5383",25000,0,25000,543750
="5386",3000,1000,2000,121000
="5410",2,1000,-998,-20958
="5425",9001,8001,1000,53098
="5426",1,0,1,10
="5434",1050,0,1050,126075
="5438",1,3,-2,-24
="5439",56000,2000,54000,3102094
="5443",57001,206000,-148999,-5825110
="5457",12000,23000,-11000,-963501
="5460",286,0,286,3194
="5465",12000,0,12000,220200
="5469",30000,14164,15836,684554
="5471",635000,33100,601900,45860767
="5478",1000,0,1000,99199
="5481",1,0,1,14
="5483",108111,71700,36411,6077764
="5488",2,9,-7,-45
="5490",1,0,1,25
="5498",2000,6000,-4000,-62601
="5512",5,1,4,39
="5515",0,3,-3,-36
="5521",2,3,-1,-9
="5522",1000,0,1000,51099
="5529",1001,0,1001,11460
="5531",1000,0,1000,13750
="5534",2000,0,2000,159600
="5536",1000,0,1000,191500
="5603",8000,0,8000,138399
="5608",8001,3,7998,81139
="5609",1,7000,-6999,-430938
="5701",4,27,-23,-56
="5704",1000,0,1000,31100
="5820",4,3,1,12
="5864",5000,170000,-165000,-2077850
="5871",200,15000,-14800,-2558000
="5876",1001,0,1001,38838
="5880",4001,0,4001,79119
="5904",0,10,-10,-5885
="5905",20001,16000,4001,41960
="5906",1000,0,1000,47700
="6005",1,2000,-1999,-27786
="6015",11001,1006,9995,112694
="6016",14001,6,13995,202425
="6104",38001,6000,32001,2151365
="6108",1,0,1,21
="6111",1000,1000,0,100
="6112",1,0,1,44
="6116",653001,651006,1995,26086
="6120",1,0,1,12
="6121",32100,128000,-95900,-33635850
="6122",1,0,1,11
="6123",0,1000,-1000,-42549
="6125",15002,105000,-89998,-2115903
="6126",3001,9000,-5999,-154924
="6127",4001,1000,3001,76323
="6129",5000,11003,-6003,-92798
="6133",2,0,2,18
="6134",1,0,1,18
="6136",1,0,1,17
="6138",1000,4015,-3015,-258187
="6141",0,1000,-1000,-28850
="6142",3,5006,-5003,-52532
="6143",1,2000,-1999,-79961
="6147",143002,78000,65002,4790244
="6150",5000,3000,2000,188400
="6151",5000,0,5000,130500
="6152",1,22000,-21999,-200629
="6153",92001,6000,86001,2954131
="6154",1,0,1,12
="6156",6000,3,5997,109146
="6158",3,0,3,93
="6160",1,0,1,14
="6163",1,14000,-13999,-218384
="6164",3,6,-3,-33
="6165",1001,0,1001,40793
="6167",2,3,-1,-6
="6168",5001,1000,4001,69266
="6170",1,0,1,18
="6173",11000,3000,8000,510197
="6175",0,2000,-2000,-71400
="6176",4,2000,-1996,-234530
="6180",1,7000,-6999,-446836
="6182",156010,273000,-116990,-4711835
="6185",0,3,-3,-38
="6186",1,0,1,27
="6187",44000,15000,29000,3489000
="6188",1,0,1,38
="6189",3000,6000,-3000,-106351
="6190",1,0,1,18
="6191",70001,0,70001,1758022
="6194",0,20000,-20000,-679848
="6196",5000,14000,-9000,-1046000
="6197",1,1000,-999,-37062
="6201",2000,0,2000,85199
="6202",41000,34000,7000,603500
="6203",2000,32000,-30000,-2531499
="6205",1000,7000,-6000,-258949
="6206",0,2000,-2000,-120000
="6207",1,0,1,28
="6208",8000,4000,4000,170898
="6209",0,20000,-20000,-702097
="6213",6000,0,6000,815000
="6215",1,0,1,17
="6217",2000,0,2000,70500
="6218",52,0,52,998
="6219",0,13000,-13000,-245149
="6220",1,0,1,26
="6221",106000,41000,65000,3262351
="6223",18000,50000,-32000,-3557000
="6224",44000,12000,32000,3770000
="6226",2,0,2,19
="6227",0,10000,-10000,-265000
="6229",6001,0,6001,168779
="6230",9000,0,9000,1953000
="6231",0,3000,-3000,-273299
="6233",133001,93003,39998,1751270
="6235",1,0,1,21
="6237",29000,18000,11000,1136301
="6239",9001,72000,-62999,-6361899
="6243",2002,2003,-1,-116
="6244",3001,1000,2001,56677
="6245",2000,0,2000,131499
="6246",1,3,-2,-27
="6251",53001,1000,52001,975068
="6257",203003,49300,153703,7950282
="6261",1000,0,1000,61900
="6265",2,0,2,15
="6269",13000,6000,7000,872000
="6270",10000,0,10000,196499
="6271",158100,29755,128345,28146200
="6274",21000,357000,-336000,-40197500
="6278",38026,141490,-103464,-12180742
="6279",7000,109000,-102000,-11576500
="6281",50,0,50,3700
="6282",1000,5200,-4200,-119678
="6284",113051,22000,91051,7013204
="6285",4000,5000,-1000,-75799
="6290",1001,29000,-27999,-1495446
="6404",2,9,-7,-36
="6409",1000,1000,0,-20000
="6411",5000,0,5000,516000
="6412",22000,16000,6000,480001
="6414",1000,5000,-4000,-1012000
="6417",0,1000,-1000,-75500
="6426",2000,3000,-1000,-98000
="6432",10000,7000,3000,110950
="6435",0,1000,-1000,-111500
="6438",20000,2000,18000,1552298
="6441",4000,0,4000,540500
="6443",24000,35006,-11006,-390661
="6446",0,1000,-1000,-98300
="6449",1002,4000,-2998,-167790
="6451",1200,1000,200,27400
="6456",3000,26000,-23000,-2511000
="6457",11000,0,11000,1177000
="6462",1000,8000,-7000,-994000
="6470",0,2000,-2000,-101000
="6477",8000,4000,4000,234600
="6485",10000,0,10000,675000
="6488",19000,8000,11000,7667000
="6491",33000,14000,19000,5261500
="6496",1056,1000,56,1156
="6504",5000,17000,-12000,-1986000
="6505",0,1000,-1000,-96199
="6509",25001,4000,21001,547323
="6510",6000,0,6000,5725000
="6512",1000,962,38,379
="6515",200,2000,-1800,-716500
="6525",1000,2000,-1000,-72099
="6531",63000,51000,12000,9518000
="6532",10000,0,10000,507999
="6533",20000,38000,-18000,-7353500
="6541",2000,1000,1000,37451
="6547",1000,147000,-146000,-23472000
="6548",23000,8000,15000,1014596
="6573",0,2000,-2000,-32599
="6576",0,19000,-19000,-1586099
="6589",27180,39000,-11820,-601920
="6591",64000,32000,32000,2006401
="6592",1000,0,1000,82000
="6593",1000,1000,0,-270
="6598",2000,0,2000,95949
="6640",0,1000,-1000,-71199
="6642",0,5000,-5000,-283999
="6643",4000,1000,3000,1014000
="6651",2000,0,2000,191399
="6667",1000,1000,0,0
="6668",0,3000,-3000,-180299
="6669",11010,10000,1010,796870
="6670",23000,4050,18950,3771550
="6672",11000,2000,9000,767000
="6674",0,1000,-1000,-29600
="6679",2000,0,2000,501500
="6683",4000,2000,2000,658500
="6698",25000,0,25000,1045499
="6703",0,14000,-14000,-1488500
="6706",2000,0,2000,313500
="6716",26000,0,26000,1996800
="6732",15000,5,14995,11058255
="6733",5070,1000,4070,107783
="6743",28000,14000,14000,1911000
="6747",50,0,50,9348
="6752",0,1000,-1000,-58200
="6756",54000,0,54000,15789500
="711479",0,80000,-80000,-74959
="711701",2000,40000,-38000,-5019
="712199",200000,6000,194000,19400
="712326",64000,0,64000,9609
="712363",0,3000,-3000,-1789
="712370",30000,0,30000,31499
="712605",50000,0,50000,59399
="712612",20000,10000,10000,4300
="712616",40000,0,40000,91099
="712633",30000,10000,20000,9899
="712916",5000,0,5000,5350
="712920",20000,0,20000,7400
="712923",11000,0,11000,1759
="712979",5000,131000,-126000,-69300
="712980",1000,0,1000,959
="712981",1000,51000,-50000,-29800
="713040",0,1000,-1000,-1509
="713042",14000,0,14000,4200
="713074",30000,0,30000,10800
="713182",14000,0,14000,1899
="713184",210000,0,210000,74999
="713226",4000,3000,1000,260
="713323",6000,0,6000,2160
="713325",10000,0,10000,24500
="713327",126000,159000,-33000,-5338
="713388",170000,150000,20000,4000
="713515",305000,0,305000,113000
="713545",3000,0,3000,300
="713649",6000,6000,0,0
="713651",43000,0,43000,60865
="713653",0,20000,-20000,-2000
="713675",411000,415000,-4000,-1310
="713676",1000,0,1000,1450
="713820",5000,0,5000,49
="713939",30000,0,30000,8100
="714030",0,10000,-10000,-4000
="714033",0,55000,-55000,-21449
="714034",0,100000,-100000,-56000
="714153",50000,0,50000,87000
="714213",0,10000,-10000,-49099
="714214",1000,0,1000,2170
="714236",0,20000,-20000,-14199
="714237",0,20000,-20000,-40299
="714239",200000,0,200000,51999
="714272",11000,16000,-5000,-1109
="714488",0,130000,-130000,-15599
="714489",0,82000,-82000,-59480
="714516",228000,115000,113000,32620
="714517",0,361000,-361000,-338780
="714518",30000,130000,-100000,-61080
="714619",0,10000,-10000,-40000
="714620",0,5000,-5000,-4600
="714622",5000,0,5000,3400
="714623",0,5000,-5000,-1000
="714685",0,16000,-16000,-4200
="714712",3000,5000,-2000,-3050
="714755",0,378000,-378000,-420694
="714795",8000,111000,-103000,-55460
="714856",110000,225000,-115000,-93580
="714858",1000,62000,-61000,-40057
="714889",65000,90000,-25000,-10700
="714995",202000,0,202000,82818
="715011",100000,0,100000,31999
="715012",0,351000,-351000,-316699
="715013",0,50000,-50000,-22499
="715066",30000,12000,18000,11520
="715069",3000,30000,-27000,-34907
="715070",0,33000,-33000,-29367
="715071",0,10000,-10000,-17799
="715072",9000,12000,-3000,-1638
="715073",2000,0,2000,13300
="715115",130000,0,130000,37699
="715158",0,40000,-40000,-6800
="715159",30000,40000,-10000,-5040
="715161",16000,0,16000,49279
="715163",170000,16000,154000,275901
="715164",0,54000,-54000,-100658
="715181",2000,9000,-7000,-11330
="715239",5000,82000,-77000,-96359
="715250",150000,50000,100000,107500
="715286",10000,10000,0,-100
="715287",1000,187000,-186000,-167460
="715288",0,10000,-10000,-5099
="715417",0,20000,-20000,-59100
="715489",80000,0,80000,94399
="715519",0,263000,-263000,-214157
="715520",0,472000,-472000,-464257
="715548",16000,101000,-85000,-48119
="715549",10000,0,10000,8199
="715551",10000,0,10000,21199
="715552",0,64000,-64000,-114567
="715553",0,14000,-14000,-7579
="715554",0,348000,-348000,-235847
="715555",2000,382000,-380000,-347717
="715609",0,220000,-220000,-232279
="715657",60000,222000,-162000,-141608
="715659",10000,20000,-10000,-4800
="715660",1000,248000,-247000,-551529
="715661",40000,262000,-222000,-267237
="715662",48000,16000,32000,38502
="715693",0,2000,-2000,-4519
="715694",1000,50000,-49000,-57850
="715743",0,61000,-61000,-132919
="715813",0,187000,-187000,-279009
="715815",0,66000,-66000,-136296
="715855",10000,0,10000,1899
="715901",0,30000,-30000,-82699
="715935",120000,453000,-333000,-500882
="715971",0,97000,-97000,-84048
="715972",0,4000,-4000,-5800
="716032",149000,186000,-37000,-43989
="716033",2000,0,2000,779
="716034",0,371000,-371000,-250609
="716036",10000,173000,-163000,-153519
="716037",0,4000,-4000,-6739
="716111",7000,33000,-26000,-20799
="716112",0,8000,-8000,-12467
="716251",0,10000,-10000,-33599
="716252",0,80000,-80000,-36999
="716295",0,82000,-82000,-129368
="716296",0,63000,-63000,-90780
="716297",0,272000,-272000,-356188
="716298",43000,261000,-218000,-617722
="716299",0,202000,-202000,-361428
="716347",2000,0,2000,2359
="716362",1000,0,1000,319
="716367",0,5000,-5000,-7149
="716368",1000,0,1000,1559
="716370",313000,5000,308000,467988
="716433",0,7000,-7000,-7490
="716507",0,102000,-102000,-60108
="716529",50000,0,50000,27000
="716590",86000,0,86000,90830
="716593",0,7000,-7000,-7209
="716594",1000,371000,-370000,-348219
="716595",326000,236000,90000,101668
="716596",117000,128000,-11000,-34898
="716643",0,67000,-67000,-86429
="716668",0,10000,-10000,-26900
="716677",0,102000,-102000,-62220
="716816",40000,79000,-39000,-35872
="716837",5000,102000,-97000,-108128
="716838",5000,20000,-15000,-13301
="716905",70000,71000,-1000,100
="716907",302000,160000,142000,204503
="716908",52000,72000,-20000,-23451
="716954",0,19000,-19000,-22108
="716955",15000,40000,-25000,-18850
="716956",285000,305000,-20000,-34357
="716957",0,68000,-68000,-41109
="716958",10000,584000,-574000,-685988
="716997",122000,11000,111000,94120
="716998",40000,249000,-209000,-138101
="717000",0,135000,-135000,-77248
="717086",0,273000,-273000,-210558
="717087",0,3000,-3000,-3059
="717088",0,47000,-47000,-45119
="717101",10000,89000,-79000,-97996
="717102",45000,384000,-339000,-380959
="717103",0,241000,-241000,-236140
="717139",20000,0,20000,18200
="717159",50000,0,50000,215499
="717203",0,4000,-4000,-10539
="717204",5000,147000,-142000,-323126
="717205",0,1000,-1000,-3650
="717206",40000,0,40000,15599
="717208",7000,0,7000,14049
="717209",0,1000,-1000,-2259
="717210",6000,29000,-23000,-43771
="717310",12000,0,12000,6600
="717351",11000,0,11000,7370
="717352",27000,30000,-3000,-578
="717353",25000,985000,-960000,-1841540
="717354",0,30000,-30000,-22100
="717355",0,1000,-1000,-699
="717356",0,7000,-7000,-3430
="717358",0,2000,-2000,-1519
="717359",8000,135000,-127000,-47139
="717360",0,20000,-20000,-13600
="717361",0,10000,-10000,-5099
="717362",0,184000,-184000,-105818
="717363",0,24000,-24000,-20880
="717364",10000,13000,-3000,-3990
="717459",0,22000,-22000,-10358
="717460",15000,0,15000,7936
="717461",160000,251000,-91000,-137257
="717462",300000,20000,280000,143798
="717464",10000,314000,-304000,-231339
="717466",100000,23000,77000,86739
="717468",29000,455000,-426000,-265078
="717469",0,53000,-53000,-49828
="717474",50000,0,50000,136898
="717476",10000,0,10000,30599
="717500",11000,0,11000,41250
="717513",70000,0,70000,78300
="717514",10000,1192000,-1182000,-1314539
="717515",50000,0,50000,22499
="717517",0,13000,-13000,-7800
="717518",1000,236000,-235000,-295069
="717520",0,100000,-100000,-58999
="717523",35000,439000,-404000,-502436
="717524",99000,490000,-391000,-330111
="717525",132000,276000,-144000,-108147
="717526",25000,1000,24000,18921
="717566",0,117000,-117000,-65320
="717569",42000,180000,-138000,-98987
="717570",73000,65000,8000,6690
="717601",31000,238000,-207000,-126650
="717603",1000,88000,-87000,-78248
="717604",0,279000,-279000,-235359
="717606",50000,10000,40000,13899
="717608",0,10000,-10000,-7200
="717609",4000,196000,-192000,-144317
="717610",0,10000,-10000,-4099
="717635",0,427000,-427000,-374318
="717636",0,23000,-23000,-12429
="717638",0,215000,-215000,-123568
="717639",30000,994000,-964000,-931965
="717640",0,430000,-430000,-422037
="717641",4000,199000,-195000,-191179
="717683",0,291000,-291000,-206609
="717684",0,63000,-63000,-26579
="717685",185000,373000,-188000,-139580
="717686",0,43000,-43000,-19948
="717687",11000,0,11000,5618
="717688",0,11000,-11000,-6987
="717689",6000,346000,-340000,-352758
="717690",0,131000,-131000,-71940
="717735",282000,7000,275000,147621
="717736",145000,105000,40000,29051
="717738",170000,150000,20000,11770
="717739",1000,0,1000,709
="717740",12000,14000,-2000,-3030
="717741",291000,312000,-21000,-5989
="717742",117000,1296000,-1179000,-1149339
="717773",0,33000,-33000,-30160
="717774",679000,25000,654000,629008
="717775",104000,155000,-51000,-44599
="717776",0,99000,-99000,-65858
="717778",5000,30000,-25000,-11149
="717779",0,149000,-149000,-111538
="717780",25000,62000,-37000,-24119
="717784",0,100000,-100000,-154999
="717786",50000,0,50000,24500
="717815",61000,100000,-39000,-25560
="717816",121000,153000,-32000,-27231
="717818",200000,192000,8000,4400
="717819",10000,88000,-78000,-27119
="717820",0,49000,-49000,-29890
="717846",0,50000,-50000,-66500
="717858",0,25000,-25000,-15000
="717860",280000,245000,35000,25000
="717861",0,280000,-280000,-320238
="717862",0,220000,-220000,-89098
="717875",35000,0,35000,36399
="717918",1000,0,1000,620
="717920",50000,0,50000,60950
="717950",116000,35000,81000,65470
="717951",130000,7000,123000,98460
="717953",20000,102000,-82000,-50550
="717956",0,6000,-6000,-2940
="717958",0,25000,-25000,-13500
="717959",0,171000,-171000,-120808
="717961",2000,0,2000,1120
="717962",421000,52000,369000,365060
="717963",10000,10000,0,-40
="718039",203000,112000,91000,101598
="718040",400000,0,400000,275999
="718041",165000,142000,23000,22012
="718042",0,65000,-65000,-115098
="718043",0,3000,-3000,-3449
="718044",155000,24000,131000,70931
="718046",0,300000,-300000,-221670
="718048",13000,114000,-101000,-35778
="718093",0,111000,-111000,-94318
="718094",2000,267000,-265000,-221027
="718096",0,114000,-114000,-97740
="718098",0,10000,-10000,-8899
="718099",0,21000,-21000,-15410
="718100",0,86000,-86000,-37036
="718102",20000,8000,12000,12201
="718103",5000,0,5000,3650
="718104",0,30000,-30000,-11998
="718175",10000,314000,-304000,-252727
="718178",0,4000,-4000,-2200
="718179",0,30000,-30000,-18000
="718180",20000,0,20000,12000
="718218",0,103000,-103000,-59739
="718220",0,25000,-25000,-16750
="718221",0,40000,-40000,-21199
="718225",10000,30000,-20000,-13899
="718263",55000,40000,15000,10148
="718265",20000,176000,-156000,-57720
="718310",0,20000,-20000,-15699
="718338",10000,0,10000,13200
="718359",77000,1315000,-1238000,-973565
="718360",0,495000,-495000,-394927
="718361",0,304000,-304000,-249226
="718362",0,206000,-206000,-178896
="718363",100000,32000,68000,75001
="718461",0,244000,-244000,-333365
="718462",0,30000,-30000,-24598
="718463",0,271000,-271000,-269309
="718464",30000,18000,12000,8820
="718465",0,167000,-167000,-95037
="718490",0,41000,-41000,-51669
="718493",0,12000,-12000,-9208
="718494",0,2000,-2000,-1539
="73604P",23000,0,23000,27600
="73653P",20000,0,20000,15399
="73654P",10000,0,10000,5600
="73675P",0,10000,-10000,-11200
="73686P",15000,0,15000,18650
="73692P",2000,50000,-48000,-96880
="73693P",0,1000,-1000,-3089
="73717P",0,20000,-20000,-18600
="73719P",10000,0,10000,6800
="73754P",0,14000,-14000,-11900
="73755P",0,4000,-4000,-4800
="73762P",2000,0,2000,1299
="73764P",0,25000,-25000,-18599
="73774P",20000,245000,-225000,-191198
="73799P",0,182000,-182000,-44786
="73803P",68000,95000,-27000,-11461
="73804P",0,24000,-24000,-16559
="73805P",46000,160000,-114000,-45979
="73806P",0,10000,-10000,-5699
="73809P",5000,0,5000,5950
="73822P",0,50000,-50000,-76499
="73826P",2000,0,2000,2259
="73833P",20000,0,20000,21199
="73837P",0,10000,-10000,-13899
="73838P",30000,0,30000,26798
="73839P",501000,5000,496000,510869
="7556",24000,2,23998,3519706
="8011",1,1001,-1000,-21600
="8016",149050,3000,146050,25166575
="8021",1,10000,-9999,-272972
="8024",7000,10000,-3000,-57398
="8027",1,1000,-999,-84013
="8028",1001,12000,-10999,-558546
="8033",1,20003,-20002,-304030
="8034",1000,2,998,16266
="8038",1000,0,1000,32500
="8039",0,4000,-4000,-209600
="8040",7001,0,7001,154570
="8043",32000,31000,1000,39100
="8044",1000,1000,0,1401
="8046",229000,94080,134920,38321500
="8049",3001,0,3001,62270
="8050",1,2000,-1999,-69364
="8054",173100,40000,133100,3708804
="8064",2,0,2,29
="8069",123001,177000,-53999,-2678300
="8070",785000,27000,758000,26116798
="8076",2001,0,2001,54776
="8080",0,3,-3,-31
="8081",4000,265,3735,710650
="8084",0,66000,-66000,-5627696
="8085",2,9,-7,-58
="8086",20000,182000,-162000,-26280000
="8088",5001,2000,3001,94030
="8092",0,1000,-1000,-8939
="8093",42000,0,42000,462000
="8096",10001,3,9998,124975
="8103",4000,0,4000,136599
="8104",2,0,2,98
="8105",30000,29000,1000,10198
="8110",0,9000,-9000,-119550
="8111",1,4003,-4002,-65231
="8112",7001,3000,4001,145284
="8121",0,1000,-1000,-17049
="8147",0,1000,-1000,-43500
="8150",28001,23000,5001,173282
="8163",10001,0,10001,422542
="8171",4001,6004,-2003,-95839
="8176",2,3,-1,-8
="8183",1,1000,-999,-24275
="8213",2001,2000,1,595
="8215",72001,5000,67001,2054229
="8222",1,0,1,12
="8234",16000,0,16000,393500
="8240",2,0,2,71
="8249",1,0,1,20
="8255",1000,0,1000,119000
="8261",51,0,51,2434
="8271",1,1000,-999,-38561
="8277",0,6,-6,-60
="8299",52000,28000,24000,9719000
="8358",1555000,2198400,-643400,-38477896
="8383",3,0,3,117
="8390",0,10000,-10000,-295749
="8403",151,10000,-9849,-304119
="8404",0,20000,-20000,-576499
="8406",1000,0,1000,141000
="8410",0,3000,-3000,-135300
="8421",1030,1000,30,168
="8424",19,5000,-4981,-255500
="8431",2000,0,2000,123700
="8432",1000,0,1000,52700
="8436",1000,2000,-1000,-204000
="8443",4,0,4,43
="8454",0,1000,-1000,-837000
="8464",4000,15000,-11000,-4252000
="8477",1,0,1,35
="8905",2,3,-1,-14
="8924",7000,3000,4000,263901
="8927",1,0,1,19
="8929",100,0,100,2035
="8936",1001,0,1001,23473
="8938",2000,3000,-1000,-43100
="8996",4180,0,4180,217940
="9103",37000,63000,-26000,-611650
="9105",0,5000,-5000,-17549
="912398",1000,938,62,153
="9802",0,5000,-5000,-565000
="9902",1,0,1,11
="9904",16000,17000,-1000,-27900
="9907",300000,0,300000,3162099
="9910",0,100360,-100360,-18019660
="9911",1000,0,1000,51299
="9912",6,4,2,16
="9914",35000,120000,-85000,-24381500
="9917",10000,0,10000,876999
="9919",13001,83000,-69999,-1972125
="9921",1000,0,1000,283000
="9924",2000,0,2000,88000
="9935",3,0,3,80
="9938",48000,9000,39000,3209395
="9939",0,1000,-1000,-60900
="9942",0,4000,-4000,-300399
="9945",21000,46000,-25000,-997948
="9946",1,5170,-5169,-78060
="9958",70050,181000,-110950,-11347150
