="0050",22105,75003,-52898,-7032516
="0056",2000,53510,-51510,-1570048
="006206",0,2000,-2000,-83120
="006208",249000,247200,1800,138320
="00632R",265000,4320000,-4055000,-26221307
="00633L",1000,0,1000,80750
="00635U",27000,0,27000,664616
="00637L",2993000,93000,2900000,92248816
="00642U",100000,101000,-1000,-10201
="00646",60,3000,-2940,-96106
="00671R",2000,0,2000,12380
="00675L",0,2000,-2000,-78599
="00677U",120500,1006000,-885500,-3302930
="00679B",1000,15000,-14000,-597040
="00682U",0,139000,-139000,-2528749
="00683L",0,188000,-188000,-3184438
="00687B",50000,89000,-39000,-1731778
="00688L",50000,50000,0,0
="00689R",50000,50000,0,0
="00692",60,124,-64,-2118
="00693U",0,1000,-1000,-20870
="00694B",50000,50000,0,0
="00695B",50000,50000,0,0
="00696B",100000,147000,-47000,-2085076
="00697B",50000,50000,0,0
="00701",1000,1000,0,-9
="00712",30000,0,30000,381648
="00714",100000,100000,0,0
="00715L",811000,29000,782000,4375149
="00717",20000,0,20000,330330
="00718B",100000,100000,0,0
="00719B",50000,50000,0,0
="00720B",50000,50000,0,0
="00721B",50000,50000,0,0
="00722B",138000,55000,83000,3872461
="00723B",50000,52000,-2000,-86589
="00724B",50000,60000,-10000,-428208
="00733",100000,100000,0,0
="00737",1000,0,1000,33740
="00738U",20000,44000,-24000,-658670
="00740B",25000,25000,0,0
="00741B",25000,25000,0,0
="00745B",25000,25000,0,0
="00746B",25000,25000,0,0
="00751B",45000,49000,-4000,-187290
="00754B",50000,50000,0,0
="00755B",61000,52000,9000,404648
="00756B",51000,50000,1000,46430
="00764B",50000,56000,-6000,-267269
="00765B",50000,50000,0,0
="00772B",112000,64000,48000,2175069
="00773B",51000,50000,1000,46009
="00784B",25000,25000,0,0
="00785B",25000,25000,0,0
="00795B",50000,120000,-70000,-3018607
="00796B",25000,25000,0,0
="00830",1000,1212,-212,-6178
="00847B",50000,50000,0,0
="00848B",25000,25000,0,0
="00849B",25000,25000,0,0
="00850",0,4000,-4000,-127599
="00862B",50000,50000,0,0
="00863B",25000,25000,0,0
="00864B",25000,25000,0,0
="00868B",50000,50000,0,0
="00869B",50000,50000,0,0
="00870B",50000,50000,0,0
="00871B",50000,50000,0,0
="00875",1000,1000,0,0
="00876",0,426000,-426000,-11885944
="00877",21300,2000,19300,252417
="00878",1010,0,1010,16786
="00881",94245,2166125,-2071880,-36160002
="00882",44040,8010000,-7965960,-121921215
="00883B",40000,59000,-19000,-753327
="00884B",40000,42000,-2000,-79199
="01003T",0,17000,-17000,-330650
="01004T",0,10000,-10000,-175699
="01007T",0,10000,-10000,-202500
="020003",7000,1000,6000,84881
="020011",10000,17000,-7000,-37050
="020018",42000,4000,38000,455190
="020019",72000,90000,-18000,-246409
="02001B",2000,2000,0,0
="020021",607000,2610000,-2003000,-24462580
="03537P",10000,50000,-40000,-7901
="03572P",5000,0,5000,1150
="03732P",5000,0,5000,549
="04223P",60000,5000,55000,8201
="04397P",0,300000,-300000,-121998
="04513P",475000,195000,280000,42801
="04594P",0,14000,-14000,-6418
="04686P",0,20000,-20000,-30599
="04826P",21000,21000,0,-631
="04827P",40000,10000,30000,18699
="04860P",0,2000,-2000,-560
="04908P",50000,20000,30000,6000
="04985P",100000,0,100000,33000
="05006P",909000,525000,384000,181490
="05070P",0,70000,-70000,-29598
="05128P",18000,316000,-298000,-381202
="05129P",28000,0,28000,12880
="05143P",13000,0,13000,13519
="05144P",100000,60000,40000,16501
="05161P",333000,890000,-557000,-501340
="05182P",0,150000,-150000,-201000
="05211P",0,150000,-150000,-188999
="05237P",1000,0,1000,1049
="05238P",10000,0,10000,13500
="05265P",0,50000,-50000,-51999
="05297P",19000,5000,14000,10421
="05338P",10000,0,10000,8100
="05342P",52000,35000,17000,20030
="05469P",1000,0,1000,689
="05481P",130000,5000,125000,123901
="05482P",86000,0,86000,54179
="05500P",0,1000,-1000,-1090
="05585P",0,1202000,-1202000,-461957
="05594P",0,30000,-30000,-30448
="05595P",515000,1423000,-908000,-621151
="05614P",0,300000,-300000,-66299
="05632P",90000,0,90000,92699
="05698P",231000,10000,221000,241380
="05699P",32000,63000,-31000,-47611
="05707P",0,4000,-4000,-6480
="05749P",2000,0,2000,560
="05750P",6000,0,6000,7140
="057550",0,14000,-14000,-378000
="05760P",0,50000,-50000,-52398
="05774P",50000,0,50000,53999
="05776P",787000,616000,171000,108279
="05777P",556000,310000,246000,147120
="05836P",2000,3000,-1000,-3149
="05858P",131000,282000,-151000,-94491
="05906P",80000,10000,70000,85340
="05907P",148000,133000,15000,16330
="05908P",54000,41000,13000,11788
="05955P",66000,107000,-41000,-24957
="05969P",0,100000,-100000,-188999
="05973P",21000,610000,-589000,-488750
="05986P",2000,0,2000,2079
="06032P",102000,5000,97000,121928
="06113P",61000,10000,51000,74239
="06136P",12000,129000,-117000,-81780
="06137P",9000,0,9000,8419
="06152P",76000,50000,26000,21691
="06205P",5000,0,5000,5350
="062129",10000,0,10000,399
="063057",221000,115000,106000,116542
="063444",0,106000,-106000,-72080
="064245",70000,0,70000,1399
="064448",0,30000,-30000,-5998
="064453",40000,0,40000,12799
="064710",400000,62000,338000,123343
="064714",50000,0,50000,17499
="064720",9000,0,9000,1839
="064821",3000,0,3000,28199
="064843",62000,0,62000,8659
="064911",460000,0,460000,168599
="064925",4000,0,4000,2200
="064929",95000,0,95000,20828
="065037",2000,0,2000,319
="065184",0,15000,-15000,-2849
="065353",100000,0,100000,20999
="065533",50000,0,50000,6398
="065535",20000,0,20000,1299
="065537",2000,0,2000,200
="065679",15000,0,15000,157700
="065889",0,30000,-30000,-77099
="065957",20000,0,20000,3000
="066198",10000,0,10000,15800
="066203",131000,10000,121000,34635
="066213",0,300000,-300000,-32999
="066217",14000,0,14000,19399
="066218",0,10000,-10000,-14199
="066456",50000,0,50000,5999
="066460",12000,5000,7000,2121
="066467",1000,0,1000,1440
="066525",2000,0,2000,2059
="066526",198000,137000,61000,40790
="066529",2000,0,2000,720
="067149",31000,0,31000,45689
="067151",13000,0,13000,24519
="067153",7000,0,7000,139
="067370",20000,0,20000,14199
="067378",8000,0,8000,23918
="067383",40000,0,40000,11200
="067502",9000,0,9000,1709
="067515",41000,678000,-637000,-241709
="067516",0,81000,-81000,-39127
="067637",150000,0,150000,463499
="067832",31000,0,31000,91549
="067835",5000,0,5000,350
="067836",0,1000,-1000,-3430
="067837",200000,0,200000,3999
="068048",300000,0,300000,11999
="068056",24000,0,24000,1200
="068128",0,3000,-3000,-14820
="068129",19000,0,19000,12767
="068131",185000,0,185000,455650
="068217",5000,1000,4000,6449
="068219",0,2000,-2000,-5579
="068220",176000,0,176000,420809
="068221",195000,251000,-56000,-111632
="068224",0,127000,-127000,-19988
="068383",32000,0,32000,41919
="068386",0,3000,-3000,-6278
="068388",33000,303000,-270000,-129550
="068390",11000,2000,9000,15110
="068392",2000,0,2000,4519
="068396",2000,0,2000,11100
="068511",0,25000,-25000,-57898
="068512",15000,0,15000,20100
="068514",1000,2000,-1000,-1290
="068515",52000,25000,27000,48851
="068519",0,7000,-7000,-18989
="068670",109000,97000,12000,14202
="068674",0,11000,-11000,-10800
="068767",9000,10000,-1000,-3860
="068768",0,18000,-18000,-68557
="068769",410000,30000,380000,65420
="068772",0,10000,-10000,-15499
="068848",0,90000,-90000,-199000
="068851",0,10000,-10000,-5000
="068852",0,121000,-121000,-21979
="068888",10000,0,10000,2199
="069031",0,3000,-3000,-5110
="069095",80000,12000,68000,57419
="069099",80000,0,80000,42399
="069105",5000,21000,-16000,-53506
="069106",0,26000,-26000,-62898
="069190",0,301000,-301000,-108300
="069192",10000,30000,-20000,-6400
="069193",555000,238000,317000,91752
="069208",0,50000,-50000,-103499
="069397",0,5000,-5000,-3549
="069402",22000,2000,20000,65928
="069407",0,34000,-34000,-166597
="069409",14000,0,14000,18339
="069412",40000,100000,-60000,-13202
="069414",2167000,4804000,-2637000,-676088
="069415",62000,0,62000,16039
="069416",35000,94000,-59000,-7530
="069446",0,5000,-5000,-5249
="069448",113000,0,113000,117968
="069449",245000,1087000,-842000,-142990
="069453",99000,0,99000,331349
="069544",56000,0,56000,8400
="069614",0,1000,-1000,-4460
="069617",0,10000,-10000,-47399
="069618",132000,56000,76000,42101
="069691",477000,79000,398000,697629
="069693",474000,49000,425000,36780
="069823",50000,0,50000,6499
="069824",0,370000,-370000,-151699
="069897",0,100000,-100000,-52999
="069930",16000,0,16000,14720
="070020",1000,0,1000,1700
="070133",1000,136000,-135000,-74260
="070134",5000,0,5000,1150
="070135",110000,0,110000,23099
="070139",0,10000,-10000,-3600
="070141",0,5000,-5000,-4350
="070147",655000,27000,628000,936052
="070148",135000,205000,-70000,-8198
="070204",0,499000,-499000,-29939
="070245",294000,100000,194000,103398
="070248",34000,20000,14000,37801
="070249",20000,10000,10000,18500
="070250",151000,50000,101000,90910
="070251",1837000,0,1837000,36739
="070255",749000,0,749000,66909
="070258",300000,55000,245000,41251
="070376",5000,0,5000,1500
="070426",217000,328000,-111000,-95200
="070428",67000,22000,45000,140349
="070430",1000,0,1000,400
="070431",0,21000,-21000,-12378
="070445",26000,6000,20000,15600
="070531",0,65000,-65000,-9849
="070533",797000,147000,650000,86728
="070534",0,10000,-10000,-24200
="070606",288000,26000,262000,131677
="070609",0,6000,-6000,-2760
="070735",15000,0,15000,7500
="070736",1000,0,1000,310
="070857",3000,103000,-100000,-49119
="070862",40000,0,40000,6000
="070866",40000,24000,16000,56259
="070867",50000,25000,25000,5299
="070913",0,19000,-19000,-56180
="071130",20000,10000,10000,31500
="071131",0,8000,-8000,-1039
="071217",5000,0,5000,1049
="071220",2913000,1124000,1789000,221159
="071221",0,45000,-45000,-32400
="071321",0,152000,-152000,-95239
="071322",0,10000,-10000,-3000
="071326",0,10000,-10000,-9599
="071438",0,30000,-30000,-68999
="071445",0,10000,-10000,-18600
="071446",54000,37000,17000,19731
="071447",0,30000,-30000,-8699
="071448",5000,24000,-19000,-44546
="071707",0,6000,-6000,-1319
="071709",0,100000,-100000,-20999
="071710",0,200000,-200000,-217168
="071783",0,150000,-150000,-55500
="071846",20000,10000,10000,21800
="071848",0,1000000,-1000000,-370000
="071890",0,57000,-57000,-183098
="072046",12000,0,12000,67800
="072047",2000,5000,-3000,-9730
="072049",110000,202000,-92000,-41440
="072122",0,138000,-138000,-143519
="072300",101000,0,101000,16169
="072306",50000,50000,0,2001
="072310",0,10000,-10000,-2300
="072404",90000,137000,-47000,-106848
="072407",0,2000,-2000,-4980
="072410",0,81000,-81000,-70976
="072411",0,1000,-1000,-889
="072462",1000,0,1000,1769
="072482",0,20000,-20000,-44800
="072556",0,10000,-10000,-12699
="072559",210000,115000,95000,95000
="072562",191000,0,191000,156619
="072566",3000,2000,1000,300
="072625",14000,12000,2000,181
="072628",0,1000,-1000,-6449
="072638",290000,0,290000,171099
="072711",30000,10000,20000,10480
="072712",25000,23000,2000,8880
="072812",0,2000,-2000,-2190
="072964",23000,0,23000,13109
="072971",0,23000,-23000,-80819
="072973",15000,0,15000,20400
="073027",24000,100000,-76000,-59481
="073029",3000,0,3000,4509
="073031",0,69000,-69000,-17929
="073035",0,12000,-12000,-12890
="073037",70000,0,70000,22399
="073038",8000,3000,5000,5890
="073095",0,3000,-3000,-9929
="073096",4000,0,4000,2319
="073097",0,10000,-10000,-5799
="073101",0,10000,-10000,-4399
="073102",30000,0,30000,22300
="073103",0,20000,-20000,-12999
="073104",0,4000,-4000,-3319
="073377",96000,53000,43000,28809
="073388",5000,285000,-280000,-198767
="073489",0,10000,-10000,-25699
="073490",53000,0,53000,58259
="073493",50000,40000,10000,6301
="073499",0,10000,-10000,-7799
="073500",0,19000,-19000,-18810
="073502",535000,10000,525000,190300
="073580",1000,1000,0,-201
="073615",41000,46000,-5000,-12821
="073616",15000,0,15000,40200
="073712",0,61000,-61000,-31109
="073726",250000,0,250000,97499
="073741",1000,2000,-1000,-2570
="073746",0,10000,-10000,-2800
="073747",0,23000,-23000,-13589
="073808",46000,26000,20000,36409
="073809",300000,8000,292000,104039
="073811",269000,0,269000,346985
="073813",0,89000,-89000,-80099
="073878",0,20000,-20000,-24200
="073981",40000,0,40000,16000
="073982",90000,30000,60000,71501
="073984",20000,0,20000,41199
="074060",48000,0,48000,53539
="074066",0,50000,-50000,-30000
="074067",305000,333000,-28000,-67422
="074068",73000,480000,-407000,-358126
="074165",5000,0,5000,4250
="074167",1000,0,1000,2799
="074169",10000,7000,3000,2801
="074170",41000,1000,40000,43210
="074258",137000,215000,-78000,-98760
="074343",19000,0,19000,24129
="074347",227000,123000,104000,239559
="074349",0,3000,-3000,-6269
="074351",13000,0,13000,18648
="074352",0,75000,-75000,-25250
="074354",4000,6000,-2000,-4150
="074412",0,200000,-200000,-148000
="074447",41000,10000,31000,53810
="074449",50000,0,50000,197000
="074450",0,10000,-10000,-8199
="074451",40000,8000,32000,70239
="074453",35000,71000,-36000,-39481
="074496",0,58000,-58000,-79460
="074497",50000,360000,-310000,-397397
="074498",100000,0,100000,50498
="074681",326000,20000,306000,283980
="074687",232000,1000,231000,294718
="074787",200000,0,200000,337998
="074790",0,10000,-10000,-22799
="074791",133000,43000,90000,76492
="074792",0,11000,-11000,-9019
="074796",67000,42000,25000,45150
="074803",11000,0,11000,18610
="074807",13000,10000,3000,8789
="074809",0,54000,-54000,-79920
="074811",0,5000,-5000,-5400
="074819",156000,52000,104000,186620
="074896",50000,0,50000,78500
="074897",8000,1000,7000,20620
="074899",0,54000,-54000,-71820
="074900",0,70000,-70000,-101520
="074901",23000,0,23000,69808
="074902",15000,0,15000,7199
="074904",0,20000,-20000,-25599
="074908",38000,2000,36000,56981
="075049",0,140000,-140000,-168799
="075051",164000,48000,116000,189148
="075133",0,100000,-100000,-187000
="075167",74000,0,74000,78439
="075168",0,32000,-32000,-45119
="075171",9000,0,9000,21239
="075173",2000,0,2000,3259
="075174",0,94000,-94000,-75200
="075243",509000,239000,270000,325574
="075245",36000,0,36000,46799
="075398",40000,0,40000,159699
="075401",80000,60000,20000,59699
="075402",0,53000,-53000,-103910
="075409",0,2000,-2000,-920
="075410",124000,0,124000,69440
="075411",263000,0,263000,172179
="075513",10000,0,10000,17400
="075533",3000,2000,1000,12400
="075642",72000,180000,-108000,-207070
="075694",10000,0,10000,4099
="075697",251000,225000,26000,-7280
="075698",141000,0,141000,86010
="075700",0,30000,-30000,-38999
="075827",0,1000,-1000,-2160
="075828",30000,12000,18000,17700
="075829",0,125000,-125000,-79999
="075831",0,25000,-25000,-36899
="075968",3000,20000,-17000,-54661
="075969",23000,54000,-31000,-20720
="075970",330000,10000,320000,419299
="075972",402000,147000,255000,366951
="076050",20000,0,20000,24000
="076055",0,5000,-5000,-6999
="076057",0,3000,-3000,-1629
="076059",65000,0,65000,37699
="076060",30000,40000,-10000,-42198
="076062",20000,102000,-82000,-127768
="076064",279000,362000,-83000,-124967
="076181",2000,1000,1000,4079
="076182",2000,5000,-3000,-10709
="076185",40000,5000,35000,161329
="076289",75000,19000,56000,70859
="076290",0,121000,-121000,-79860
="076292",21000,0,21000,12179
="076410",0,1000,-1000,-3390
="076413",0,1000,-1000,-779
="076416",90000,33000,57000,56511
="076417",0,28000,-28000,-29119
="076418",0,133000,-133000,-158599
="076420",5000,10000,-5000,-11149
="076421",0,5000,-5000,-3600
="076550",1000,0,1000,1000
="076551",12000,46000,-34000,-105079
="076652",30000,5000,25000,20649
="076653",65000,30000,35000,71478
="076654",100000,1000,99000,52449
="076688",0,10000,-10000,-67500
="076915",30000,0,30000,99199
="076916",29000,10000,19000,56850
="076917",0,9000,-9000,-14928
="077061",0,20000,-20000,-10599
="077064",0,30000,-30000,-21299
="077065",0,5000,-5000,-7749
="077067",5000,0,5000,17450
="077069",102000,9000,93000,265950
="077103",17000,40000,-23000,-63149
="077105",10000,10000,0,2600
="077107",0,83000,-83000,-45650
="077108",12000,0,12000,15538
="077110",49000,0,49000,28909
="077276",5000,52000,-47000,-38470
="077280",7000,114000,-107000,-84601
="077281",109000,75000,34000,57681
="077457",1000,0,1000,6800
="077585",0,4000,-4000,-1939
="077587",0,21000,-21000,-56790
="077591",100000,35000,65000,204500
="077593",10000,0,10000,6600
="077595",0,24000,-24000,-23959
="077646",49000,5000,44000,23511
="077647",71000,0,71000,59949
="077649",10000,10000,0,601
="077650",40000,75000,-35000,-17951
="077651",61000,25000,36000,103857
="077652",348000,366000,-18000,-23199
="077653",0,3000,-3000,-2129
="077656",24000,0,24000,38988
="077657",0,5000,-5000,-6700
="077658",12000,42000,-30000,-92078
="077659",0,45000,-45000,-140837
="077810",48000,211000,-163000,-267589
="077811",0,42000,-42000,-44940
="077812",0,61000,-61000,-146910
="077941",10000,10000,0,500
="077942",333000,17000,316000,389391
="077944",130000,233000,-103000,-76539
="077945",0,135000,-135000,-162500
="077946",22000,88000,-66000,-153301
="077963",0,70000,-70000,-87500
="078038",5000,0,5000,11399
="078087",20000,24000,-4000,-8440
="078090",59000,10000,49000,67478
="078091",0,200000,-200000,-266000
="078095",6000,40000,-34000,-74073
="078096",1000,21000,-20000,-34470
="078097",37000,0,37000,42919
="078098",173000,0,173000,158250
="078099",881000,63000,818000,969570
="078207",0,3000,-3000,-11100
="078254",40000,0,40000,101199
="078374",0,4000,-4000,-25799
="078461",0,113000,-113000,-87009
="078462",0,9000,-9000,-8820
="078464",0,1000,-1000,-1129
="078466",73000,106000,-33000,-99947
="078469",83000,155000,-72000,-102022
="078470",74000,25000,49000,75546
="078473",10000,18000,-8000,-7199
="078476",379000,183000,196000,186188
="078477",0,20000,-20000,-60898
="078718",15000,3000,12000,15000
="078719",3000,0,3000,14250
="078720",0,2000,-2000,-4029
="078721",0,10000,-10000,-35299
="078724",0,59000,-59000,-50150
="078848",659000,1058000,-399000,-479738
="078849",70000,75000,-5000,-11521
="078853",232000,145000,87000,186000
="078854",155000,79000,76000,76337
="078855",31000,0,31000,180999
="078856",0,30000,-30000,-138300
="078857",10000,0,10000,17599
="078940",0,82000,-82000,-41129
="078943",0,50000,-50000,-82398
="078944",75000,63000,12000,24340
="078945",83000,3000,80000,75731
="078949",122000,44000,78000,177290
="079065",20000,0,20000,66799
="079212",10000,0,10000,25399
="079286",0,50000,-50000,-37500
="079287",648000,40000,608000,874337
="079288",9000,3000,6000,8981
="079289",24000,69000,-45000,-53120
="079290",0,40000,-40000,-41448
="079425",374000,0,374000,260236
="079426",2000,2000,0,21
="079428",564000,20000,544000,818049
="079429",466000,115000,351000,453229
="079430",15000,44000,-29000,-31012
="079431",0,100000,-100000,-60000
="079432",0,111000,-111000,-59940
="079434",94000,175000,-81000,-90147
="079435",0,20000,-20000,-51557
="079564",5000,0,5000,5149
="079582",127000,15000,112000,130150
="079584",20000,4000,16000,20840
="079586",157000,495000,-338000,-151730
="079652",20000,0,20000,15399
="079662",0,105000,-105000,-908249
="079710",0,50000,-50000,-66000
="079726",0,2000,-2000,-1399
="079727",387000,435000,-48000,-72180
="079728",49000,54000,-5000,-5750
="079729",58000,75000,-17000,-10798
="079730",10000,31000,-21000,-15360
="079734",38000,4000,34000,69736
="079736",30000,15000,15000,9449
="079738",0,286000,-286000,-286807
="079740",26000,10000,16000,21779
="079741",12000,0,12000,22559
="079742",247000,51000,196000,251649
="079743",214000,118000,96000,58118
="079745",0,93000,-93000,-73770
="079868",1000,74000,-73000,-78510
="079871",2000,0,2000,1919
="079872",60000,60000,0,2400
="079873",12000,20000,-8000,-18683
="079878",0,81000,-81000,-172849
="079908",0,3000,-3000,-5160
="079928",0,10000,-10000,-8799
="079961",3000,0,3000,8640
="079979",0,55000,-55000,-25849
="079981",0,819000,-819000,-2087334
="079982",23000,10000,13000,7569
="079983",9000,5000,4000,3659
="079984",5000,50000,-45000,-43118
="079985",119000,4000,115000,101729
="080033",5000,0,5000,2199
="080162",408000,74000,334000,304979
="080163",0,50000,-50000,-34499
="080166",137000,0,137000,75350
="080168",0,20000,-20000,-12000
="080169",0,10000,-10000,-3300
="080170",0,30000,-30000,-7500
="080174",44000,10000,34000,32409
="080176",10000,30000,-20000,-25598
="080177",670000,246000,424000,405247
="080178",13000,10000,3000,2361
="080181",50000,0,50000,27500
="080184",26000,0,26000,42749
="080186",12000,0,12000,10559
="080205",92000,8000,84000,149490
="080344",20000,0,20000,21800
="080345",0,96000,-96000,-84429
="080347",0,21000,-21000,-14929
="080348",10000,380000,-370000,-462198
="080349",38000,20000,18000,17540
="080351",0,10000,-10000,-6999
="080386",0,299000,-299000,-1135187
="080537",0,453000,-453000,-235559
="080540",10000,0,10000,7200
="080541",0,20000,-20000,-10397
="080543",50000,0,50000,26499
="080544",0,34000,-34000,-15409
="080545",242000,642000,-400000,-705230
="080546",45000,337000,-292000,-161419
="080547",0,70000,-70000,-88899
="080594",269000,272000,-3000,-17741
="080595",0,1000,-1000,-389
="080596",40000,382000,-342000,-268170
="080597",0,120000,-120000,-98199
="080598",282000,32000,250000,236928
="080600",100000,5000,95000,46550
="080601",0,123000,-123000,-64867
="080602",8000,212000,-204000,-281830
="080603",98000,80000,18000,31926
="080604",10000,0,10000,3600
="080609",0,100000,-100000,-55399
="080728",183000,0,183000,237899
="080844",333000,0,333000,331459
="080857",0,6000,-6000,-3300
="080861",30000,20000,10000,20599
="080863",0,103000,-103000,-59739
="080864",65000,169000,-104000,-127728
="080865",89000,114000,-25000,-52890
="080867",0,118000,-118000,-162499
="080868",15000,0,15000,8250
="080914",0,5000,-5000,-3700
="081018",0,23000,-23000,-10938
="081019",590000,222000,368000,509379
="081020",75000,0,75000,41499
="081021",6000,1000,5000,1730
="081022",0,5000,-5000,-4799
="081024",105000,119000,-14000,-14420
="081025",293000,81000,212000,155649
="081026",102000,92000,10000,5900
="081130",1000,3000,-2000,-20999
="081213",100000,0,100000,75399
="081214",10000,0,10000,5799
="081217",50000,28000,22000,9181
="081218",0,50000,-50000,-29348
="081219",60000,10000,50000,26561
="081220",35000,10000,25000,36299
="081221",20000,4000,16000,23840
="081222",20000,10000,10000,5099
="081223",0,10000,-10000,-7500
="081224",107000,216000,-109000,-34051
="081225",1211000,106000,1105000,704071
="081226",11000,0,11000,4289
="081231",0,28000,-28000,-11759
="081232",11000,20000,-9000,-7771
="081233",80000,964000,-884000,-670679
="081235",499000,154000,345000,205102
="081236",61000,214000,-153000,-142229
="081270",20000,0,20000,13600
="081272",180000,0,180000,164918
="081276",0,246000,-246000,-199260
="081278",46000,141000,-95000,-78308
="081281",0,21000,-21000,-18888
="081282",0,20000,-20000,-14400
="081283",35000,0,35000,14000
="081285",58000,290000,-232000,-349063
="081286",0,2000,-2000,-1080
="081287",110000,10000,100000,122800
="081288",0,50000,-50000,-34999
="081289",40000,137000,-97000,-218290
="081428",220000,100000,120000,123949
="081429",28000,106000,-78000,-51480
="081434",40000,60000,-20000,-7800
="081436",121000,375000,-254000,-173971
="081437",0,116000,-116000,-57940
="081438",30000,10000,20000,20100
="081439",91000,89000,2000,-2897
="081440",20000,2000,18000,8470
="081442",10000,0,10000,7910
="081443",115000,130000,-15000,-9149
="081446",83000,155000,-72000,-52638
="081447",0,5000,-5000,-6700
="081450",0,100000,-100000,-57999
="081451",86000,33000,53000,135532
="081452",52000,57000,-5000,-8070
="081505",1000,0,1000,3089
="081575",50000,200000,-150000,-569999
="081692",20000,80000,-60000,-207450
="081707",120000,39000,81000,53249
="081708",61000,47000,14000,7198
="081709",43000,45000,-2000,-1250
="081710",0,47000,-47000,-57950
="081711",260000,1110000,-850000,-880799
="081712",300000,1942000,-1642000,-1655219
="081713",18000,0,18000,9900
="081714",0,30000,-30000,-20400
="081715",72000,95000,-23000,-36239
="081716",657000,412000,245000,170601
="081717",109000,52000,57000,25863
="081718",107000,88000,19000,13390
="081719",75000,5000,70000,61299
="081720",0,126000,-126000,-100559
="081721",0,20000,-20000,-22999
="081723",245000,538000,-293000,-269747
="081724",10000,70000,-60000,-61999
="081725",22000,11000,11000,12468
="081727",10000,45000,-35000,-41547
="081816",0,51000,-51000,-74460
="081855",50000,0,50000,33500
="081881",0,18000,-18000,-19800
="081944",0,30000,-30000,-10200
="081945",8000,77000,-69000,-63880
="081946",101000,127000,-26000,-68905
="081947",514000,365000,149000,175681
="081948",5000,42000,-37000,-52089
="081949",0,32000,-32000,-48959
="081950",1000,0,1000,850
="081951",10000,110000,-100000,-57099
="081952",160000,112000,48000,19962
="081953",25000,2000,23000,12880
="081955",6000,10000,-4000,-2700
="081958",50000,0,50000,28499
="081959",118000,126000,-8000,-16710
="081995",0,130000,-130000,-553800
="082000",13000,0,13000,16319
="082051",50000,0,50000,98000
="082122",96000,0,96000,72439
="082123",53000,0,53000,45170
="082124",26000,30000,-4000,-2841
="082127",10000,20000,-10000,-9799
="082128",1065000,1762000,-697000,-522929
="082129",0,329000,-329000,-324319
="082130",2265000,3130000,-865000,-812619
="082131",40000,410000,-370000,-326647
="082132",183000,543000,-360000,-448357
="082133",6000,40000,-34000,-45780
="082135",15000,20000,-5000,-2852
="082136",0,5000,-5000,-2450
="082137",30000,132000,-102000,-99760
="082138",13000,323000,-310000,-272089
="082142",119000,163000,-44000,-36240
="082144",170000,194000,-24000,-43619
="082145",432000,107000,325000,176939
="082176",69000,0,69000,158699
="082307",0,80000,-80000,-284799
="082315",22000,30000,-8000,-4928
="082318",35000,62000,-27000,-11229
="082319",1122000,904000,218000,180843
="082320",110000,54000,56000,70259
="082321",375000,365000,10000,24051
="082322",0,2000,-2000,-1539
="082324",3000,0,3000,4229
="082325",5000,15000,-10000,-8787
="082326",0,25000,-25000,-16648
="082327",12000,0,12000,13799
="082328",5000,0,5000,5199
="082330",224000,29000,195000,173399
="082331",249000,0,249000,154688
="082332",31000,3000,28000,16971
="082333",22000,0,22000,13729
="082334",6000,4000,2000,1320
="082335",1000,0,1000,500
="082336",0,2000,-2000,-879
="082337",14000,4000,10000,15611
="082338",6000,149000,-143000,-165717
="082339",0,1000,-1000,-620
="082340",35000,0,35000,16638
="082396",0,3000,-3000,-2970
="082435",3000,0,3000,2370
="082476",50000,0,50000,60000
="082478",31000,0,31000,16740
="082479",151000,0,151000,82079
="082480",0,200000,-200000,-95999
="082481",477000,279000,198000,136732
="082482",1111000,702000,409000,276030
="082486",310000,0,310000,204600
="082487",602000,355000,247000,203819
="082488",164000,333000,-169000,-135920
="082489",100000,410000,-310000,-272798
="082490",0,25000,-25000,-18500
="082491",60000,61000,-1000,-1409
="082492",49000,0,49000,58310
="082493",25000,6000,19000,14459
="082494",0,60000,-60000,-57599
="082495",3000,275000,-272000,-301625
="082496",251000,5000,246000,142680
="082498",668000,1497000,-829000,-604460
="082499",42000,0,42000,43259
="082501",11000,0,11000,8529
="082502",2000,70000,-68000,-58239
="082503",421000,243000,178000,220631
="082556",0,20000,-20000,-15099
="082557",171000,0,171000,135090
="082558",0,86000,-86000,-63510
="082559",16000,0,16000,12319
="082560",719000,781000,-62000,-45709
="082561",77000,248000,-171000,-171995
="082562",18000,3000,15000,17390
="082563",61000,48000,13000,14248
="082564",2000,15000,-13000,-9350
="082568",34000,0,34000,26179
="082569",111000,180000,-69000,-54000
="082573",40000,7000,33000,12711
="082574",16000,165000,-149000,-128150
="082575",116000,49000,67000,42340
="082576",0,135000,-135000,-97547
="082577",0,11000,-11000,-8140
="082578",0,63000,-63000,-83197
="082661",0,210000,-210000,-542375
="082749",197000,121000,76000,52090
="082750",150000,171000,-21000,-16580
="082751",61000,5000,56000,43129
="082754",110000,11000,99000,94160
="082755",36000,100000,-64000,-48647
="082756",15000,1000,14000,10470
="082758",298000,65000,233000,312988
="082760",0,123000,-123000,-79949
="082762",0,10000,-10000,-3600
="082764",55000,1140000,-1085000,-343349
="082765",415000,254000,161000,71161
="082766",298000,4000,294000,265219
="082768",56000,166000,-110000,-83089
="082769",26000,1000,25000,18689
="082770",260000,10000,250000,129800
="082771",0,70000,-70000,-44097
="082772",241000,104000,137000,140827
="082773",234000,142000,92000,91348
="082774",80000,111000,-31000,-50011
="082775",17000,825000,-808000,-775787
="082784",0,70000,-70000,-114099
="082785",0,31000,-31000,-45570
="082798",0,164000,-164000,-334793
="082799",110000,117000,-7000,-15440
="082867",1000,0,1000,400
="082924",208000,228000,-20000,-18841
="082925",40000,5000,35000,14249
="082929",40000,47000,-7000,-6881
="082930",0,2000,-2000,-1309
="082932",0,2000,-2000,-899
="082933",0,70000,-70000,-59399
="082934",0,24000,-24000,-13040
="082937",248000,405000,-157000,-205629
="082950",50000,0,50000,51499
="083197",2000,153000,-151000,-82710
="083198",0,20000,-20000,-10699
="083199",10000,754000,-744000,-389619
="083201",0,4000,-4000,-2259
="083202",0,140000,-140000,-69300
="083204",651000,71000,580000,437050
="083205",739000,64000,675000,363200
="083206",155000,320000,-165000,-104749
="083207",207000,395000,-188000,-147229
="083208",434000,210000,224000,189236
="083209",191000,0,191000,116920
="083210",41000,0,41000,28738
="083211",121000,30000,91000,59061
="083212",21000,5000,16000,13729
="083213",33000,11000,22000,28341
="083215",2000,144000,-142000,-127887
="083216",0,5000,-5000,-2700
="083217",20000,0,20000,14900
="083218",2000,52000,-50000,-32520
="083326",52000,0,52000,26009
="083327",34000,478000,-444000,-312438
="083328",5000,17000,-12000,-8760
="083329",0,29000,-29000,-25529
="083331",0,100000,-100000,-72000
="083334",0,106000,-106000,-72080
="083335",2000,0,2000,1419
="083336",547000,389000,158000,139932
="083338",941000,1204000,-263000,-290949
="083339",0,107000,-107000,-80250
="083342",11000,3000,8000,6341
="083343",15000,10000,5000,3700
="083344",10000,0,10000,13899
="083345",51000,188000,-137000,-107658
="083346",0,4000,-4000,-1360
="083347",14000,0,14000,12880
="083350",12000,184000,-172000,-140210
="083429",1000,0,1000,1190
="083460",4000,28000,-24000,-23629
="083461",10000,0,10000,7099
="083462",3000,0,3000,1769
="083463",5000,174000,-169000,-98120
="083464",457000,61000,396000,268790
="083465",22000,7000,15000,17069
="083471",255000,23000,232000,232550
="083472",0,215000,-215000,-275338
="083473",0,10000,-10000,-11399
="083474",10000,0,10000,10970
="083476",0,10000,-10000,-6499
="083479",50000,0,50000,30000
="083480",84000,109000,-25000,-14931
="083665",0,93000,-93000,-79980
="083668",31000,0,31000,19979
="083673",9000,0,9000,5490
="083674",22000,0,22000,14299
="083675",50000,12000,38000,20880
="083677",170000,100000,70000,44600
="083678",5000,0,5000,3750
="083679",0,2000,-2000,-1910
="083683",0,55000,-55000,-55000
="083684",9000,4000,5000,9349
="083685",0,2000,-2000,-2240
="083689",0,30000,-30000,-19499
="083760",1000,0,1000,769
="083787",0,55000,-55000,-38247
="083788",145000,262000,-117000,-104299
="083789",50000,0,50000,35499
="083790",36000,10000,26000,21320
="083791",18000,0,18000,18338
="083793",23000,0,23000,17479
="083794",0,200000,-200000,-300000
="083796",8000,0,8000,13279
="083799",1000,135000,-134000,-80179
="083800",15000,0,15000,11549
="084009",0,5000,-5000,-2800
="084010",0,493000,-493000,-216568
="084011",0,3000,-3000,-2309
="084012",0,65000,-65000,-46209
="084016",0,2000,-2000,-1019
="084017",0,10000,-10000,-4699
="084018",6000,45000,-39000,-22767
="084019",109000,11000,98000,111428
="084020",6000,19000,-13000,-9168
="084022",6000,162000,-156000,-186818
="084025",26000,235000,-209000,-123131
="084027",138000,0,138000,90679
="084230",0,10000,-10000,-5199
="084231",11000,256000,-245000,-115269
="084232",0,2000,-2000,-1500
="084236",15000,35000,-20000,-9749
="084237",16000,134000,-118000,-112258
="084238",40000,210000,-170000,-91301
="084239",5000,60000,-55000,-32599
="084242",0,50000,-50000,-21999
="084243",1515000,291000,1224000,1082650
="084244",0,86000,-86000,-72678
="084245",97000,10000,87000,64280
="084247",0,4000,-4000,-1600
="084249",123000,6000,117000,131293
="084251",14000,161000,-147000,-108430
="084253",0,6000,-6000,-5319
="084364",10000,0,10000,12200
="084371",20000,0,20000,17400
="084372",5000,0,5000,3650
="084377",51000,0,51000,29069
="084378",0,10000,-10000,-5299
="084379",25000,0,25000,15999
="084383",0,2000,-2000,-1580
="084384",30000,14000,16000,10819
="084385",169000,145000,24000,22588
="084388",598000,856000,-258000,-195939
="084533",0,22000,-22000,-14299
="084536",52000,53000,-1000,-5959
="084542",50000,2000,48000,51701
="084543",0,10000,-10000,-6399
="084545",0,78000,-78000,-58518
="084546",0,105000,-105000,-72407
="084547",0,2000,-2000,-2240
="084548",0,20000,-20000,-15599
="084602",10000,0,10000,12699
="084622",2000,0,2000,5699
="084682",462000,3000,459000,419437
="084683",2000,0,2000,1139
="084684",0,99000,-99000,-75239
="084685",0,6000,-6000,-4320
="084691",0,80000,-80000,-72699
="084692",50000,10000,40000,25899
="084693",5000,0,5000,2300
="084696",0,420000,-420000,-273348
="084697",0,72000,-72000,-56837
="084701",80000,50000,30000,24599
="084709",10000,0,10000,5899
="084710",0,410000,-410000,-379459
="084823",0,27000,-27000,-20250
="084827",0,40000,-40000,-21599
="084828",0,161000,-161000,-127909
="084831",0,10000,-10000,-7500
="084834",0,114000,-114000,-79799
="084836",445000,6000,439000,290070
="084837",0,285000,-285000,-207000
="084838",0,205000,-205000,-161128
="084893",0,45000,-45000,-41450
="084894",0,120000,-120000,-92399
="084896",0,70000,-70000,-52500
="084898",0,12000,-12000,-13059
="1101",6200,8000,-1800,-72732
="1102",10000,1000,9000,368050
="1109",4000,0,4000,74300
="1210",0,5000,-5000,-240599
="1215",1000,0,1000,71599
="1216",0,301000,-301000,-20588500
="1218",1000,2000,-1000,-27050
="1225",1,0,1,32
="1227",1000,0,1000,56799
="1233",1000,0,1000,34200
="1256",0,3000,-3000,-932000
="1301",701000,10000,691000,62579598
="1303",3000,0,3000,205200
="1304",26000,11000,15000,321752
="1305",131000,45000,86000,2040500
="1307",0,1000,-1000,-19950
="1308",2000,0,2000,40800
="1309",0,2000,-2000,-62000
="1312",109000,143000,-34000,-728799
="1313",2000,0,2000,30899
="1314",7001,18000,-10999,-103970
="1315",1073,0,1073,75230
="1319",2000,0,2000,70400
="1325",3000,9000,-6000,-514599
="1337",3000,8000,-5000,-41370
="1402",3000,6000,-3000,-81549
="1409",0,19000,-19000,-247850
="1414",0,4000,-4000,-52799
="1416",58,0,58,620
="1434",20000,0,20000,585999
="1440",0,3000,-3000,-39699
="1444",0,32000,-32000,-379200
="1446",10000,0,10000,285500
="1447",5000,0,5000,39149
="1454",0,11000,-11000,-90129
="1455",0,1000,-1000,-9010
="1460",200,0,200,1644
="1476",4000,4000,0,500
="1477",25000,2000,23000,4530500
="1504",6000,1000,5000,141200
="1513",31000,20000,11000,519300
="1515",8000,7000,1000,80300
="1519",0,8000,-8000,-337699
="1522",3000,0,3000,66949
="1527",2,0,2,85
="1533",484000,483000,1000,137196
="1536",85030,53210,31820,3916915
="1568",2000,2000,0,-351
="1582",2000,0,2000,159900
="1584",0,1000,-1000,-11000
="1587",7000,0,7000,171500
="1589",1000,1000,0,-500
="1590",0,4000,-4000,-4120000
="1593",7000,5000,2000,252500
="1598",2000,0,2000,216000
="1605",10000,89000,-79000,-1360198
="1608",0,5000,-5000,-56250
="1609",8000,56000,-48000,-888300
="1701",0,12000,-12000,-260899
="1702",0,100000,-100000,-4503847
="1712",0,2000,-2000,-41299
="1718",0,10000,-10000,-86298
="1720",1000,0,1000,35549
="1732",5000,27000,-22000,-670697
="1733",0,1000,-1000,-21750
="1734",0,1000,-1000,-27500
="1736",1000,0,1000,85300
="1760",1000,2000,-1000,-77500
="1773",6000,0,6000,618000
="1785",4000,24000,-20000,-862199
="1788",0,50,-50,-6075
="1789",1000,4000,-3000,-74550
="1802",11000,12000,-1000,-17799
="1815",215000,204000,11000,180749
="1817",8000,0,8000,259249
="1905",5000,11000,-6000,-60999
="1907",200000,5000,195000,4709750
="1909",88001,8000,80001,1640571
="2002",5001,12000,-6999,-164777
="2006",102000,10000,92000,2962646
="2009",34000,29000,5000,106547
="2010",10000,0,10000,118999
="2014",8000,27000,-19000,-261051
="2017",0,1000,-1000,-10149
="2023",6000,0,6000,70650
="2024",1,0,1,14
="2027",34000,14000,20000,518700
="2030",1,0,1,12
="2031",1001,4000,-2999,-106614
="2034",5000,0,5000,126000
="2038",0,5000,-5000,-75699
="2049",5000,9000,-4000,-1630000
="2070",1000,0,1000,27149
="2101",10,0,10,384
="2102",1,0,1,18
="2103",5000,0,5000,104250
="2104",6,2000,-1994,-47759
="2105",7000,0,7000,291850
="2106",2000,0,2000,66599
="2107",1,0,1,22
="2108",5000,3000,2000,115701
="2109",1,0,1,12
="2115",0,1000,-1000,-43900
="2201",19000,3000,16000,647550
="2204",2000,100000,-98000,-4594346
="2206",1,0,1,32
="2207",0,1000,-1000,-586000
="2228",2000,0,2000,147800
="2231",25020,22000,3020,564920
="2233",3001,0,3001,256586
="2247",1000,0,1000,232000
="2301",867000,31000,836000,47007796
="2303",1846101,1612000,234101,12392833
="2308",30070,33118,-3048,-852694
="2312",6001,10000,-3999,-47938
="2313",24001,4000,20001,846192
="2314",2000,1000,1000,30399
="2316",131,0,131,3936
="2317",276568,642650,-366082,-41683173
="2323",16001,0,16001,131887
="2324",2000,18000,-16000,-351899
="2327",58000,25100,32900,19304300
="2328",173001,115000,58001,2384890
="2329",1001,0,1001,15265
="2330",539699,382403,157296,98512030
="2331",18000,20000,-2000,-51550
="2332",3001,11000,-7999,-194126
="2337",792001,44000,748001,30047289
="2338",11003,16000,-4997,-198786
="2340",30026,12000,18026,468821
="2342",2001,1000,1001,33581
="2344",979001,510000,469001,13170777
="2345",8001,0,8001,2200772
="2347",0,4000,-4000,-188249
="2348",1000,1000,0,300
="2349",19001,0,19001,190560
="2351",6000,1000,5000,409500
="2352",32001,187000,-154999,-4519515
="2353",461001,286000,175001,4575726
="2354",135100,53000,82100,5730029
="2355",3000,8000,-5000,-160851
="2356",10000,0,10000,232999
="2357",7050,32000,-24950,-7164075
="2359",54000,0,54000,948448
="2360",340000,0,340000,72839500
="2363",101,2000,-1899,-30105
="2365",1,0,1,10
="2367",4001,0,4001,79920
="2368",687000,100000,587000,30756099
="2369",18001,16000,2001,26713
="2371",8001,14000,-5999,-151976
="2374",1,0,1,14
="2375",179000,169000,10000,1178500
="2376",101000,1000,100000,7714599
="2377",1000,15000,-14000,-1867500
="2379",29001,11000,18001,8633481
="2380",1,0,1,7
="2382",14000,16000,-2000,-168901
="2383",0,3000,-3000,-471000
="2385",11000,0,11000,972400
="2387",74000,5000,69000,4467998
="2390",62000,141000,-79000,-1195850
="2392",1000,1000,0,0
="2393",4050,22000,-17950,-786000
="2395",1000,2000,-1000,-345500
="2399",0,6000,-6000,-96299
="2401",33001,62000,-28999,-704028
="2402",1,43000,-42999,-709483
="2404",2025,4000,-1975,-473500
="2405",1001,0,1001,11361
="2406",1,0,1,18
="2408",448000,79000,369000,31772896
="2409",1301450,4548000,-3246550,-55085416
="2412",1000,0,1000,108500
="2415",11000,11000,0,2301
="2417",5000,2000,3000,141848
="2421",5000,0,5000,262999
="2425",0,1000,-1000,-26399
="2426",0,4000,-4000,-73599
="2428",3000,8000,-5000,-915500
="2430",1,0,1,19
="2436",0,1000,-1000,-42849
="2439",0,51000,-51000,-6697500
="2442",30000,28000,2000,30548
="2443",2000,0,2000,5099
="2449",31000,462000,-431000,-15935501
="2453",0,2000,-2000,-33599
="2454",83018,92066,-9048,-8658813
="2455",18000,19000,-1000,-77000
="2456",13000,12000,1000,110000
="2457",1000,1000,0,149
="2458",4000,13000,-9000,-1462500
="2459",0,20000,-20000,-917999
="2460",339000,0,339000,7957497
="2461",0,10000,-10000,-166499
="2464",0,1000,-1000,-41500
="2467",1000,0,1000,40900
="2471",1000,1000,0,-250
="2472",1000,2000,-1000,-68999
="2474",1002,14000,-12998,-2506614
="2478",1000,3000,-2000,-158901
="2480",1000,0,1000,67400
="2481",57000,262000,-205000,-10238151
="2484",2000,1000,1000,21600
="2486",251000,448000,-197000,-3792401
="2492",16000,28000,-12000,-2838000
="2498",3000,2000,1000,29049
="2501",1000,0,1000,18750
="2504",204001,3000,201001,4361770
="2505",37000,39000,-2000,-40602
="2511",107000,0,107000,1173548
="2515",0,42000,-42000,-362079
="2520",15000,13000,2000,67851
="2540",3000,0,3000,195599
="2542",1000,0,1000,43099
="2547",19000,1000,18000,188851
="2601",0,3000,-3000,-28000
="2603",2558000,2614000,-56000,-1816501
="2606",50,161000,-160950,-5189720
="2609",10869020,8239000,2630020,58360487
="2610",29000,140100,-111100,-1245126
="2611",4000,2000,2000,18358
="2614",0,2000,-2000,-32599
="2615",93000,31000,62000,2724651
="2617",10000,0,10000,177000
="2618",90000,2000,88000,1124999
="2633",2000,1000,1000,28749
="2640",6000,0,6000,452898
="2707",1000,0,1000,131000
="2727",0,5000,-5000,-588500
="2732",0,5000,-5000,-590000
="2801",32000,0,32000,538649
="2812",7000,192,6808,73196
="2823",88750,5223,83527,1883969
="2834",2000,0,2000,18479
="2838",1000,0,1000,10350
="2845",12000,5000,7000,72450
="2851",52000,0,52000,1118099
="2855",5000,20350,-15350,-309119
="2867",0,5000,-5000,-40300
="2880",79,1000,-921,-16021
="2881",27000,29000,-2000,-90651
="2882",11000,27000,-16000,-647100
="2883",150000,4000,146000,1315920
="2884",3000,2000,1000,24600
="2885",40000,3000,37000,770900
="2886",6000,0,6000,172898
="2887",20000,3000,17000,213200
="2888",19000,5000,14000,114259
="2889",7000,5060,1940,24585
="2890",0,3000,-3000,-33449
="2891",2010000,0,2010000,38622001
="2892",3000,0,3000,61199
="2908",0,1000,-1000,-25100
="2912",2007,0,2007,538886
="2915",2000,1000,1000,68500
="2926",0,2000,-2000,-151000
="3003",10000,20000,-10000,-523699
="3006",246000,12000,234000,14566896
="3008",30,1000,-970,-2973050
="3010",4,0,4,300
="3011",0,1000,-1000,-6389
="3014",5000,9000,-4000,-298502
="3016",0,200,-200,-13339
="3017",3000,16000,-13000,-845900
="3018",1100,1000,100,1430
="3019",21000,26000,-5000,-369401
="3022",1316,0,1316,66721
="3023",27001,12000,15001,3919270
="3025",2000,0,2000,58000
="3026",5000,3000,2000,230000
="3027",0,1000,-1000,-18049
="3030",0,3000,-3000,-172299
="3034",303000,6000,297000,129510000
="3035",1000,38000,-37000,-1953799
="3036",0,4000,-4000,-164800
="3037",1137200,711000,426200,36764060
="3042",39000,41000,-2000,-156302
="3044",18000,113000,-95000,-12108000
="3049",12000,12000,0,-890
="3050",21000,19000,2000,36551
="3055",50,0,50,1502
="3058",7000,7000,0,-1051
="3059",30000,44000,-14000,-507602
="3060",2000,0,2000,27848
="3062",5000,5000,0,-251
="3071",0,1000,-1000,-23799
="3078",0,1000,-1000,-43500
="3081",6000,19000,-13000,-3636500
="3083",2000,1000,1000,59500
="3092",11000,105000,-94000,-5721698
="3094",4000,4000,0,0
="3105",158900,464000,-305100,-118425825
="3122",0,7000,-7000,-116000
="3128",1000,1000,0,-1201
="3138",482,3230,-2748,-962687
="3141",5000,9000,-4000,-167048
="3149",11000,5000,6000,152200
="3152",9000,25,8975,4249113
="3164",1049,1000,49,801
="3169",7000,16400,-9400,-607937
="3176",0,2000,-2000,-108400
="3178",13000,11000,2000,129700
="3189",398000,1898000,-1500000,-115425890
="3205",1000,0,1000,29450
="3211",16000,1000,15000,1400399
="3217",52000,12000,40000,5440500
="3218",3000,4000,-1000,-222000
="3227",50000,14000,36000,6943000
="3228",8000,87002,-79002,-19135986
="3230",0,13000,-13000,-81270
="3231",52000,24000,28000,869601
="3234",0,1000,-1000,-36099
="3257",11000,45000,-34000,-2932098
="3260",52100,51000,1100,100942
="3264",392500,344000,48500,2592599
="3272",1000,0,1000,50799
="3276",10000,0,10000,109499
="3293",9000,16000,-7000,-5544000
="3305",14000,0,14000,431696
="3312",9000,0,9000,128550
="3317",0,10000,-10000,-423448
="3321",0,1000,-1000,-12199
="3322",13000,8000,5000,65200
="3323",0,2000,-2000,-92500
="3324",238000,25000,213000,45493000
="3338",20000,0,20000,1127099
="3360",3000,0,3000,43849
="3362",10000,102000,-92000,-3245997
="3363",1000,0,1000,24950
="3373",0,2000,-2000,-138800
="3374",192000,189000,3000,513500
="3376",8000,0,8000,984000
="3380",17000,5000,12000,399801
="3406",14000,27000,-13000,-6592000
="3413",64000,4000,60000,13581500
="3419",3000,0,3000,58300
="3437",57000,1000,56000,1653649
="3443",6000,27000,-21000,-8578500
="3481",5260020,3407000,1853020,27385286
="3483",26000,14000,12000,982498
="3484",11000,117000,-106000,-7269697
="3490",1000,1000,0,300
="3492",5000,5000,0,0
="3501",1000,0,1000,50000
="3504",11000,98000,-87000,-5086798
="3508",0,2000,-2000,-42900
="3521",1000,1000,0,-399
="3526",1000,2000,-1000,-99500
="3527",4000,2000,2000,187799
="3529",12000,7000,5000,3732000
="3530",0,1000,-1000,-112000
="3533",6000,12000,-6000,-3165000
="3540",36100,60000,-23900,-1502169
="3543",3000,0,3000,85699
="3545",15011,13000,2011,160320
="3552",41000,26000,15000,4520000
="3557",1,0,1,87
="3563",0,1000,-1000,-271500
="3564",0,1000,-1000,-24649
="3576",1000,6007,-5007,-61937
="3580",0,5000,-5000,-258500
="3587",0,5000,-5000,-500000
="3588",2000,5000,-3000,-174401
="3591",0,2000,-2000,-34799
="3596",1000,1000,0,600
="3597",76000,82000,-6000,-187750
="3605",0,1000,-1000,-41700
="3615",1000,0,1000,20850
="3622",0,4000,-4000,-122199
="3624",1000,1000,0,-250
="3625",2000,4000,-2000,-41100
="3630",9000,0,9000,475500
="3631",8000,0,8000,395098
="3645",2000,0,2000,99650
="3653",40000,1000,39000,11706000
="3661",8000,22000,-14000,-11268000
="3665",4000,16000,-12000,-3598500
="3666",0,11000,-11000,-669499
="3669",38000,5000,33000,2590997
="3673",0,2000,-2000,-85400
="3675",0,3000,-3000,-216099
="3679",1000,0,1000,102000
="3680",21020,7020,14000,4770370
="3685",0,12000,-12000,-412549
="3687",2000,0,2000,88699
="3689",68,1000,-932,-27018
="3691",4000,9000,-5000,-866000
="3702",2000,1000,1000,43901
="3703",189000,7000,182000,3512047
="3704",17000,36000,-19000,-683453
="3706",0,6000,-6000,-176199
="3707",38000,13000,25000,1156698
="3708",0,9000,-9000,-1276500
="3710",62000,1000,61000,689449
="3711",582010,54000,528010,51855977
="3713",26000,0,26000,1337199
="3714",7000,12000,-5000,-401899
="4105",0,10000,-10000,-617999
="4106",0,1000,-1000,-25450
="4108",1000,1000,0,149
="4114",1000,0,1000,24399
="4119",1000,1000,0,0
="4120",0,1000,-1000,-45950
="4128",2000,1000,1000,56299
="4133",2000,2000,0,-400
="4137",30000,31000,-1000,-244000
="4142",56050,60000,-3950,-202015
="4157",0,7000,-7000,-122648
="4167",5000,27000,-22000,-623648
="4171",1000,1000,0,-2000
="4420",1000,1020,-20,-832
="4526",104,0,104,1471
="4536",1000,0,1000,143000
="4540",1000,1000,0,0
="4555",0,2000,-2000,-102299
="4566",1000,1000,0,0
="4571",0,7000,-7000,-653098
="4576",64000,41000,23000,3084500
="4721",1000,15000,-14000,-853801
="4726",1000,1000,0,-150
="4735",5000,2000,3000,272000
="4743",8000,4000,4000,805500
="4746",1000,0,1000,46000
="4755",0,1000,-1000,-60200
="4760",0,2000,-2000,-220000
="4906",3000,2000,1000,28201
="4912",1000,1000,0,0
="4915",610000,52000,558000,33437894
="4919",0,26000,-26000,-1138899
="4924",4000,0,4000,70199
="4930",1000,0,1000,18100
="4935",3000,58000,-55000,-5613500
="4938",131240,83000,48240,3808111
="4943",0,2000,-2000,-153300
="4950",4000,0,4000,94549
="4952",1000,2000,-1000,-42300
="4953",10000,0,10000,921998
="4956",1000,2000,-1000,-19101
="4958",52000,28000,24000,2766500
="4960",6000,36000,-30000,-337701
="4961",2265175,2831000,-565825,-87735313
="4966",3000,4001,-1001,-1356255
="4967",10002,240000,-229998,-11216048
="4968",5000,16000,-11000,-6180000
="4973",1000,1000,0,-250
="4974",5030,2000,3030,173011
="4976",58000,40000,18000,1551999
="4991",0,1000,-1000,-50700
="5011",5000,26000,-21000,-631400
="5014",317000,15000,302000,5313199
="5211",100,0,100,1489
="5212",2,1000,-998,-55890
="5213",5000,0,5000,83000
="5215",1000,0,1000,130000
="5223",10000,39000,-29000,-2182301
="5227",1,0,1,14
="5243",4000,9000,-5000,-319202
="5269",0,2000,-2000,-3970000
="5274",2010,3000,-990,-2154200
="5285",0,1000,-1000,-64800
="5306",0,10000,-10000,-2075000
="5309",3000,6000,-3000,-115601
="5328",1000,0,1000,12000
="5347",152000,111000,41000,5334500
="5351",1000,0,1000,21149
="5371",1014000,21000,993000,41854696
="5386",3000,7000,-4000,-224001
="5425",24000,4000,20000,1066899
="5434",0,1000,-1000,-118000
="5439",3000,0,3000,163399
="5443",7000,1000,6000,240299
="5457",165000,9000,156000,13462592
="5469",2000,1000,1000,42400
="5471",5000,4000,1000,69300
="5474",0,1,-1,-182
="5478",3000,0,3000,304500
="5483",3000,14009,-11009,-1719904
="5484",0,1000,-1000,-15100
="5488",0,16000,-16000,-102549
="5521",2000,0,2000,18700
="5529",7000,1000,6000,72250
="5531",1000,0,1000,13449
="5534",1000,0,1000,79300
="5604",0,1000,-1000,-70000
="5608",23000,0,23000,230359
="5820",6,0,6,72
="5864",6000,0,6000,83148
="5871",0,5000,-5000,-816000
="5876",10000,0,10000,386749
="5880",32000,0,32000,626798
="5905",11000,0,11000,113300
="6005",8000,0,8000,108800
="6015",6000,0,6000,75600
="6024",130,0,130,4851
="6104",0,1000,-1000,-64300
="6112",1000,2000,-1000,-44050
="6116",1056090,965000,91090,1335061
="6121",400,29000,-28600,-10209100
="6123",1000,0,1000,41450
="6125",12000,8000,4000,94046
="6126",88000,89000,-1000,-96049
="6127",0,3000,-3000,-71899
="6129",0,1000,-1000,-15500
="6142",709000,15000,694000,7327251
="6143",12000,6000,6000,247749
="6147",2000,7000,-5000,-352601
="6150",20000,43000,-23000,-1963899
="6153",2000,3159,-1159,-38063
="6163",25000,0,25000,383749
="6165",0,4000,-4000,-158200
="6168",1000,0,1000,16700
="6173",0,1000,-1000,-61900
="6175",0,17000,-17000,-554250
="6176",4000,6000,-2000,-230000
="6182",20000,18000,2000,75401
="6183",2,0,2,92
="6187",7000,0,7000,773500
="6188",0,9000,-9000,-342000
="6190",0,1000,-1000,-17299
="6191",0,38000,-38000,-928249
="6192",1000,0,1000,66000
="6194",0,4000,-4000,-134248
="6196",0,39151,-39151,-4416563
="6197",1000,0,1000,36150
="6202",49000,39102,9898,800537
="6203",5000,0,5000,398498
="6208",116010,147000,-30990,-1385120
="6213",2000,2000,0,3000
="6214",3000,0,3000,251499
="6217",5000,1000,4000,138000
="6218",0,1000,-1000,-18850
="6219",0,10000,-10000,-178999
="6223",5000,7000,-2000,-215000
="6224",1000,0,1000,99800
="6227",0,5000,-5000,-128000
="6229",1000,0,1000,27450
="6230",1000,1000,0,4500
="6231",2000,0,2000,176700
="6233",5000,91000,-86000,-3125647
="6235",0,8000,-8000,-163199
="6237",5000,7000,-2000,-164098
="6239",4000,25000,-21000,-2075800
="6243",2000,6000,-4000,-59899
="6244",1002,2000,-998,-29145
="6245",0,7000,-7000,-456598
="6257",1000,200,800,39541
="6261",1000,1000,0,301
="6265",0,3000,-3000,-21869
="6269",13045,15000,-1955,-215070
="6271",8000,31000,-23000,-4681000
="6274",55000,5000,50000,5811500
="6277",2000,0,2000,166600
="6278",19000,138000,-119000,-14789500
="6279",4000,0,4000,446000
="6282",18200,29000,-10800,-316711
="6283",0,2000,-2000,-72699
="6284",4000,370000,-366000,-26348290
="6285",3000,0,3000,228299
="6288",1000,0,1000,31100
="6411",0,2000,-2000,-202000
="6412",10000,0,10000,723000
="6414",4000,6200,-2200,-568600
="6415",27000,1000,26000,73005000
="6417",4000,0,4000,299800
="6441",2000,0,2000,269500
="6443",25031,24000,1031,38554
="6456",7000,3000,4000,454000
="6457",0,16000,-16000,-1574999
="6461",1000,0,1000,19450
="6462",1000,4000,-3000,-441500
="6470",2000,0,2000,100400
="6477",6000,6000,0,2200
="6485",37000,46000,-9000,-494201
="6488",57000,10000,47000,29990000
="6491",23000,5000,18000,4700500
="6492",1500,1000,500,89500
="6496",3000,1370,1630,43371
="6504",3000,1000,2000,355000
="6509",10000,10000,0,4100
="6510",5000,8000,-3000,-2588000
="6515",1000,0,1000,417000
="6527",0,8000,-8000,-385349
="6531",31015,25034,5981,4088594
="6533",12010,11025,985,401205
="6535",0,1000,-1000,-34900
="6538",0,4000,-4000,-627000
="6542",0,1000,-1000,-74300
="6547",307000,58500,248500,33383000
="6548",1000,2000,-1000,-67400
="6576",0,4000,-4000,-330599
="6589",166000,3000,163000,7482099
="6591",1000,0,1000,57200
="6592",0,7000,-7000,-570398
="6640",2000,1000,1000,72000
="6643",1000,7000,-6000,-2062500
="6651",0,1000,-1000,-90199
="6669",9000,4000,5000,4319000
="6670",221050,12000,209050,39040356
="6672",12000,10000,2000,167399
="6679",32000,32000,0,53500
="6683",1000,6000,-5000,-1599500
="6690",0,1000,-1000,-122500
="6706",1000,1000,0,-2000
="6712",4000,0,4000,966000
="6733",2000,4000,-2000,-57751
="6747",0,1000,-1000,-174000
="6756",1000,0,1000,273000
="711702",80000,0,80000,19199
="711936",0,62000,-62000,-99820
="712018",30000,10000,20000,7400
="712020",0,10000,-10000,-12300
="712262",6000,0,6000,4218
="712326",110000,100000,10000,2300
="712612",10000,27000,-17000,-7390
="712615",50000,0,50000,36500
="712616",20000,0,20000,39600
="712630",30000,0,30000,6300
="712633",10000,40000,-30000,-11300
="712916",139000,63000,76000,78671
="712920",0,6000,-6000,-2160
="712923",12000,11000,1000,-180
="712979",20000,0,20000,11000
="712980",10000,10000,0,100
="712981",6000,112000,-106000,-61499
="713040",0,10000,-10000,-13999
="713042",1004000,4000,1000000,224970
="713073",30000,0,30000,6000
="713182",13000,0,13000,1820
="713225",5000,0,5000,850
="713240",1497000,0,1497000,179639
="713323",0,30000,-30000,-11000
="713327",133000,1961000,-1828000,-611548
="713404",20000,0,20000,34200
="713515",100000,200000,-100000,-27000
="713587",13000,0,13000,1300
="713589",40000,0,40000,4799
="713648",3000,0,3000,359
="713649",2000,6000,-4000,-7340
="713651",5000,0,5000,6100
="713653",0,20000,-20000,-3000
="713675",491000,471000,20000,3990
="713725",3000,0,3000,7769
="713821",0,2000,-2000,-1600
="713979",0,2000,-2000,-3359
="714213",28000,10000,18000,82959
="714237",2000,0,2000,3799
="714366",208000,0,208000,120639
="714431",142000,0,142000,87679
="714488",0,100000,-100000,-11999
="714489",161000,110000,51000,29522
="714513",20000,0,20000,10399
="714514",20000,10000,10000,18000
="714516",30000,36000,-6000,-1439
="714518",18000,10000,8000,4000
="714620",30000,10000,20000,23549
="714622",195000,0,195000,154198
="714685",284000,0,284000,82359
="714687",0,116000,-116000,-83520
="714712",429000,3000,426000,670989
="714755",103000,20000,83000,102620
="714795",210000,1000,209000,121859
="714837",40000,0,40000,28349
="714856",343000,383000,-40000,-36660
="714857",0,20000,-20000,-4799
="714858",14000,1000,13000,8821
="714860",0,100000,-100000,-113798
="714995",20000,0,20000,7599
="715011",20000,110000,-90000,-29000
="715012",25000,0,25000,20349
="715066",160000,289000,-129000,-88119
="715067",10000,10000,0,-900
="715069",0,2000,-2000,-2519
="715070",30000,50000,-20000,-17700
="715072",60000,22000,38000,23478
="715073",0,5000,-5000,-27648
="715151",0,100000,-100000,-103999
="715158",0,35000,-35000,-7749
="715159",162000,364000,-202000,-122959
="715162",21000,0,21000,65730
="715163",0,43000,-43000,-83775
="715181",0,5000,-5000,-9139
="715286",4000,0,4000,1559
="715288",0,39000,-39000,-20459
="715356",2000,0,2000,4059
="715417",0,6000,-6000,-18119
="715519",106000,179000,-73000,-63911
="715520",898000,148000,750000,683789
="715548",236000,160000,76000,38668
="715551",0,10000,-10000,-19500
="715553",40000,0,40000,23599
="715554",198000,229000,-31000,-29419
="715555",302000,286000,16000,8029
="715657",0,20000,-20000,-16799
="715660",0,105000,-105000,-216148
="715661",25000,18000,7000,7502
="715662",451000,287000,164000,182811
="715693",23000,2000,21000,42687
="715743",31000,2000,29000,56669
="715780",137000,0,137000,95899
="715813",66000,0,66000,98600
="715815",61000,2000,59000,111878
="715901",0,10000,-10000,-18799
="715902",292000,0,292000,160600
="715935",10000,20000,-10000,-12198
="715971",70000,0,70000,51100
="716032",258000,345000,-87000,-82199
="716034",10000,0,10000,6299
="716036",55000,20000,35000,28349
="716037",28000,0,28000,50337
="716111",0,2000,-2000,-1639
="716112",69000,20000,49000,83238
="716137",40000,5000,35000,28700
="716296",12000,9000,3000,3571
="716297",5000,9000,-4000,-4690
="716298",7000,7000,0,210
="716299",142000,251000,-109000,-228198
="716325",0,35000,-35000,-49699
="716327",0,403000,-403000,-683130
="716335",20000,0,20000,19299
="716357",0,20000,-20000,-10679
="716358",0,150000,-150000,-134999
="716364",0,10000,-10000,-12799
="716369",0,12000,-12000,-17519
="716370",62000,272000,-210000,-276259
="716433",30000,0,30000,32100
="716499",30000,0,30000,14399
="716508",20000,0,20000,12200
="716509",53000,40000,13000,16459
="716593",0,35000,-35000,-35948
="716595",122000,150000,-28000,-44622
="716596",36000,17000,19000,31497
="716677",30000,60000,-30000,-15596
="716816",90000,0,90000,69548
="716837",0,3000,-3000,-3029
="716855",0,190000,-190000,-530798
="716856",0,2000,-2000,-6440
="716879",62000,0,62000,129579
="716905",10000,10000,0,-150
="716907",95000,2000,93000,119659
="716908",5000,352000,-347000,-398459
="716953",165000,0,165000,130350
="716954",232000,16000,216000,320798
="716955",10000,20000,-10000,-7851
="716956",60000,64000,-4000,-4380
="716958",158000,46000,112000,98839
="716975",0,70000,-70000,-184100
="716997",30000,37000,-7000,-4390
="716998",412000,110000,302000,183629
="717000",56000,0,56000,33039
="717001",0,10000,-10000,-5600
="717043",0,44000,-44000,-132879
="717086",0,10000,-10000,-7559
="717087",0,15000,-15000,-14049
="717102",0,20000,-20000,-17000
="717103",160000,142000,18000,17679
="717159",30000,60000,-30000,-110201
="717192",10000,22000,-12000,-171998
="717197",0,350000,-350000,-1749500
="717203",13000,0,13000,29896
="717204",74000,1000,73000,147448
="717206",0,40000,-40000,-16799
="717210",5000,12000,-7000,-13810
="717305",24000,0,24000,36679
="717307",120000,0,120000,49599
="717310",0,10000,-10000,-6100
="717311",15000,0,15000,14667
="717333",0,171000,-171000,-597106
="717339",20000,0,20000,33399
="717352",30000,37000,-7000,-2208
="717353",213000,108000,105000,188100
="717354",85000,160000,-75000,-53350
="717355",100000,160000,-60000,-40000
="717356",5000,148000,-143000,-62440
="717358",1000,0,1000,740
="717359",45000,58000,-13000,-6179
="717360",25000,10000,15000,9101
="717361",20000,0,20000,9399
="717363",0,85000,-85000,-80459
="717364",14000,0,14000,17508
="717420",0,11000,-11000,-28489
="717460",40000,0,40000,20000
="717461",15000,10000,5000,7050
="717462",0,200000,-200000,-100000
="717464",278000,13000,265000,193279
="717465",19000,88000,-69000,-46920
="717468",302000,581000,-279000,-181540
="717469",50000,0,50000,51246
="717475",0,258000,-258000,-549218
="717494",5000,0,5000,10800
="717500",0,50000,-50000,-142499
="717509",0,6000,-6000,-11059
="717514",72000,26000,46000,49300
="717516",12000,0,12000,6959
="717518",506000,160000,346000,416400
="717520",100000,171000,-71000,-46629
="717523",193000,127000,66000,73440
="717524",0,72000,-72000,-56688
="717525",1260000,1214000,46000,51392
="717528",110000,25000,85000,377599
="717529",110000,25000,85000,379000
="717566",0,10000,-10000,-5099
="717568",59000,0,59000,28359
="717569",214000,226000,-12000,-13940
="717570",309000,209000,100000,70693
="717601",19000,32000,-13000,-5791
="717602",10000,10000,0,0
="717605",15000,0,15000,7799
="717606",40000,72000,-32000,-16791
="717607",100000,131000,-31000,-16500
="717609",3000,29000,-26000,-17591
="717636",431000,10000,421000,304207
="717639",153000,150000,3000,7310
="717640",0,16000,-16000,-14029
="717641",90000,90000,0,-7277
="717649",15000,0,15000,15449
="717683",25000,108000,-83000,-70429
="717687",8000,0,8000,4000
="717689",1000,7000,-6000,-5529
="717718",0,25000,-25000,-27000
="717734",250000,0,250000,75000
="717735",40000,98000,-58000,-25699
="717736",0,5000,-5000,-3249
="717737",13000,0,13000,9750
="717738",30000,14000,16000,11120
="717739",10000,75000,-65000,-52801
="717740",5000,12000,-7000,-7561
="717741",0,436000,-436000,-240307
="717742",208000,313000,-105000,-73090
="717773",38000,83000,-45000,-42819
="717774",115000,160000,-45000,-41760
="717775",257000,287000,-30000,-28500
="717776",9000,10000,-1000,-1280
="717777",0,7000,-7000,-3709
="717778",0,12000,-12000,-5229
="717779",0,40000,-40000,-26098
="717780",2000,0,2000,1139
="717793",0,240000,-240000,-605196
="717815",640000,214000,426000,316621
="717816",681000,516000,165000,122481
="717817",290000,255000,35000,17051
="717818",326000,310000,16000,3769
="717819",10000,53000,-43000,-17530
="717846",0,85000,-85000,-95200
="717858",30000,9000,21000,15511
="717860",43000,220000,-177000,-117430
="717861",0,46000,-46000,-45080
="717862",51000,30000,21000,9450
="717893",0,100000,-100000,-140498
="717894",0,130000,-130000,-178100
="717918",0,114000,-114000,-68369
="717950",0,3000,-3000,-1980
="717951",0,100000,-100000,-81998
="717957",226000,3000,223000,193288
="717959",142000,120000,22000,7141
="717960",0,10000,-10000,-4900
="717962",10000,1303000,-1293000,-1132858
="717963",10000,17000,-7000,-4599
="718039",84000,127000,-43000,-38429
="718040",186000,0,186000,124620
="718041",713000,1062000,-349000,-465641
="718042",10000,50000,-40000,-65599
="718044",3000,0,3000,1589
="718045",0,50000,-50000,-26499
="718046",0,186000,-186000,-131859
="718047",150000,316000,-166000,-75210
="718048",0,52000,-52000,-21288
="718094",11000,117000,-106000,-82798
="718096",13000,0,13000,9819
="718099",29000,36000,-7000,-4708
="718101",151000,54000,97000,70870
="718102",200000,45000,155000,128262
="718103",0,140000,-140000,-99399
="718104",0,118000,-118000,-56768
="718180",0,156000,-156000,-120418
="718218",0,6000,-6000,-4139
="718219",1000,0,1000,439
="718225",10000,20000,-10000,-8700
="718263",5000,0,5000,2949
="718264",0,10000,-10000,-3199
="718266",30000,0,30000,20999
="718310",50000,200000,-150000,-126000
="718359",0,1000,-1000,-550
="718363",10000,131000,-121000,-126549
="73604P",40000,0,40000,54000
="73654P",0,10000,-10000,-7099
="73655P",303000,2000,301000,211179
="73675P",0,90000,-90000,-113399
="73689P",0,20000,-20000,-23399
="73691P",17000,2000,15000,15869
="73692P",80000,0,80000,179160
="73693P",30000,0,30000,99299
="73717P",75000,32000,43000,54609
="73731P",0,95000,-95000,-170999
="73740P",26000,0,26000,31200
="73748P",0,5000,-5000,-9549
="73754P",235000,2000,233000,217900
="73755P",273000,3000,270000,343899
="73758P",0,51000,-51000,-103019
="73764P",134000,6000,128000,108828
="73774P",57000,40000,17000,16142
="73776P",0,100000,-100000,-135000
="73789P",0,100000,-100000,-102998
="73794P",0,40000,-40000,-16998
="73796P",0,44000,-44000,-8800
="73799P",268000,320000,-52000,-19150
="73803P",0,5000,-5000,-3400
="73805P",915000,137000,778000,376430
="73806P",0,1680000,-1680000,-1011050
="73809P",56000,0,56000,71976
="73822P",0,50000,-50000,-85000
="73826P",17000,1000,16000,17621
="73828P",50000,20000,30000,70700
="73833P",0,5000,-5000,-5899
="73837P",0,40000,-40000,-61599
="73838P",166000,44000,122000,118491
="73839P",27000,88000,-61000,-72892
="7556",2000,3002,-1002,-137280
="8011",4000,3000,1000,20998
="8016",53000,0,53000,8687000
="8024",24000,420000,-396000,-9536249
="8028",0,300000,-300000,-14782543
="8033",40000,143000,-103000,-1639350
="8038",1000,0,1000,33000
="8039",4000,0,4000,208000
="8040",0,1,-1,-22
="8044",0,10000,-10000,-829599
="8046",231000,216000,15000,3487000
="8048",0,5000,-5000,-145349
="8054",2000,5000,-3000,-73850
="8069",146000,525000,-379000,-18418449
="8070",10000,105000,-95000,-2942649
="8081",1000,0,1000,179500
="8086",32000,212000,-180000,-28504000
="8089",0,2000,-2000,-78848
="8092",1000,0,1000,8949
="8096",15000,0,15000,183549
="8101",1000,0,1000,3250
="8103",0,2000,-2000,-65599
="8104",1000,0,1000,47000
="8105",22000,0,22000,276000
="8110",1000,0,1000,13000
="8112",0,10000,-10000,-358098
="8121",1000,2000,-1000,-16299
="8131",2000,0,2000,73500
="8150",1000,6000,-5000,-170100
="8176",2100,1950,150,1133
="8183",118000,99000,19000,473051
="8210",1000,0,1000,78699
="8213",3000,1000,2000,90250
="8215",1076000,155000,921000,28903096
="8222",1000,0,1000,12300
="8234",1000,0,1000,24799
="8299",6000,16000,-10000,-3882000
="8358",40364,79000,-38636,-2121689
="8390",1000,0,1000,29100
="8403",1000,351,649,20068
="8406",0,1000,-1000,-137500
="8410",1000,0,1000,43400
="8422",10,0,10,1590
="8424",5000,0,5000,254900
="8433",1000,0,1000,40299
="8436",4000,4000,0,1500
="8454",1000,0,1000,815000
="8472",0,1000,-1000,-66500
="8924",11000,25000,-14000,-914100
="8936",1000,3000,-2000,-44901
="9103",0,1000,-1000,-28250
="9105",0,35000,-35000,-122500
="9110",1000,0,1000,2250
="911868",2000,0,2000,2460
="912398",1000,1000,0,-64
="9904",10000,0,10000,287500
="9908",0,151,-151,-4942
="9910",2000,2000,0,-500
="9914",59066,46301,12765,3847810
="9917",10000,0,10000,866999
="9918",0,573,-573,-20570
="9921",14000,6099,7901,2366993
="9935",2000,0,2000,52200
="9937",0,160,-160,-8055
="9938",796000,15000,781000,63896094
="9939",0,2000,-2000,-118000
="9942",5000,14000,-9000,-675903
="9945",0,36000,-36000,-1419400
="9946",6,0,6,90
="9949",1000,0,1000,11649
="9958",42000,20000,22000,2309500
