="0050",85916,36038,49878
="0053",1000,0,1000
="0056",12000,33000,-21000
="006207",0,1000,-1000
="006208",242693,243000,-307
="00631L",1000,0,1000
="00632R",532000,1020000,-488000
="00633L",0,200000,-200000
="00635U",22000,0,22000
="00636",10250,0,10250
="00637L",37000,38000,-1000
="00638R",61000,0,61000
="00642U",137000,18000,119000
="00655L",0,12000,-12000
="00669R",0,6000,-6000
="00670L",1000,0,1000
="00671R",0,30000,-30000
="00677U",28000,25000,3000
="00679B",1000,23000,-22000
="00680L",1000,0,1000
="00683L",0,37000,-37000
="00687B",50000,50000,0
="00688L",50000,50000,0
="00689R",50000,50000,0
="00692",3198,3100,98
="00694B",50000,50000,0
="00695B",50000,51000,-1000
="00696B",100000,102000,-2000
="00697B",50000,50000,0
="00701",1000,0,1000
="00708L",20000,0,20000
="00715L",198000,0,198000
="00717",19000,0,19000
="00719B",50000,50000,0
="00720B",50000,59000,-9000
="00721B",50000,50000,0
="00722B",60000,62000,-2000
="00723B",54000,52000,2000
="00724B",65000,53000,12000
="00728",65000,1000,64000
="00735",1000,0,1000
="00740B",25000,28000,-3000
="00741B",25000,25000,0
="00745B",25000,25000,0
="00746B",0,3000,-3000
="00751B",119000,54000,65000
="00754B",50000,51000,-1000
="00755B",51000,56000,-5000
="00756B",50000,50000,0
="00762",50000,0,50000
="00764B",55000,50000,5000
="00765B",50000,50000,0
="00772B",71000,88000,-17000
="00773B",71000,70000,1000
="00784B",25000,25000,0
="00785B",25000,25000,0
="00795B",70000,113000,-43000
="00796B",70000,70000,0
="00845B",2000,0,2000
="00847B",70000,70000,0
="00848B",70000,70000,0
="00849B",70000,70000,0
="00861",0,323000,-323000
="00862B",70000,71000,-1000
="00863B",70000,70000,0
="00864B",70000,70000,0
="00868B",50000,50000,0
="00869B",50000,50000,0
="00870B",50000,50000,0
="00871B",55000,50000,5000
="00876",100,3000,-2900
="00878",11000,39000,-28000
="00881",774980,6270000,-5495020
="020011",8000,8000,0
="020015",1000,0,1000
="020016",0,2000,-2000
="020018",85000,1000,84000
="020019",322000,511000,-189000
="020021",560000,1480000,-920000
="03276P",0,1000,-1000
="03622P",0,2843000,-2843000
="03954P",0,50000,-50000
="04120P",0,1996000,-1996000
="04126P",30000,0,30000
="04372P",0,450000,-450000
="04513P",0,1112000,-1112000
="04686P",10000,50000,-40000
="04729P",302000,81000,221000
="04732P",0,100000,-100000
="04826P",138000,0,138000
="04827P",28000,0,28000
="04828P",0,60000,-60000
="04860P",0,10000,-10000
="04937P",0,60000,-60000
="04985P",0,10000,-10000
="04995P",0,396000,-396000
="04997P",0,27000,-27000
="05006P",403000,495000,-92000
="05067P",150000,0,150000
="05070P",30000,60000,-30000
="05104P",8000,0,8000
="05128P",55000,75000,-20000
="05143P",100000,0,100000
="05144P",0,15000,-15000
="05161P",0,44000,-44000
="05162P",22000,0,22000
="05237P",4000,0,4000
="05297P",0,624000,-624000
="05298P",20000,0,20000
="05299P",5000,5000,0
="05300P",0,11000,-11000
="05342P",30000,25000,5000
="05422P",12000,60000,-48000
="05447P",0,5000,-5000
="05469P",3000,0,3000
="05481P",0,78000,-78000
="05482P",0,30000,-30000
="05500P",20000,0,20000
="05570P",30000,0,30000
="05585P",550000,0,550000
="05594P",582000,59000,523000
="05595P",71000,2529000,-2458000
="05641P",0,10000,-10000
="05654P",100000,0,100000
="05697P",454000,0,454000
="05698P",112000,21000,91000
="05699P",0,4000,-4000
="05703P",0,100000,-100000
="05707P",44000,4000,40000
="05741P",6000,0,6000
="05746P",1000,0,1000
="05749P",1000,69000,-68000
="05750P",50000,0,50000
="05776P",200000,605000,-405000
="05777P",240000,1225000,-985000
="05786P",115000,65000,50000
="05829P",0,1000,-1000
="05844P",0,30000,-30000
="05858P",15000,173000,-158000
="05859P",100000,0,100000
="05888P",200000,0,200000
="05906P",25000,95000,-70000
="05907P",60000,157000,-97000
="05908P",56000,504000,-448000
="05972P",0,46000,-46000
="05973P",23000,53000,-30000
="060347",100000,0,100000
="062806",5000,0,5000
="063057",449000,255000,194000
="063145",0,10000,-10000
="063437",0,10000,-10000
="063439",87000,30000,57000
="063444",30000,20000,10000
="063450",2000,0,2000
="063491",0,4000,-4000
="063536",915000,0,915000
="063667",0,30000,-30000
="063788",15000,0,15000
="064047",46000,59000,-13000
="064057",0,40000,-40000
="064152",1000,0,1000
="064162",0,20000,-20000
="064241",0,50000,-50000
="064446",85000,0,85000
="064448",30000,0,30000
="064453",1000,0,1000
="064462",19000,60000,-41000
="064710",0,2000,-2000
="064711",0,10000,-10000
="064713",0,30000,-30000
="064719",6000,0,6000
="064724",0,100000,-100000
="064725",25000,0,25000
="064727",4000,0,4000
="064821",3000,0,3000
="064835",0,5000,-5000
="064843",1000,0,1000
="064911",3000,0,3000
="064915",3000,0,3000
="064916",1000,0,1000
="064921",14000,0,14000
="064925",10000,22000,-12000
="064927",0,60000,-60000
="065187",1000,0,1000
="065297",0,2000,-2000
="065346",0,50000,-50000
="065451",3000,20000,-17000
="065532",0,1000,-1000
="065679",22000,66000,-44000
="065683",10000,0,10000
="065686",105000,15000,90000
="065889",41000,67000,-26000
="065945",25000,11000,14000
="065946",10000,0,10000
="065950",0,163000,-163000
="065952",1000,0,1000
="066005",12000,0,12000
="066009",2000,0,2000
="066197",765000,0,765000
="066198",14000,10000,4000
="066203",96000,14000,82000
="066204",20000,0,20000
="066213",100000,0,100000
="066214",40000,0,40000
="066217",20000,0,20000
="066456",13000,5000,8000
="066460",228000,949000,-721000
="066471",140000,40000,100000
="066523",0,100000,-100000
="066524",80000,80000,0
="066525",14000,0,14000
="066526",324000,490000,-166000
="066527",30000,0,30000
="066529",25000,0,25000
="067143",0,18000,-18000
="067145",3000,0,3000
="067147",0,1000,-1000
="067149",10000,10000,0
="067150",2000,0,2000
="067152",0,108000,-108000
="067154",40000,0,40000
="067157",69000,0,69000
="067275",12000,0,12000
="067276",70000,178000,-108000
="067278",0,4000,-4000
="067368",10000,0,10000
="067370",4000,0,4000
="067372",1000,3000,-2000
="067378",33000,10000,23000
="067383",65000,52000,13000
="067386",11000,0,11000
="067503",5000,0,5000
="067510",60000,30000,30000
="067514",60000,0,60000
="067515",205000,0,205000
="067516",53000,80000,-27000
="067767",10000,23000,-13000
="067768",25000,0,25000
="067770",18000,41000,-23000
="067774",10000,90000,-80000
="067831",1000,10000,-9000
="067832",4000,0,4000
="067835",1319000,0,1319000
="067836",50000,0,50000
="068046",0,4000,-4000
="068048",0,100000,-100000
="068056",69000,0,69000
="068057",2000,0,2000
="068128",35000,0,35000
="068129",2000,232000,-230000
="068131",0,2000,-2000
="068217",11000,0,11000
="068219",2000,12000,-10000
="068220",149000,266000,-117000
="068221",143000,844000,-701000
="068223",2000,205000,-203000
="068224",10000,25000,-15000
="068383",20000,0,20000
="068384",10000,0,10000
="068385",5000,0,5000
="068390",254000,0,254000
="068391",0,300000,-300000
="068392",5000,0,5000
="068396",16000,0,16000
="068397",0,126000,-126000
="068510",1000,1000,0
="068511",114000,24000,90000
="068512",108000,31000,77000
="068514",60000,60000,0
="068515",10000,0,10000
="068516",60000,612000,-552000
="068519",1000,0,1000
="068521",34000,210000,-176000
="068593",0,10000,-10000
="068595",13000,17000,-4000
="068667",1000,0,1000
="068669",0,18000,-18000
="068670",834000,2438000,-1604000
="068672",30000,93000,-63000
="068673",0,1000,-1000
="068674",20000,0,20000
="068767",29000,23000,6000
="068768",0,21000,-21000
="068769",67000,255000,-188000
="068772",5000,10000,-5000
="068834",0,20000,-20000
="068843",27000,0,27000
="068847",5000,0,5000
="068848",0,30000,-30000
="068851",461000,52000,409000
="068852",75000,40000,35000
="068882",1000,0,1000
="068887",100000,30000,70000
="068939",0,160000,-160000
="069090",18000,0,18000
="069094",0,130000,-130000
="069096",69000,5000,64000
="069097",118000,20000,98000
="069099",195000,80000,115000
="069105",10000,2000,8000
="069106",24000,0,24000
="069190",346000,30000,316000
="069191",0,100000,-100000
="069192",10000,10000,0
="069193",662000,321000,341000
="069396",50000,0,50000
="069397",18000,20000,-2000
="069401",1000,0,1000
="069402",29000,0,29000
="069404",10000,0,10000
="069407",0,5000,-5000
="069409",80000,18000,62000
="069411",10000,0,10000
="069412",30000,10000,20000
="069414",5440000,287000,5153000
="069415",52000,0,52000
="069416",147000,247000,-100000
="069420",30000,0,30000
="069446",20000,6000,14000
="069448",51000,0,51000
="069449",55000,1639000,-1584000
="069450",5000,2000,3000
="069453",8000,0,8000
="069612",126000,145000,-19000
="069614",25000,0,25000
="069616",55000,0,55000
="069618",191000,7000,184000
="069619",300000,0,300000
="069622",5000,0,5000
="069691",908000,1501000,-593000
="069693",90000,10000,80000
="069711",30000,0,30000
="069824",32000,38000,-6000
="069930",140000,118000,22000
="069933",80000,10000,70000
="070133",149000,103000,46000
="070134",134000,223000,-89000
="070135",10000,0,10000
="070136",343000,178000,165000
="070138",4000,19000,-15000
="070139",20000,110000,-90000
="070141",135000,340000,-205000
="070146",1000,0,1000
="070147",325000,62000,263000
="070148",72000,15000,57000
="070245",0,219000,-219000
="070250",30000,111000,-81000
="070252",225000,92000,133000
="070255",236000,196000,40000
="070258",0,3000,-3000
="070376",5000,97000,-92000
="070426",60000,545000,-485000
="070428",3000,21000,-18000
="070430",0,168000,-168000
="070444",225000,1555000,-1330000
="070445",275000,282000,-7000
="070530",2000,0,2000
="070531",140000,0,140000
="070534",0,10000,-10000
="070538",81000,158000,-77000
="070539",12000,40000,-28000
="070541",0,3000,-3000
="070606",0,307000,-307000
="070608",5000,7000,-2000
="070609",6000,0,6000
="070751",8000,0,8000
="070857",0,20000,-20000
="070858",0,2000,-2000
="070859",0,100000,-100000
="070860",0,120000,-120000
="070861",0,120000,-120000
="070862",10000,204000,-194000
="070864",5000,20000,-15000
="070866",4000,51000,-47000
="070867",0,5000,-5000
="070913",0,35000,-35000
="071125",5000,10000,-5000
="071127",20000,22000,-2000
="071129",0,10000,-10000
="071131",20000,7000,13000
="071209",20000,0,20000
="071220",10000,390000,-380000
="071221",30000,0,30000
="071226",20000,0,20000
="071227",81000,0,81000
="071319",54000,1000,53000
="071321",10000,60000,-50000
="071322",0,20000,-20000
="071323",0,10000,-10000
="071327",0,1000,-1000
="071329",0,5000,-5000
="071334",20000,0,20000
="071335",10000,0,10000
="071446",20000,2000,18000
="071447",0,90000,-90000
="071448",10000,0,10000
="071568",112000,228000,-116000
="071569",0,1000,-1000
="071572",25000,0,25000
="071704",10000,1000,9000
="071708",2000,89000,-87000
="071709",0,221000,-221000
="071710",172000,130000,42000
="071845",0,386000,-386000
="071846",10000,0,10000
="071890",30000,20000,10000
="071987",0,2000,-2000
="072046",7000,32000,-25000
="072047",35000,6000,29000
="072051",5000,0,5000
="072112",0,2000,-2000
="072122",13000,12000,1000
="072123",0,200000,-200000
="072303",9000,0,9000
="072305",31000,0,31000
="072308",50000,0,50000
="072310",216000,0,216000
="072404",63000,108000,-45000
="072409",4000,146000,-142000
="072410",234000,33000,201000
="072411",0,48000,-48000
="072412",20000,10000,10000
="072415",0,10000,-10000
="072462",2000,20000,-18000
="072482",125000,25000,100000
="072556",12000,1000,11000
="072557",185000,237000,-52000
="072559",41000,353000,-312000
="072561",0,50000,-50000
="072562",325000,10000,315000
="072566",0,10000,-10000
="072568",0,1000,-1000
="072625",12000,10000,2000
="072628",2000,0,2000
="072634",14000,0,14000
="072638",108000,0,108000
="072639",12000,0,12000
="072669",0,5000,-5000
="072711",0,176000,-176000
="072712",0,2000,-2000
="072808",5000,0,5000
="072812",9000,17000,-8000
="072813",15000,0,15000
="072964",0,291000,-291000
="072965",20000,66000,-46000
="072966",66000,16000,50000
="072968",1000,37000,-36000
="072972",121000,11000,110000
="072973",46000,90000,-44000
="073027",185000,582000,-397000
="073029",0,5000,-5000
="073031",732000,567000,165000
="073035",20000,34000,-14000
="073036",0,10000,-10000
="073037",125000,156000,-31000
="073038",55000,125000,-70000
="073039",999000,51000,948000
="073040",30000,0,30000
="073094",0,2000,-2000
="073095",0,16000,-16000
="073096",0,116000,-116000
="073097",0,194000,-194000
="073099",0,1000,-1000
="073100",0,69000,-69000
="073102",14000,210000,-196000
="073103",0,418000,-418000
="073104",30000,60000,-30000
="073105",980000,397000,583000
="073106",304000,100000,204000
="073377",457000,263000,194000
="073378",0,97000,-97000
="073379",0,191000,-191000
="073383",14000,172000,-158000
="073384",10000,0,10000
="073388",163000,101000,62000
="073487",0,3000,-3000
="073489",5000,0,5000
="073490",10000,414000,-404000
="073493",50000,148000,-98000
="073496",0,3000,-3000
="073497",0,10000,-10000
="073500",20000,34000,-14000
="073502",57000,80000,-23000
="073503",10000,5000,5000
="073504",206000,2000,204000
="073580",1000,0,1000
="073616",30000,20000,10000
="073712",21000,0,21000
="073737",26000,0,26000
="073739",0,3000,-3000
="073740",30000,7000,23000
="073741",51000,3000,48000
="073744",3000,0,3000
="073745",11000,10000,1000
="073746",0,5000,-5000
="073747",105000,136000,-31000
="073748",13000,10000,3000
="073808",9000,58000,-49000
="073809",175000,3000,172000
="073810",10000,0,10000
="073811",141000,35000,106000
="073813",26000,105000,-79000
="073859",0,20000,-20000
="073920",10000,0,10000
="073981",0,20000,-20000
="073982",130000,309000,-179000
="073984",145000,19000,126000
="073985",0,50000,-50000
="074020",0,5000,-5000
="074060",0,150000,-150000
="074062",17000,0,17000
="074065",0,3000,-3000
="074066",0,117000,-117000
="074067",14000,148000,-134000
="074068",35000,303000,-268000
="074069",6000,94000,-88000
="074107",50000,50000,0
="074167",27000,22000,5000
="074168",96000,0,96000
="074170",12000,259000,-247000
="074255",101000,0,101000
="074257",292000,0,292000
="074258",410000,5000,405000
="074343",0,12000,-12000
="074344",0,10000,-10000
="074345",200000,0,200000
="074347",144000,18000,126000
="074349",22000,70000,-48000
="074350",0,80000,-80000
="074352",434000,99000,335000
="074354",109000,156000,-47000
="074355",0,50000,-50000
="074414",10000,0,10000
="074444",39000,3000,36000
="074446",0,107000,-107000
="074447",9000,40000,-31000
="074448",10000,60000,-50000
="074449",30000,0,30000
="074450",18000,118000,-100000
="074451",0,1000,-1000
="074452",0,120000,-120000
="074453",409000,529000,-120000
="074454",3000,81000,-78000
="074456",0,30000,-30000
="074495",19000,0,19000
="074497",0,15000,-15000
="074498",1000,0,1000
="074684",40000,20000,20000
="074686",2000,40000,-38000
="074687",28000,10000,18000
="074783",6000,0,6000
="074786",28000,14000,14000
="074787",147000,75000,72000
="074788",32000,0,32000
="074789",22000,5000,17000
="074790",109000,20000,89000
="074791",2000,171000,-169000
="074792",0,3000,-3000
="074794",5000,7000,-2000
="074796",0,50000,-50000
="074801",1000,0,1000
="074802",56000,29000,27000
="074803",20000,26000,-6000
="074804",10000,250000,-240000
="074806",10000,10000,0
="074807",3000,24000,-21000
="074810",39000,30000,9000
="074814",8000,60000,-52000
="074817",20000,0,20000
="074819",18000,7000,11000
="074896",109000,0,109000
="074897",81000,200000,-119000
="074899",0,12000,-12000
="074900",5000,14000,-9000
="074901",121000,41000,80000
="074902",167000,6000,161000
="074903",186000,314000,-128000
="074906",132000,10000,122000
="074907",3000,1000,2000
="074908",14000,8000,6000
="075049",0,328000,-328000
="075051",10000,426000,-416000
="075052",10000,20000,-10000
="075054",130000,78000,52000
="075066",0,3000,-3000
="075167",88000,92000,-4000
="075168",146000,60000,86000
="075170",0,28000,-28000
="075171",7000,155000,-148000
="075172",10000,20000,-10000
="075173",0,35000,-35000
="075174",0,91000,-91000
="075240",35000,0,35000
="075243",24000,20000,4000
="075245",41000,0,41000
="075320",20000,0,20000
="075396",21000,214000,-193000
="075399",0,304000,-304000
="075400",2000,0,2000
="075401",60000,119000,-59000
="075402",0,10000,-10000
="075404",0,32000,-32000
="075407",5000,0,5000
="075409",2000,0,2000
="075411",0,50000,-50000
="075517",14000,6000,8000
="075534",5000,0,5000
="075641",0,300000,-300000
="075642",25000,63000,-38000
="075694",30000,0,30000
="075696",10000,0,10000
="075697",22000,64000,-42000
="075700",10000,0,10000
="075701",15000,20000,-5000
="075826",70000,0,70000
="075827",0,45000,-45000
="075829",0,191000,-191000
="075830",40000,66000,-26000
="075831",0,5000,-5000
="075964",10000,0,10000
="075966",52000,100000,-48000
="075968",20000,25000,-5000
="075969",177000,80000,97000
="075970",618000,595000,23000
="075971",123000,93000,30000
="075972",34000,6000,28000
="076055",122000,0,122000
="076059",52000,20000,32000
="076060",20000,30000,-10000
="076061",22000,22000,0
="076062",294000,12000,282000
="076064",78000,555000,-477000
="076107",30000,0,30000
="076181",1000,0,1000
="076182",63000,5000,58000
="076184",0,13000,-13000
="076185",26000,0,26000
="076289",260000,426000,-166000
="076290",43000,73000,-30000
="076292",146000,390000,-244000
="076405",102000,0,102000
="076406",10000,0,10000
="076409",4000,0,4000
="076410",0,6000,-6000
="076411",35000,43000,-8000
="076412",18000,72000,-54000
="076413",0,106000,-106000
="076414",0,421000,-421000
="076415",34000,0,34000
="076416",771000,192000,579000
="076417",0,10000,-10000
="076418",0,405000,-405000
="076419",0,32000,-32000
="076420",20000,21000,-1000
="076421",34000,95000,-61000
="076550",0,1000,-1000
="076551",189000,105000,84000
="076652",167000,183000,-16000
="076653",52000,11000,41000
="076654",127000,227000,-100000
="076655",25000,38000,-13000
="076675",2000,0,2000
="076682",0,25000,-25000
="076914",0,22000,-22000
="076915",10000,0,10000
="076916",109000,21000,88000
="076917",7000,90000,-83000
="076921",20000,0,20000
="076922",291000,0,291000
="077065",71000,7000,64000
="077066",0,754000,-754000
="077068",43000,5000,38000
="077069",803000,453000,350000
="077103",319000,93000,226000
="077104",10000,0,10000
="077105",62000,33000,29000
="077107",0,186000,-186000
="077108",365000,207000,158000
="077109",99000,236000,-137000
="077110",112000,0,112000
="077275",76000,0,76000
="077276",2000,657000,-655000
="077277",6000,41000,-35000
="077278",12000,23000,-11000
="077279",0,138000,-138000
="077280",85000,0,85000
="077281",39000,734000,-695000
="077332",24000,0,24000
="077412",10000,0,10000
="077457",4000,0,4000
="077585",343000,6000,337000
="077586",24000,19000,5000
="077587",187000,50000,137000
="077588",10000,0,10000
="077591",51000,127000,-76000
="077592",0,21000,-21000
="077593",0,26000,-26000
="077594",0,13000,-13000
="077595",8000,239000,-231000
="077596",10000,0,10000
="077646",372000,194000,178000
="077647",160000,0,160000
="077648",58000,5000,53000
="077649",65000,47000,18000
="077651",66000,428000,-362000
="077652",50000,191000,-141000
="077653",61000,50000,11000
="077654",171000,41000,130000
="077655",32000,276000,-244000
="077656",70000,35000,35000
="077657",0,94000,-94000
="077658",133000,58000,75000
="077659",41000,0,41000
="077690",1000,0,1000
="077810",5000,0,5000
="077811",0,71000,-71000
="077812",153000,11000,142000
="077941",0,11000,-11000
="077942",159000,626000,-467000
="077944",400000,691000,-291000
="077945",34000,96000,-62000
="077946",88000,100000,-12000
="078019",5000,0,5000
="078038",0,10000,-10000
="078039",20000,0,20000
="078064",10000,0,10000
="078087",250000,87000,163000
="078088",0,102000,-102000
="078089",544000,0,544000
="078090",7000,52000,-45000
="078092",95000,60000,35000
="078093",10000,159000,-149000
="078096",0,34000,-34000
="078097",66000,370000,-304000
="078098",99000,0,99000
="078099",75000,0,75000
="078278",0,30000,-30000
="078461",945000,0,945000
="078462",372000,0,372000
="078463",160000,84000,76000
="078464",1000,0,1000
="078465",101000,11000,90000
="078466",144000,150000,-6000
="078468",0,10000,-10000
="078469",100000,50000,50000
="078470",2000,133000,-131000
="078471",0,10000,-10000
="078472",32000,0,32000
="078473",74000,10000,64000
="078474",212000,19000,193000
="078476",36000,37000,-1000
="078477",89000,67000,22000
="078496",0,20000,-20000
="078718",450000,160000,290000
="078719",5000,0,5000
="078720",30000,136000,-106000
="078721",78000,12000,66000
="078723",0,24000,-24000
="078724",103000,35000,68000
="078725",0,24000,-24000
="078726",18000,0,18000
="078750",15000,0,15000
="078846",25000,0,25000
="078848",3182000,2363000,819000
="078849",48000,22000,26000
="078850",31000,5000,26000
="078853",204000,520000,-316000
="078854",382000,570000,-188000
="078855",35000,3000,32000
="078856",193000,95000,98000
="078857",0,10000,-10000
="078943",0,18000,-18000
="078944",36000,5000,31000
="078945",47000,302000,-255000
="078946",28000,105000,-77000
="078947",0,123000,-123000
="078949",401000,731000,-330000
="079065",30000,0,30000
="079090",0,2000,-2000
="079091",2000,0,2000
="079096",10000,0,10000
="079217",43000,0,43000
="079285",61000,0,61000
="079286",460000,153000,307000
="079287",7000,0,7000
="079288",85000,186000,-101000
="079289",452000,1000,451000
="079290",60000,112000,-52000
="079291",50000,35000,15000
="079353",20000,0,20000
="079425",98000,143000,-45000
="079426",23000,116000,-93000
="079427",92000,145000,-53000
="079428",13000,0,13000
="079429",135000,699000,-564000
="079430",142000,65000,77000
="079432",2000,0,2000
="079433",1000,0,1000
="079434",25000,0,25000
="079435",119000,90000,29000
="079564",5000,0,5000
="079582",89000,0,89000
="079583",171000,0,171000
="079584",101000,0,101000
="079585",0,2000,-2000
="079586",0,80000,-80000
="079626",10000,0,10000
="079727",251000,10000,241000
="079728",75000,20000,55000
="079729",484000,174000,310000
="079730",1000,8000,-7000
="079731",0,157000,-157000
="079732",60000,19000,41000
="079733",0,80000,-80000
="079734",50000,111000,-61000
="079735",41000,3000,38000
="079736",277000,1453000,-1176000
="079737",75000,41000,34000
="079739",0,10000,-10000
="079740",315000,472000,-157000
="079741",38000,381000,-343000
="079742",143000,216000,-73000
="079743",15000,20000,-5000
="079744",60000,0,60000
="079745",508000,246000,262000
="079830",0,42000,-42000
="079868",20000,471000,-451000
="079870",0,21000,-21000
="079871",0,49000,-49000
="079872",80000,71000,9000
="079873",176000,0,176000
="079878",87000,0,87000
="079979",28000,10000,18000
="079980",62000,10000,52000
="079981",128000,311000,-183000
="079982",43000,72000,-29000
="079983",10000,70000,-60000
="079984",26000,77000,-51000
="079985",14000,342000,-328000
="080030",100000,0,100000
="080033",10000,0,10000
="080161",0,188000,-188000
="080162",0,327000,-327000
="080163",195000,5000,190000
="080165",187000,0,187000
="080166",68000,143000,-75000
="080167",0,116000,-116000
="080168",0,199000,-199000
="080169",0,40000,-40000
="080170",2000,0,2000
="080171",59000,217000,-158000
="080172",26000,0,26000
="080174",22000,0,22000
="080175",3000,33000,-30000
="080176",10000,16000,-6000
="080177",3000,0,3000
="080178",0,2544000,-2544000
="080180",38000,43000,-5000
="080181",0,3000,-3000
="080182",73000,50000,23000
="080183",10000,210000,-200000
="080184",10000,15000,-5000
="080185",0,148000,-148000
="080186",1184000,567000,617000
="080205",1010000,162000,848000
="080293",2000,0,2000
="080342",0,50000,-50000
="080343",136000,239000,-103000
="080344",134000,162000,-28000
="080345",185000,280000,-95000
="080346",40000,0,40000
="080347",133000,274000,-141000
="080348",550000,415000,135000
="080349",18000,15000,3000
="080351",0,299000,-299000
="080352",54000,20000,34000
="080389",2000,0,2000
="080540",2000,41000,-39000
="080541",20000,254000,-234000
="080543",0,16000,-16000
="080544",230000,0,230000
="080545",250000,368000,-118000
="080546",27000,328000,-301000
="080547",20000,283000,-263000
="080593",2000,0,2000
="080594",241000,30000,211000
="080595",0,85000,-85000
="080596",250000,207000,43000
="080597",0,124000,-124000
="080598",9000,200000,-191000
="080599",0,150000,-150000
="080600",0,27000,-27000
="080601",166000,103000,63000
="080602",10000,5000,5000
="080603",141000,47000,94000
="080604",1000,0,1000
="080696",3000,374000,-371000
="080844",409000,0,409000
="080857",5000,123000,-118000
="080859",13000,232000,-219000
="080860",9000,248000,-239000
="080861",332000,32000,300000
="080862",10000,0,10000
="080864",66000,154000,-88000
="080865",5000,64000,-59000
="080866",11000,0,11000
="080867",138000,52000,86000
="080869",42000,6000,36000
="080870",30000,155000,-125000
="080879",898000,0,898000
="081014",5000,5000,0
="081020",537000,339000,198000
="081021",184000,0,184000
="081022",68000,45000,23000
="081024",67000,19000,48000
="081026",4000,0,4000
="081130",5000,0,5000
="081213",141000,0,141000
="081214",42000,202000,-160000
="081216",29000,5000,24000
="081217",34000,40000,-6000
="081218",1433000,230000,1203000
="081219",0,130000,-130000
="081220",35000,1000,34000
="081221",114000,260000,-146000
="081222",490000,964000,-474000
="081223",11000,166000,-155000
="081224",1375000,2840000,-1465000
="081225",1036000,413000,623000
="081226",112000,406000,-294000
="081231",115000,0,115000
="081232",0,30000,-30000
="081233",0,20000,-20000
="081234",166000,72000,94000
="081235",56000,0,56000
="081270",0,17000,-17000
="081271",0,9000,-9000
="081272",17000,92000,-75000
="081273",5000,0,5000
="081276",59000,2000,57000
="081278",139000,190000,-51000
="081279",100000,100000,0
="081280",46000,22000,24000
="081281",0,66000,-66000
="081282",4000,0,4000
="081283",15000,200000,-185000
="081284",20000,0,20000
="081285",50000,130000,-80000
="081286",81000,280000,-199000
="081287",245000,820000,-575000
="081288",19000,202000,-183000
="081289",251000,350000,-99000
="081368",30000,100000,-70000
="081374",10000,0,10000
="081408",0,2000,-2000
="081428",100000,210000,-110000
="081430",0,10000,-10000
="081432",0,10000,-10000
="081433",0,10000,-10000
="081434",102000,6000,96000
="081435",0,7000,-7000
="081436",343000,1158000,-815000
="081437",0,166000,-166000
="081438",59000,41000,18000
="081439",17000,16000,1000
="081440",26000,167000,-141000
="081442",0,6000,-6000
="081443",101000,189000,-88000
="081444",2000,0,2000
="081446",70000,84000,-14000
="081447",102000,331000,-229000
="081448",4000,252000,-248000
="081449",2000,0,2000
="081450",80000,416000,-336000
="081451",578000,89000,489000
="081452",75000,60000,15000
="081562",10000,0,10000
="081661",60000,0,60000
="081670",20000,0,20000
="081696",55000,143000,-88000
="081707",0,3000,-3000
="081709",1290000,1415000,-125000
="081710",14000,3915000,-3901000
="081711",1433000,3051000,-1618000
="081712",1080000,3575000,-2495000
="081713",16000,0,16000
="081714",4000,2000,2000
="081715",142000,42000,100000
="081716",0,141000,-141000
="081717",425000,472000,-47000
="081718",204000,98000,106000
="081719",184000,498000,-314000
="081720",136000,284000,-148000
="081721",116000,479000,-363000
="081722",6000,134000,-128000
="081723",1432000,1550000,-118000
="081724",35000,668000,-633000
="081725",260000,271000,-11000
="081726",0,98000,-98000
="081727",362000,460000,-98000
="081728",0,20000,-20000
="081814",20000,0,20000
="081816",200000,0,200000
="081865",1000,0,1000
="081868",20000,0,20000
="081930",20000,52000,-32000
="081944",23000,0,23000
="081945",125000,650000,-525000
="081946",63000,1000,62000
="081947",55000,347000,-292000
="081950",104000,339000,-235000
="081951",3000,1000,2000
="081952",90000,261000,-171000
="081954",0,7000,-7000
="081955",2000,115000,-113000
="081957",0,27000,-27000
="081958",4000,17000,-13000
="081959",196000,748000,-552000
="081999",20000,0,20000
="082000",5000,10000,-5000
="082003",30000,0,30000
="082050",0,1000,-1000
="082051",1000,0,1000
="082122",0,110000,-110000
="082123",5000,0,5000
="082124",519000,893000,-374000
="082125",0,50000,-50000
="082126",196000,45000,151000
="082127",87000,99000,-12000
="082128",1982000,2811000,-829000
="082129",33000,72000,-39000
="082130",1093000,15683000,-14590000
="082131",107000,121000,-14000
="082132",337000,294000,43000
="082133",372000,164000,208000
="082134",2000,111000,-109000
="082135",20000,2000,18000
="082136",48000,149000,-101000
="082137",168000,112000,56000
="082138",2000,252000,-250000
="082139",0,90000,-90000
="082140",91000,126000,-35000
="082141",0,12000,-12000
="082142",384000,5000,379000
="082143",7000,303000,-296000
="082144",157000,902000,-745000
="082145",40000,97000,-57000
="082154",335000,0,335000
="082155",25000,0,25000
="082176",1600000,0,1600000
="082205",1300000,0,1300000
="082306",41000,37000,4000
="082307",30000,0,30000
="082314",30000,33000,-3000
="082315",21000,76000,-55000
="082316",207000,0,207000
="082317",86000,0,86000
="082318",27000,409000,-382000
="082319",3084000,2399000,685000
="082320",33000,442000,-409000
="082321",579000,332000,247000
="082322",0,20000,-20000
="082323",0,101000,-101000
="082324",7000,19000,-12000
="082325",50000,12000,38000
="082326",55000,306000,-251000
="082327",26000,0,26000
="082328",10000,5000,5000
="082329",0,37000,-37000
="082330",18000,242000,-224000
="082331",13000,49000,-36000
="082332",0,38000,-38000
="082333",0,99000,-99000
="082334",86000,157000,-71000
="082335",5000,9000,-4000
="082336",400000,159000,241000
="082337",523000,79000,444000
="082338",37000,80000,-43000
="082339",0,152000,-152000
="082340",0,381000,-381000
="082395",211000,0,211000
="082396",5000,0,5000
="082410",20000,0,20000
="082475",126000,207000,-81000
="082476",14000,30000,-16000
="082477",104000,63000,41000
="082478",400000,55000,345000
="082479",20000,25000,-5000
="082481",2902000,2726000,176000
="082482",1444000,2834000,-1390000
="082483",0,302000,-302000
="082485",40000,40000,0
="082486",274000,145000,129000
="082487",372000,2673000,-2301000
="082490",26000,70000,-44000
="082491",0,150000,-150000
="082492",5000,190000,-185000
="082493",500000,1318000,-818000
="082494",238000,769000,-531000
="082495",36000,825000,-789000
="082496",22000,0,22000
="082497",0,30000,-30000
="082499",4000,15000,-11000
="082500",160000,169000,-9000
="082501",13000,82000,-69000
="082502",0,85000,-85000
="082503",162000,127000,35000
="082508",1230000,0,1230000
="082557",164000,0,164000
="082558",332000,1385000,-1053000
="082559",0,65000,-65000
="082560",349000,1080000,-731000
="082561",151000,110000,41000
="082562",106000,169000,-63000
="082563",159000,166000,-7000
="082564",408000,1255000,-847000
="082566",167000,18000,149000
="082568",17000,0,17000
="082573",151000,142000,9000
="082574",156000,408000,-252000
="082575",116000,474000,-358000
="082576",0,308000,-308000
="082577",5000,185000,-180000
="082578",179000,43000,136000
="082640",3000,0,3000
="082667",210000,0,210000
="082749",4000,15000,-11000
="082750",16000,20000,-4000
="082751",2000,1000,1000
="082752",23000,38000,-15000
="082753",38000,55000,-17000
="082754",630000,336000,294000
="082755",279000,512000,-233000
="082756",157000,6000,151000
="082757",304000,122000,182000
="082761",50000,50000,0
="082764",10000,10000,0
="082765",0,59000,-59000
="082767",0,35000,-35000
="082768",114000,437000,-323000
="082770",40000,509000,-469000
="082771",37000,369000,-332000
="082772",0,5000,-5000
="082773",211000,656000,-445000
="082774",354000,511000,-157000
="082775",141000,0,141000
="082776",41000,3000,38000
="082784",194000,0,194000
="082785",548000,88000,460000
="082788",120000,0,120000
="082798",200000,0,200000
="082799",78000,0,78000
="082867",2000,0,2000
="082913",10000,0,10000
="082925",72000,1474000,-1402000
="082926",10000,16000,-6000
="082928",262000,317000,-55000
="082929",40000,1109000,-1069000
="082930",1000,37000,-36000
="082933",107000,335000,-228000
="082934",24000,60000,-36000
="082936",0,210000,-210000
="082937",119000,658000,-539000
="082950",10000,0,10000
="083034",3000,0,3000
="083035",45000,0,45000
="083162",0,30000,-30000
="083197",3000,154000,-151000
="083198",0,30000,-30000
="083199",324000,788000,-464000
="083202",0,19000,-19000
="083203",1000,421000,-420000
="083204",8000,1806000,-1798000
="083206",38000,3119000,-3081000
="083208",108000,235000,-127000
="083209",0,100000,-100000
="083210",0,259000,-259000
="083211",19000,8000,11000
="083212",27000,465000,-438000
="083213",205000,497000,-292000
="083215",51000,702000,-651000
="083216",81000,40000,41000
="083217",27000,12000,15000
="083218",0,60000,-60000
="083219",0,271000,-271000
="083220",50000,0,50000
="083326",0,455000,-455000
="083327",161000,1360000,-1199000
="083328",2000,469000,-467000
="083329",163000,712000,-549000
="083336",95000,1587000,-1492000
="083339",58000,650000,-592000
="083340",0,542000,-542000
="083343",0,119000,-119000
="083344",0,41000,-41000
="083345",0,41000,-41000
="083347",1000,35000,-34000
="083350",3000,57000,-54000
="083433",5000,0,5000
="083460",0,22000,-22000
="083461",0,15000,-15000
="083462",0,917000,-917000
="083463",0,1262000,-1262000
="083464",0,1074000,-1074000
="083465",0,192000,-192000
="083468",0,30000,-30000
="083469",0,2000,-2000
="083471",0,117000,-117000
="083472",0,50000,-50000
="083473",0,22000,-22000
="083475",0,12000,-12000
="083476",0,232000,-232000
="083478",0,10000,-10000
="083479",0,30000,-30000
="083480",0,350000,-350000
="1101",30000,7000,23000
="1102",3100,5000,-1900
="1103",6000,0,6000
="1210",3000,27000,-24000
="1215",5000,0,5000
="1216",311000,716000,-405000
="1217",1002,0,1002
="1218",10002,10000,2
="1227",5000,0,5000
="1229",2000,0,2000
="1231",0,1000,-1000
="1264",50,0,50
="1301",5030,9000,-3970
="1303",7000,0,7000
="1304",124000,33000,91000
="1305",39000,31000,8000
="1308",6000,2000,4000
="1309",57020,66000,-8980
="1310",50,33000,-32950
="1312",151000,12000,139000
="1313",8000,3000,5000
="1314",60000,10000,50000
="1316",25000,0,25000
="1325",62000,17000,45000
="1326",21100,5000,16100
="1340",145,0,145
="1402",10000,30000,-20000
="1409",0,1800000,-1800000
="1432",0,1000,-1000
="1434",17000,1000,16000
="1436",0,1000,-1000
="1441",1000,1000,0
="1446",7000,0,7000
="1447",2000,3000,-1000
="1451",60,0,60
="1454",1000,7000,-6000
="1465",236,0,236
="1466",11050,8000,3050
="1467",0,290,-290
="1473",100,0,100
="1474",0,3000,-3000
="1476",17000,4000,13000
="1477",4400,1000,3400
="1504",6001,0,6001
="1513",40000,44000,-4000
="1515",2000,0,2000
="1517",26000,0,26000
="1519",7000,7000,0
="1522",0,2000,-2000
="1527",1000,2000,-1000
="1533",38000,10000,28000
="1536",3000,19000,-16000
="1537",241,0,241
="1558",1000,100,900
="1560",9000,6000,3000
="1568",1000,7000,-6000
="1584",25000,0,25000
="1586",1000,1000,0
="1587",5000,0,5000
="1589",0,2000,-2000
="1590",2000,7000,-5000
="1592",5000,0,5000
="1593",11000,13000,-2000
="1597",139500,54100,85400
="1598",0,39000,-39000
="1604",1,0,1
="1605",33000,11000,22000
="1608",0,5000,-5000
="1609",117000,928000,-811000
="1611",1,0,1
="1612",18000,68000,-50000
="1614",1000,0,1000
="1626",2000,0,2000
="1701",1,5000,-4999
="1707",0,2103,-2103
="1708",2,0,2
="1710",100,2000,-1900
="1712",2,0,2
="1714",2000,0,2000
="1717",3000,30000,-27000
="1718",12000,41000,-29000
="1720",1000,0,1000
="1722",0,605000,-605000
="1726",1000,0,1000
="1727",100,0,100
="1732",279000,173500,105500
="1733",1000,0,1000
="1752",0,2000,-2000
="1762",0,15000,-15000
="1773",0,1000,-1000
="1785",72100,64000,8100
="1788",1000,0,1000
="1789",2000,0,2000
="1799",0,2000,-2000
="1802",78136,42050,36086
="1815",1000,0,1000
="1903",1000,0,1000
="1904",5003,10000,-4997
="1905",13000,0,13000
="1907",51000,3000,48000
="1909",172000,121000,51000
="2002",36142,10125,26017
="2006",67000,7000,60000
="2008",4000,0,4000
="2009",17000,24000,-7000
="2014",88000,77000,11000
="2017",2000,0,2000
="2020",3000,376,2624
="2022",25,0,25
="2023",22000,26000,-4000
="2027",225500,91000,134500
="2028",204000,0,204000
="2034",1000,0,1000
="2038",324000,5000,319000
="2049",4000,11000,-7000
="2059",1000,0,1000
="2061",63000,0,63000
="2064",0,1000,-1000
="2065",40000,0,40000
="2102",2,0,2
="2103",10000,2000,8000
="2104",10000,3000,7000
="2105",0,10000,-10000
="2106",3000,0,3000
="2108",22000,3000,19000
="2115",1000,0,1000
="2201",188000,82050,105950
="2207",5,0,5
="2208",1200,0,1200
="2227",1000,0,1000
="2231",14020,1000,13020
="2239",1000,2000,-1000
="2301",121000,25000,96000
="2303",4502315,4167229,335086
="2305",5000,7000,-2000
="2308",58537,75998,-17461
="2312",7000,560000,-553000
="2313",341000,45000,296000
="2314",13000,49000,-36000
="2316",281,1000,-719
="2317",2003110,1199205,803905
="2323",0,17000,-17000
="2324",2000,162000,-160000
="2327",56010,57015,-1005
="2328",327050,236000,91050
="2329",13000,12000,1000
="2330",441864,212450,229414
="2331",16150,70000,-53850
="2332",25000,3000,22000
="2337",601101,174352,426749
="2338",16000,43000,-27000
="2340",11000,18000,-7000
="2342",2000,3000,-1000
="2344",776000,621000,155000
="2345",126000,10000,116000
="2347",13000,2000,11000
="2348",2000,0,2000
="2349",20000,0,20000
="2351",19000,172000,-153000
="2352",217000,5000,212000
="2353",11000,7400,3600
="2354",297050,201000,96050
="2355",1000,2000,-1000
="2356",12000,12,11988
="2357",23000,3000,20000
="2359",3000,0,3000
="2360",96050,78000,18050
="2363",3000,2000,1000
="2365",2001,0,2001
="2367",28000,2000,26000
="2368",73000,33000,40000
="2369",5003,7000,-1997
="2371",22001,38000,-15999
="2375",14000,10000,4000
="2376",52200,108200,-56000
="2377",15000,75000,-60000
="2379",13100,20000,-6900
="2380",2,0,2
="2382",3000,57000,-54000
="2383",4000,3000,1000
="2387",177000,39000,138000
="2388",3603,3000,603
="2390",2000,19000,-17000
="2392",43020,41000,2020
="2393",1000,1000,0
="2395",11092,71000,-59908
="2401",233000,354000,-121000
="2404",13000,12000,1000
="2405",0,2000,-2000
="2406",3001,0,3001
="2408",31000,170000,-139000
="2409",919000,375000,544000
="2412",5105,0,5105
="2413",100000,0,100000
="2417",8000,25000,-17000
="2420",1000,0,1000
="2421",0,1000,-1000
="2423",0,5000,-5000
="2424",1000,0,1000
="2426",6001,100000,-93999
="2428",6000,2000,4000
="2430",1,0,1
="2431",2000,0,2000
="2436",69050,119000,-49950
="2439",1000,1000,0
="2441",34000,180000,-146000
="2442",5051,0,5051
="2444",1000,0,1000
="2449",2484000,235000,2249000
="2450",1000,0,1000
="2451",0,1068,-1068
="2454",98185,311994,-213809
="2455",401000,65000,336000
="2456",44170,19000,25170
="2457",1,3000,-2999
="2458",121000,23000,98000
="2460",34000,10000,24000
="2461",0,30000,-30000
="2465",2001,0,2001
="2467",38000,0,38000
="2471",65000,78000,-13000
="2472",2000,0,2000
="2474",14000,0,14000
="2476",186000,284000,-98000
="2478",255,0,255
="2480",20000,10000,10000
="2481",83000,30000,53000
="2485",0,1000,-1000
="2486",0,1000,-1000
="2489",310,0,310
="2491",12000,12000,0
="2492",35000,173024,-138024
="2497",2000,6000,-4000
="2498",26001,8000,18001
="2501",1000,0,1000
="2504",254000,0,254000
="2505",16020,0,16020
="2511",125000,0,125000
="2515",40000,0,40000
="2516",1000,0,1000
="2520",10000,0,10000
="2530",1,0,1
="2534",0,19000,-19000
="2535",13000,5000,8000
="2540",5000,0,5000
="2545",0,15000,-15000
="2546",3000,0,3000
="2547",2,0,2
="2601",37000,33000,4000
="2603",4554600,3545777,1008823
="2605",2000,4000,-2000
="2606",0,2000,-2000
="2607",2150,33000,-30850
="2609",2491000,1083020,1407980
="2610",25250,5000,20250
="2611",4100,2000,2100
="2614",1001,0,1001
="2615",143000,230000,-87000
="2616",2,0,2
="2618",3050,1000,2050
="2633",9000,6000,3000
="2634",1000,0,1000
="2642",0,5000,-5000
="2707",1000,0,1000
="2723",0,23000,-23000
="2727",2000,1000,1000
="2754",0,2060,-2060
="2801",4798,570,4228
="2812",43,0,43
="2823",2000,20000,-18000
="2834",107000,0,107000
="2841",1,0,1
="2845",5000,0,5000
="2850",53,0,53
="2851",20000,0,20000
="2855",19000,4220,14780
="2867",0,12259,-12259
="2880",16101,6873,9228
="2881",15000,13000,2000
="2882",34179,23000,11179
="2883",25001,14000,11001
="2884",23370,50000,-26630
="2885",5001,204000,-198999
="2886",14000,1000,13000
="2887",5000,1000,4000
="2888",7785,6000,1785
="2888B",0,1000,-1000
="2889",1000,0,1000
="2890",1002,0,1002
="2891",403201,64000,339201
="2892",11000,0,11000
="2897",458000,0,458000
="2901",50,0,50
="2903",2000,0,2000
="2905",0,5000,-5000
="2912",2000,2000,0
="2915",3000,1000,2000
="2923",0,1000,-1000
="3003",78200,32000,46200
="3006",41000,105000,-64000
="3008",5001,3054,1947
="3010",5000,5100,-100
="3013",111,20000,-19889
="3014",5,14000,-13995
="3015",0,2000,-2000
="3016",12000,13000,-1000
="3017",16000,13000,3000
="3018",100,0,100
="3019",4009,0,4009
="3023",1000,2000,-1000
="3026",1000,3000,-2000
="3027",1000,3000,-2000
="3028",4000,1000,3000
="3029",1000,7000,-6000
="3033",2000,0,2000
="3034",53000,62000,-9000
="3035",2197000,716100,1480900
="3036",1,2000,-1999
="3037",605050,204000,401050
="3040",1000,1000,0
="3041",1,0,1
="3042",32000,10050,21950
="3043",5000,0,5000
="3044",7000,19000,-12000
="3045",11000,0,11000
="3047",11000,0,11000
="3049",2000,0,2000
="3050",0,3000,-3000
="3051",600,0,600
="3055",51,0,51
="3056",2000,5000,-3000
="3057",1000,1000,0
="3058",21000,23000,-2000
="3059",150000,5000,145000
="3060",1001,0,1001
="3062",0,1000,-1000
="3071",0,3000,-3000
="3078",3002,3000,2
="3081",1000,10000,-9000
="3083",2000,1000,1000
="3092",102000,29000,73000
="3094",9000,2000,7000
="3105",19108,33100,-13992
="3114",5000,0,5000
="3122",123000,119000,4000
="3131",5000,5000,0
="3138",12000,104000,-92000
="3141",77000,4100,72900
="3144",0,2000,-2000
="3149",2000,5000,-3000
="3152",5000,33000,-28000
="3163",0,2000,-2000
="3164",2200,0,2200
="3169",0,4000,-4000
="3176",0,1000,-1000
="3178",53000,45000,8000
="3189",303000,25000,278000
="3202",0,4000,-4000
="3205",1000,0,1000
="3206",2000,0,2000
="3209",10000,0,10000
="3211",11138,1000,10138
="3217",90000,47000,43000
="3218",5000,1000,4000
="3227",11000,7000,4000
="3228",107000,3000,104000
="3230",0,5000,-5000
="3231",87000,31000,56000
="3232",30000,15000,15000
="3234",2000,2000,0
="3259",2000,0,2000
="3260",30000,1000,29000
="3264",6000,94000,-88000
="3272",3000,1000,2000
="3287",0,2000,-2000
="3289",8000,3047,4953
="3293",40000,14036,25964
="3296",33000,112000,-79000
="3305",1000,0,1000
="3312",1,0,1
="3317",1,0,1
="3322",8000,0,8000
="3323",7000,23000,-16000
="3324",12020,45000,-32980
="3325",2,0,2
="3338",1002,1,1001
="3346",1000,48000,-47000
="3360",1000,0,1000
="3362",10,200,-190
="3374",107000,225000,-118000
="3376",2000,0,2000
="3380",6000,9000,-3000
="3402",0,8000,-8000
="3406",88009,23000,65009
="3413",159000,132000,27000
="3432",30000,22273,7727
="3437",15000,35000,-20000
="3443",67000,47000,20000
="3444",0,1000,-1000
="3450",1000,0,1000
="3481",1125200,366000,759200
="3483",29000,13000,16000
="3484",18060,2000,16060
="3492",2000,0,2000
="3494",1,0,1
="3498",2000,1000,1000
="3508",0,290000,-290000
="3511",5,6454,-6449
="3515",0,3000,-3000
="3516",13000,0,13000
="3520",5000,0,5000
="3526",76000,23000,53000
="3527",6000,1000,5000
="3529",58000,44000,14000
="3530",2000,2000,0
="3532",11000,5000,6000
="3533",6000,6000,0
="3535",1000,1000,0
="3540",1000,10000,-9000
="3545",62000,124000,-62000
="3546",9000,8000,1000
="3548",10000,3000,7000
="3552",49000,9000,40000
="3556",2,5000,-4998
="3563",0,3000,-3000
="3576",27300,69000,-41700
="3580",0,39000,-39000
="3581",5000,6000,-1000
="3587",569000,55000,514000
="3588",5000,0,5000
="3596",4000,0,4000
="3597",75000,0,75000
="3605",4000,1000,3000
="3611",2000,1000,1000
="3615",1000,0,1000
="3624",1000,0,1000
="3625",91000,147000,-56000
="3630",1000,0,1000
="3632",308,0,308
="3653",3000,2000,1000
="3661",11000,8000,3000
="3665",66004,40200,25804
="3666",81000,31000,50000
="3669",0,3000,-3000
="3673",0,24000,-24000
="3675",2000,1000,1000
="3680",168000,249200,-81200
="3682",2207,12000,-9793
="3686",0,1000,-1000
="3691",21000,1000,20000
="3693",1000,0,1000
="3702",11000,18000,-7000
="3703",30,900,-870
="3704",72000,528000,-456000
="3705",0,1000,-1000
="3706",24000,1000,23000
="3707",43000,29199,13801
="3708",8100,7000,1100
="3711",63001,1084050,-1021049
="3712",0,5000,-5000
="3713",0,1000,-1000
="3714",355050,74024,281026
="4104",0,2000,-2000
="4105",1055,0,1055
="4106",2100,0,2100
="4109",1,0,1
="4114",168,0,168
="4119",4300,4000,300
="4120",0,6000,-6000
="4123",1050,1000,50
="4128",2001,3080,-1079
="4129",1,0,1
="4130",2000,0,2000
="4133",3000,0,3000
="4142",7000,2000,5000
="4147",1000,0,1000
="4152",0,1000,-1000
="4157",6000,7000,-1000
="4160",2024,1950,74
="4161",50,0,50
="4162",0,60000,-60000
="4168",3000,0,3000
="4171",1000,0,1000
="4174",2000,0,2000
="4188",1000,0,1000
="4192",0,1000,-1000
="4414",2000,0,2000
="4429",170,1000,-830
="4528",16000,0,16000
="4532",2000,0,2000
="4540",34000,39000,-5000
="4542",0,1000,-1000
="4551",10000,4000,6000
="4571",1000,4000,-3000
="4576",32000,126000,-94000
="4702",8131,11000,-2869
="4714",0,33000,-33000
="4716",14000,0,14000
="4720",250,1000,-750
="4726",1000,0,1000
="4728",0,6000,-6000
="4736",1000,1000,0
="4739",20000,0,20000
="4743",3723,7000,-3277
="4760",38000,18000,20000
="4763",6000,0,6000
="4903",0,1000,-1000
="4904",12000,0,12000
="4906",96000,9000,87000
="4908",1000,0,1000
="4909",29000,9000,20000
="4912",0,1000,-1000
="4915",64168,120000,-55832
="4916",1000,0,1000
="4919",3000,6000,-3000
="4927",16000,5000,11000
="4931",0,2000,-2000
="4934",2000,0,2000
="4935",6116,11000,-4884
="4938",74003,83100,-9097
="4939",1,0,1
="4943",0,1000,-1000
="4950",0,16000,-16000
="4952",1000,0,1000
="4953",21000,1000,20000
="4956",6000,0,6000
="4958",4000,1000,3000
="4960",0,1000,-1000
="4961",7000,21000,-14000
="4966",19000,28000,-9000
="4967",122000,7000,115000
="4968",49030,111000,-61970
="4971",0,1000,-1000
="4972",70,0,70
="4974",75,0,75
="4976",72000,50000,22000
="4977",1000,0,1000
="4979",1000,1000,0
="4991",1000,0,1000
="5009",50,0,50
="5014",161000,2000,159000
="5203",10000,0,10000
="5213",4000,0,4000
="5215",1000,6000,-5000
="5223",0,55000,-55000
="5227",6,4000,-3994
="5230",0,7000,-7000
="5243",32000,27000,5000
="5245",1000,0,1000
="5251",1117,950,167
="5269",27000,59000,-32000
="5274",1000,0,1000
="5278",1000,0,1000
="5283",0,5000,-5000
="5285",0,12000,-12000
="5289",31,0,31
="5299",100,3000,-2900
="5306",28000,144000,-116000
="5309",2000,11000,-9000
="5312",2000,0,2000
="5321",0,1000,-1000
="5340",1000,0,1000
="5345",0,1000,-1000
="5347",43000,24000,19000
="5351",0,1000,-1000
="5356",1,0,1
="5371",204050,6000,198050
="5386",20000,69000,-49000
="5388",0,6000,-6000
="5392",0,68,-68
="5425",0,3000,-3000
="5434",140,20000,-19860
="5439",49000,151000,-102000
="5443",75000,78000,-3000
="5455",0,1000,-1000
="5457",1000,7000,-6000
="5471",26000,10000,16000
="5474",1000,1000,0
="5478",1000,2000,-1000
="5483",270000,164400,105600
="5488",0,2000,-2000
="5498",17000,7000,10000
="5511",8000,0,8000
="5521",0,10000,-10000
="5529",140000,0,140000
="5531",1000,0,1000
="5536",2000,0,2000
="5608",14000,15000,-1000
="5609",1000,0,1000
="5871",0,4000,-4000
="5876",1000,7000,-6000
="5880",107001,10000,97001
="5905",1000,0,1000
="6005",1000,0,1000
="6015",1,0,1
="6016",7000,0,7000
="6021",0,6000,-6000
="6023",47,0,47
="6024",27,0,27
="6104",10000,3000,7000
="6108",2000,0,2000
="6111",0,1280,-1280
="6112",0,1000,-1000
="6116",111000,54000,57000
="6118",7000,0,7000
="6121",309,0,309
="6123",10000,0,10000
="6125",7000,22000,-15000
="6126",35001,1000,34001
="6127",10000,10000,0
="6129",3000,5000,-2000
="6139",15000,36000,-21000
="6141",2000,0,2000
="6143",2000,0,2000
="6147",12000,18000,-6000
="6150",32020,29000,3020
="6152",2000,0,2000
="6153",12000,39000,-27000
="6155",1000,0,1000
="6158",1,0,1
="6163",0,2000,-2000
="6165",1,2000,-1999
="6168",2000,0,2000
="6173",0,1000,-1000
="6175",10000,2000,8000
="6176",4002,6000,-1998
="6180",8000,2000,6000
="6182",215300,57000,158300
="6184",0,1000,-1000
="6187",54000,67000,-13000
="6188",50100,135000,-84900
="6191",1000,7000,-6000
="6194",0,1000,-1000
="6196",100000,322000,-222000
="6197",0,3000,-3000
="6202",1000,0,1000
="6203",0,4000,-4000
="6204",0,1000,-1000
="6205",0,10000,-10000
="6208",1000,0,1000
="6209",6000,0,6000
="6213",0,110000,-110000
="6215",160000,14000,146000
="6217",15000,6000,9000
="6221",1000,0,1000
="6223",110050,83000,27050
="6224",27006,40000,-12994
="6229",7000,0,7000
="6230",14000,1000,13000
="6233",45000,12000,33000
="6235",0,2000,-2000
="6237",220001,119000,101001
="6239",31030,504000,-472970
="6243",10001,0,10001
="6244",3200,2100,1100
="6245",30000,0,30000
="6251",21000,0,21000
="6257",107000,495000,-388000
="6261",1000,12000,-11000
="6266",16000,0,16000
="6269",19040,20000,-960
="6271",128000,34555,93445
="6274",55000,7000,48000
="6277",1000,0,1000
="6278",100100,11000,89100
="6279",22000,1000,21000
="6281",17,0,17
="6282",39000,6000,33000
="6283",0,4000,-4000
="6284",28000,5100,22900
="6285",0,7000,-7000
="6288",37000,0,37000
="6290",26000,0,26000
="6411",35020,5000,30020
="6414",13000,2000,11000
="6415",10,1000,-990
="6416",1000,2000,-1000
="6426",2000,2000,0
="6432",10,0,10
="6435",2000,2000,0
="6438",7000,1000,6000
="6441",75000,1000,74000
="6443",26300,15000,11300
="6449",12001,4000,8001
="6451",12000,6000,6000
="6456",52000,28000,24000
="6457",4000,0,4000
="6462",4100,3000,1100
="6469",0,1000,-1000
="6477",15000,4000,11000
="6485",10000,52000,-42000
="6488",109000,34000,75000
="6491",0,1000,-1000
="6492",6000,2000,4000
="6504",0,4000,-4000
="6505",1000,4000,-3000
="6510",23000,5000,18000
="6516",0,5000,-5000
="6525",4000,0,4000
="6531",137017,183000,-45983
="6532",3000,3000,0
="6533",147000,29011,117989
="6538",3000,1000,2000
="6541",1000,0,1000
="6547",7000,1000,6000
="6548",15000,34000,-19000
="6552",3000,9000,-6000
="6577",1000,0,1000
="6582",0,3000,-3000
="6589",3000,0,3000
="6591",3000,1000,2000
="6592",1000,1000,0
="6603",198000,348000,-150000
="6605",2000,2000,0
="6609",0,79,-79
="6640",1000,0,1000
="6643",8000,11000,-3000
="6655",0,1000,-1000
="6664",1000,0,1000
="6669",10070,4000,6070
="6672",6000,9000,-3000
="6679",1000,3000,-2000
="6683",18000,20000,-2000
="6706",16000,3000,13000
="6732",4050,8000,-3950
="6743",2000,0,2000
="6747",7000,12000,-5000
="6756",28000,2000,26000
="6762",0,140,-140
="711143",0,10000,-10000
="711479",0,49000,-49000
="711517",0,20000,-20000
="711562",295000,61000,234000
="711607",5000,0,5000
="711673",0,20000,-20000
="711677",0,2000,-2000
="711700",0,28000,-28000
="711701",0,1000,-1000
="711702",4000,20000,-16000
="711905",6000,0,6000
="711936",0,79000,-79000
="712014",99000,100000,-1000
="712015",1000,0,1000
="712017",5000,0,5000
="712018",3000,0,3000
="712148",0,2000,-2000
="712194",0,1000,-1000
="712199",46000,301000,-255000
="712326",10000,201000,-191000
="712327",300000,2000,298000
="712369",10000,0,10000
="712370",875000,166000,709000
="712403",110000,0,110000
="712504",20000,0,20000
="712605",3928000,1000,3927000
="712606",0,90000,-90000
="712612",26000,160000,-134000
="712613",0,15000,-15000
="712616",30000,0,30000
="712628",10000,0,10000
="712633",19000,12000,7000
="712734",10000,0,10000
="712916",404000,254000,150000
="712920",23000,31000,-8000
="712921",110000,0,110000
="712922",18000,5000,13000
="712979",0,10000,-10000
="712980",10000,0,10000
="712981",52000,23000,29000
="712982",0,281000,-281000
="713040",11000,0,11000
="713042",314000,7000,307000
="713074",0,63000,-63000
="713085",4000,10000,-6000
="713182",581000,105000,476000
="713183",50000,0,50000
="713184",520000,597000,-77000
="713225",50000,0,50000
="713317",20000,43000,-23000
="713323",0,10000,-10000
="713324",186000,0,186000
="713325",17000,11000,6000
="713326",19000,30000,-11000
="713327",116000,88000,28000
="713349",2000,0,2000
="713388",0,25000,-25000
="713404",270000,75000,195000
="713514",0,565000,-565000
="713515",50000,103000,-53000
="713545",141000,30000,111000
="713587",20000,30000,-10000
="713589",0,10000,-10000
="713647",0,10000,-10000
="713648",0,205000,-205000
="713649",30000,10000,20000
="713651",125000,0,125000
="713653",5000,0,5000
="713654",0,100000,-100000
="713675",9000,480000,-471000
="713676",6000,2000,4000
="713821",0,44000,-44000
="713833",0,20000,-20000
="713938",1000,0,1000
="713939",0,200000,-200000
="713979",0,4000,-4000
="714030",118000,100000,18000
="714031",200000,100000,100000
="714033",6000,0,6000
="714034",20000,0,20000
="714153",108000,321000,-213000
="714154",0,100000,-100000
="714155",203000,0,203000
="714156",58000,0,58000
="714212",0,20000,-20000
="714214",2000,0,2000
="714236",304000,10000,294000
="714237",10000,36000,-26000
="714238",2000,0,2000
="714239",100000,0,100000
="714241",5000,0,5000
="714254",2000,1000,1000
="714272",70000,13000,57000
="714384",3000,0,3000
="714431",0,116000,-116000
="714513",1000,3000,-2000
="714514",101000,0,101000
="714516",481000,36000,445000
="714517",0,57000,-57000
="714518",20000,10000,10000
="714620",0,278000,-278000
="714622",0,122000,-122000
="714647",1000,0,1000
="714685",370000,10000,360000
="714712",55000,223000,-168000
="714714",0,50000,-50000
="714741",60000,35000,25000
="714795",91000,137000,-46000
="714856",80000,820000,-740000
="714857",30000,0,30000
="714858",33000,2000,31000
="714860",41000,95000,-54000
="714887",72000,3000,69000
="714889",60000,10000,50000
="714922",250000,0,250000
="714950",0,20000,-20000
="714995",0,3000,-3000
="715012",0,29000,-29000
="715067",20000,40000,-20000
="715069",12000,0,12000
="715070",237000,42000,195000
="715072",141000,189000,-48000
="715073",2000,23000,-21000
="715116",38000,0,38000
="715118",50000,0,50000
="715159",131000,445000,-314000
="715163",30000,0,30000
="715164",0,5000,-5000
="715180",0,20000,-20000
="715181",1000,78000,-77000
="715222",20000,0,20000
="715239",314000,256000,58000
="715250",100000,25000,75000
="715286",5000,0,5000
="715287",97000,58000,39000
="715288",104000,0,104000
="715356",110000,54000,56000
="715417",98000,203000,-105000
="715478",5000,0,5000
="715497",0,5000,-5000
="715520",160000,10000,150000
="715549",0,20000,-20000
="715550",20000,0,20000
="715552",20000,0,20000
="715553",5000,30000,-25000
="715555",0,3000,-3000
="715609",0,88000,-88000
="715633",27000,0,27000
="715657",74000,398000,-324000
="715658",0,74000,-74000
="715659",0,39000,-39000
="715660",100000,506000,-406000
="715661",49000,99000,-50000
="715662",22000,273000,-251000
="715691",0,59000,-59000
="715692",0,59000,-59000
="715693",246000,0,246000
="715694",81000,86000,-5000
="715743",271000,5000,266000
="715781",80000,11000,69000
="715800",0,3000,-3000
="715813",50000,136000,-86000
="715814",20000,20000,0
="715815",128000,255000,-127000
="715840",1000,0,1000
="715901",28000,4000,24000
="715935",103000,85000,18000
="715971",154000,0,154000
="716032",15000,0,15000
="716033",22000,0,22000
="716034",0,17000,-17000
="716035",26000,0,26000
="716036",61000,0,61000
="716037",346000,125000,221000
="716090",0,2000,-2000
="716110",57000,85000,-28000
="716111",19000,225000,-206000
="716112",27000,32000,-5000
="716137",0,92000,-92000
="716171",0,40000,-40000
="716188",455000,0,455000
="716295",6000,51000,-45000
="716296",0,49000,-49000
="716297",13000,25000,-12000
="716298",89000,159000,-70000
="716299",137000,10000,127000
="716300",0,16000,-16000
="716305",0,100000,-100000
="716327",30000,0,30000
="716347",20000,11000,9000
="716357",28000,0,28000
="716358",10000,0,10000
="716367",52000,0,52000
="716368",315000,326000,-11000
="716369",148000,311000,-163000
="716370",355000,313000,42000
="716384",0,100000,-100000
="716424",20000,0,20000
="716433",0,69000,-69000
="716493",0,10000,-10000
="716507",0,48000,-48000
="716508",0,1000,-1000
="716590",0,36000,-36000
="716594",5000,154000,-149000
="716595",553000,55000,498000
="716596",96000,34000,62000
="716643",85000,60000,25000
="716668",93000,53000,40000
="716677",161000,305000,-144000
="716679",69000,0,69000
="716759",20000,10000,10000
="716760",0,3000,-3000
="716761",0,207000,-207000
="716816",4606000,0,4606000
="716830",1000,0,1000
="716837",0,56000,-56000
="716838",5000,0,5000
="716855",50000,10000,40000
="716857",50000,90000,-40000
="716905",35000,411000,-376000
="716907",352000,902000,-550000
="716908",1091000,724000,367000
="716953",60000,79000,-19000
="716954",215000,515000,-300000
="716955",0,104000,-104000
="716956",1307000,1297000,10000
="716957",0,208000,-208000
="716958",656000,631000,25000
="716998",80000,452000,-372000
="716999",198000,0,198000
="717001",5000,0,5000
="717007",19000,0,19000
="717024",3000,7000,-4000
="717086",3000,249000,-246000
="717087",48000,101000,-53000
="717088",1000,10000,-9000
="717101",0,5000,-5000
="717102",13000,62000,-49000
="717103",80000,60000,20000
="717159",83000,65000,18000
="717197",6000,0,6000
="717203",16000,15000,1000
="717204",418000,445000,-27000
="717205",76000,0,76000
="717208",15000,101000,-86000
="717209",0,10000,-10000
="717210",33000,64000,-31000
="717305",25000,109000,-84000
="717311",0,49000,-49000
="717321",45000,25000,20000
="717333",10000,0,10000
="717351",40000,152000,-112000
="717352",60000,79000,-19000
="717353",163000,356000,-193000
="717354",80000,260000,-180000
="717355",80000,365000,-285000
="717356",30000,104000,-74000
="717358",10000,146000,-136000
="717359",50000,65000,-15000
="717360",40000,211000,-171000
="717361",100000,108000,-8000
="717363",20000,1503000,-1483000
="717364",262000,114000,148000
="717365",0,1000,-1000
="717423",100000,0,100000
="717459",66000,128000,-62000
="717460",30000,0,30000
="717461",119000,556000,-437000
="717464",0,152000,-152000
="717465",0,91000,-91000
="717466",0,241000,-241000
="717468",481000,716000,-235000
="717469",98000,206000,-108000
="717474",50000,0,50000
="717475",40000,0,40000
="717476",54000,0,54000
="717494",30000,0,30000
="717500",10000,0,10000
="717509",56000,145000,-89000
="717513",106000,273000,-167000
="717514",107000,308000,-201000
="717516",0,30000,-30000
="717517",87000,22000,65000
="717518",496000,367000,129000
="717519",0,167000,-167000
="717520",3000,0,3000
="717522",69000,43000,26000
="717523",489000,156000,333000
="717524",131000,856000,-725000
="717525",84000,203000,-119000
="717526",45000,70000,-25000
="717531",0,10000,-10000
="717566",0,400000,-400000
="717569",0,10000,-10000
="717570",64000,104000,-40000
="717588",40000,0,40000
="717601",199000,204000,-5000
="717602",0,101000,-101000
="717603",0,10000,-10000
="717604",0,23000,-23000
="717605",153000,96000,57000
="717606",0,70000,-70000
="717607",20000,324000,-304000
="717609",12000,104000,-92000
="717635",30000,70000,-40000
="717636",246000,199000,47000
="717639",275000,406000,-131000
="717640",5000,78000,-73000
="717642",0,80000,-80000
="717683",520000,760000,-240000
="717684",1000,1000,0
="717685",631000,541000,90000
="717686",187000,21000,166000
="717687",0,373000,-373000
="717689",7000,99000,-92000
="717734",0,250000,-250000
="717735",305000,1348000,-1043000
="717736",0,30000,-30000
="717737",150000,86000,64000
="717738",423000,218000,205000
="717739",32000,178000,-146000
="717740",35000,13000,22000
="717741",50000,62000,-12000
="717742",403000,682000,-279000
="717773",47000,74000,-27000
="717774",253000,40000,213000
="717775",90000,40000,50000
="717776",9000,100000,-91000
="717777",0,2000,-2000
="717778",30000,112000,-82000
="717779",100000,115000,-15000
="717780",12000,10000,2000
="717793",180000,0,180000
="717809",0,40000,-40000
="717816",20000,283000,-263000
="717817",50000,227000,-177000
="717818",282000,330000,-48000
="717819",4000,299000,-295000
="717820",30000,79000,-49000
="717851",37000,0,37000
="717860",143000,160000,-17000
="717861",78000,20000,58000
="717862",0,60000,-60000
="717908",0,33000,-33000
="717918",0,13000,-13000
="717950",0,27000,-27000
="717957",0,1340000,-1340000
="717958",0,116000,-116000
="717960",0,152000,-152000
="717961",0,200000,-200000
="717962",0,20000,-20000
="717963",0,130000,-130000
="73425P",0,79000,-79000
="73597P",700000,250000,450000
="73604P",2000,0,2000
="73630P",0,200000,-200000
="73650P",0,100000,-100000
="73653P",58000,0,58000
="73655P",16000,10000,6000
="73679P",0,461000,-461000
="73686P",20000,20000,0
="73691P",30000,0,30000
="73692P",0,10000,-10000
="73700P",30000,0,30000
="73717P",30000,62000,-32000
="73719P",6000,0,6000
="73729P",20000,0,20000
="73748P",30000,0,30000
="73754P",0,100000,-100000
="73755P",0,2000,-2000
="73759P",30000,20000,10000
="73762P",1000,0,1000
="73764P",0,20000,-20000
="73774P",47000,243000,-196000
="73794P",250000,0,250000
="73799P",283000,721000,-438000
="73803P",154000,10000,144000
="73805P",16000,101000,-85000
="73809P",40000,2000,38000
="7556",12000,4000,8000
="8016",19050,25100,-6050
="8021",8000,7000,1000
="8024",0,5000,-5000
="8027",1000,0,1000
="8028",2000,0,2000
="8033",15000,38000,-23000
="8034",0,2000,-2000
="8040",0,27000,-27000
="8042",3000,2000,1000
="8043",0,3,-3
="8044",3000,9186,-6186
="8046",116000,127000,-11000
="8049",1000,1000,0
="8050",0,13000,-13000
="8054",8000,3000,5000
="8064",1,9000,-8999
="8069",244150,81000,163150
="8070",10018,24000,-13982
="8076",1097,2000,-903
="8081",222000,9000,213000
="8084",4000,152000,-148000
="8086",445000,184000,261000
="8088",0,6000,-6000
="8096",34000,6000,28000
="8105",0,1000,-1000
="8110",0,1000,-1000
="8111",12000,12000,0
="8112",0,2000,-2000
="8121",1000,4000,-3000
="8147",1000,0,1000
="8150",7000,25000,-18000
="8171",1000,4000,-3000
="8182",1000,0,1000
="8210",1050,2000,-950
="8213",2000,70000,-68000
="8215",5000,5000,0
="8222",119,0,119
="8240",0,14000,-14000
="8255",0,2000,-2000
="8261",1000,4000,-3000
="8271",1000,3000,-2000
="8279",0,3000,-3000
="8299",42000,238000,-196000
="8358",929011,126000,803011
="8383",2,0,2
="8390",5000,12000,-7000
="8406",0,30000,-30000
="8410",1000,2000,-1000
="8416",150,0,150
="8421",2000,1990,10
="8422",1000,0,1000
="8429",0,2000,-2000
="8436",2000,2000,0
="8443",272,0,272
="8454",23000,23000,0
="8464",50,7000,-6950
="8478",14,0,14
="8482",1000,0,1000
="8905",4000,0,4000
="8908",50,0,50
="8917",1,0,1
="8927",1000,0,1000
="8929",1205,253,952
="8936",0,1000,-1000
="8940",0,15,-15
="8996",23000,70000,-47000
="9103",65000,59000,6000
="9105",12000,5000,7000
="911608",0,11000,-11000
="911616",2000,0,2000
="912000",0,6000,-6000
="912398",8000,2890,5110
="9802",380000,105000,275000
="9904",14000,3467,10533
="9907",3000,0,3000
="9912",1,0,1
="9914",120000,45000,75000
="9917",1000,0,1000
="9919",4000,4000,0
="9921",6000,0,6000
="9933",4000,0,4000
="9935",1000,0,1000
="9937",38,0,38
="9938",13080,109080,-96000
="9939",0,11000,-11000
="9941",2000,0,2000
="9945",1000,10000,-9000
="9951",1000,0,1000
="9955",7000,0,7000
="9958",66000,61000,5000
="9960",2000,0,2000
