="0050",289280,31080,258200
="0052",1000,0,1000
="0053",2000,0,2000
="0056",6710,0,6710
="0061",10000,0,10000
="006207",0,19000,-19000
="006208",252013,250000,2013
="00632R",1028000,437000,591000
="00633L",1000,0,1000
="00637L",65000,155000,-90000
="00639",6000,0,6000
="00641R",8000,0,8000
="00642U",9000,0,9000
="00646",44,0,44
="00648R",2000,0,2000
="00652",1000,0,1000
="00653L",25000,0,25000
="00669R",50000,0,50000
="00674R",0,100000,-100000
="00677U",494000,437500,56500
="00679B",1000,138000,-137000
="00682U",0,10000,-10000
="00683L",0,146000,-146000
="00684R",1000,0,1000
="00687B",50000,50000,0
="00688L",50000,50000,0
="00689R",50000,50000,0
="00692",1000,0,1000
="00693U",10000,1000,9000
="00694B",50000,50000,0
="00695B",50000,50000,0
="00696B",100000,101000,-1000
="00697B",50000,50000,0
="00701",0,2000,-2000
="00708L",3000,0,3000
="00712",38000,0,38000
="00714",100000,100000,0
="00715L",3000,0,3000
="00717",5000,0,5000
="00718B",143000,100000,43000
="00719B",50000,50000,0
="00720B",50000,51000,-1000
="00721B",50000,50000,0
="00722B",50000,55063,-5063
="00723B",50000,53000,-3000
="00724B",52000,55000,-3000
="00728",1000,0,1000
="00733",101000,100000,1000
="00738U",289000,498000,-209000
="00740B",25000,31000,-6000
="00741B",25000,25000,0
="00745B",25000,25000,0
="00746B",25000,25000,0
="00751B",60000,56000,4000
="00752",0,2000,-2000
="00754B",50000,51000,-1000
="00755B",51000,51000,0
="00756B",51000,55000,-4000
="00760B",0,1000,-1000
="00764B",50000,50000,0
="00765B",50000,50000,0
="00772B",50000,53000,-3000
="00773B",50000,50000,0
="00783",0,2000,-2000
="00784B",25000,25000,0
="00785B",25000,25000,0
="00788B",0,2000,-2000
="00795B",50000,70000,-20000
="00796B",25000,25000,0
="00847B",50000,50000,0
="00848B",25000,25000,0
="00849B",25000,25000,0
="00850",100,1,99
="00861",98000,2000,96000
="00862B",50000,50000,0
="00863B",25000,27000,-2000
="00864B",25000,25000,0
="00868B",50000,50000,0
="00869B",50000,50000,0
="00870B",50000,50000,0
="00871B",50000,50000,0
="00876",383000,2000,381000
="00877",21000,10000,11000
="00878",2060,9700,-7640
="00881",645625,28258,617367
="020011",8000,8000,0
="020015",2000,6000,-4000
="020016",6000,2000,4000
="020018",44000,6000,38000
="020019",303000,70000,233000
="020020",5000,0,5000
="020021",3575000,601000,2974000
="04439P",100000,0,100000
="04513P",865000,404000,461000
="04594P",0,66000,-66000
="04603P",0,100000,-100000
="04686P",0,50000,-50000
="04729P",54000,30000,24000
="04826P",0,9000,-9000
="04827P",14000,66000,-52000
="04828P",0,15000,-15000
="04859P",0,10000,-10000
="04908P",34000,0,34000
="04969P",5000,0,5000
="04985P",40000,10000,30000
="05004P",2000,0,2000
="05006P",302000,1093000,-791000
="05069P",0,3000,-3000
="05103P",0,50000,-50000
="05104P",5000,0,5000
="05128P",24000,17000,7000
="05129P",24000,22000,2000
="05143P",24000,0,24000
="05160P",40000,0,40000
="05161P",303000,257000,46000
="05162P",42000,0,42000
="05182P",0,150000,-150000
="05211P",50000,0,50000
="05237P",125000,2000,123000
="05297P",377000,160000,217000
="05299P",84000,1000,83000
="05300P",42000,10000,32000
="05342P",57000,89000,-32000
="05422P",100000,7000,93000
="05433P",10000,0,10000
="05469P",10000,0,10000
="05481P",30000,29000,1000
="05482P",73000,160000,-87000
="05484P",90000,0,90000
="05536P",0,20000,-20000
="05570P",50000,0,50000
="05594P",241000,83000,158000
="05595P",1147000,1995000,-848000
="05614P",100000,0,100000
="05622P",100000,0,100000
="05632P",46000,20000,26000
="05641P",0,5000,-5000
="05697P",4000,10000,-6000
="05698P",91000,3000,88000
="05699P",182000,39000,143000
="05703P",0,200000,-200000
="05707P",43000,134000,-91000
="05745P",2000,205000,-203000
="05749P",138000,50000,88000
="05750P",59000,0,59000
="05760P",250000,0,250000
="05774P",0,288000,-288000
="05776P",16000,305000,-289000
="05777P",121000,145000,-24000
="05829P",1000,0,1000
="05850P",10000,0,10000
="05858P",121000,0,121000
="05906P",84000,125000,-41000
="05907P",95000,0,95000
="05908P",10000,127000,-117000
="05925P",400000,0,400000
="05955P",475000,160000,315000
="05968P",0,200000,-200000
="05969P",0,200000,-200000
="05970P",0,150000,-150000
="05973P",110000,5000,105000
="05983P",50000,0,50000
="05986P",26000,42000,-16000
="06002P",120000,0,120000
="06032P",58000,58000,0
="06058P",534000,0,534000
="06104P",849000,0,849000
="06113P",58000,50000,8000
="06136P",128000,19000,109000
="06137P",10000,103000,-93000
="06152P",19000,85000,-66000
="06176P",1000,0,1000
="063057",149000,289000,-140000
="063444",10000,30000,-20000
="063926",31000,36000,-5000
="064057",33000,0,33000
="064137",4000,0,4000
="064162",60000,10000,50000
="064446",1000,0,1000
="064448",5000,0,5000
="064462",45000,34000,11000
="064710",3000,0,3000
="064719",4000,0,4000
="064724",9000,0,9000
="064821",23000,0,23000
="064827",4000,0,4000
="064831",188000,0,188000
="064921",51000,0,51000
="064927",70000,0,70000
="065297",8000,0,8000
="065353",40000,0,40000
="065451",0,10000,-10000
="065679",95000,19000,76000
="065889",2000,29000,-27000
="065952",5000,0,5000
="066005",20000,0,20000
="066010",1000,0,1000
="066197",44000,10000,34000
="066203",60000,82000,-22000
="066456",100000,0,100000
="066460",5000,10000,-5000
="066467",0,10000,-10000
="066468",1000,0,1000
="066524",36000,0,36000
="066525",25000,0,25000
="066526",48000,812000,-764000
="067149",50000,10000,40000
="067151",6000,0,6000
="067154",20000,30000,-10000
="067276",5000,5000,0
="067350",0,20000,-20000
="067370",10000,9000,1000
="067372",6000,0,6000
="067373",5000,0,5000
="067506",6000,0,6000
="067510",0,20000,-20000
="067768",14000,51000,-37000
="067831",2000,1000,1000
="067832",0,10000,-10000
="067834",2000,0,2000
="067835",1000,10000,-9000
="068048",5000,0,5000
="068057",5000,0,5000
="068127",4000,0,4000
="068128",80000,1000,79000
="068129",54000,159000,-105000
="068131",85000,0,85000
="068219",2000,0,2000
="068220",269000,3000,266000
="068221",272000,408000,-136000
="068223",30000,0,30000
="068224",16000,2000,14000
="068385",1000,0,1000
="068386",0,9000,-9000
="068388",1000,20000,-19000
="068390",5000,0,5000
="068397",0,368000,-368000
="068511",165000,24000,141000
="068512",159000,0,159000
="068513",10000,0,10000
="068514",135000,104000,31000
="068515",25000,1000,24000
="068516",0,50000,-50000
="068519",0,10000,-10000
="068595",10000,0,10000
="068669",10000,0,10000
="068670",3531000,275000,3256000
="068674",1000,80000,-79000
="068767",1000,8000,-7000
="068769",220000,40000,180000
="068772",0,30000,-30000
="068843",7000,25000,-18000
="068848",0,176000,-176000
="068849",0,2000,-2000
="068851",11000,0,11000
="068852",692000,15000,677000
="068854",1000,0,1000
="068887",6000,0,6000
="068939",0,70000,-70000
="068988",5000,0,5000
="069031",0,20000,-20000
="069032",300000,0,300000
="069095",6000,0,6000
="069097",21000,100000,-79000
="069098",29000,0,29000
="069099",50000,50000,0
="069105",13000,45000,-32000
="069106",48000,10000,38000
="069190",50000,147000,-97000
="069191",0,2000,-2000
="069192",242000,12000,230000
="069193",100000,226000,-126000
="069397",0,80000,-80000
="069402",1000,2000,-1000
="069404",45000,0,45000
="069407",32000,0,32000
="069409",138000,81000,57000
="069412",492000,55000,437000
="069414",897000,3009000,-2112000
="069415",0,13000,-13000
="069416",30000,360000,-330000
="069449",6000,150000,-144000
="069612",100000,7000,93000
="069618",0,60000,-60000
="069691",909000,65000,844000
="069693",10000,0,10000
="069824",19000,0,19000
="069927",20000,0,20000
="069929",10000,0,10000
="069933",2000,0,2000
="069936",5000,0,5000
="070020",20000,0,20000
="070129",100000,0,100000
="070133",83000,9000,74000
="070134",279000,641000,-362000
="070135",230000,20000,210000
="070141",155000,40000,115000
="070147",0,12000,-12000
="070148",383000,140000,243000
="070248",0,20000,-20000
="070250",0,125000,-125000
="070252",0,10000,-10000
="070255",60000,50000,10000
="070258",0,10000,-10000
="070376",20000,0,20000
="070426",6000,401000,-395000
="070428",0,37000,-37000
="070430",0,190000,-190000
="070431",0,2000,-2000
="070445",131000,18000,113000
="070531",0,70000,-70000
="070533",25000,258000,-233000
="070534",42000,94000,-52000
="070538",1000,5000,-4000
="070539",10000,0,10000
="070606",0,55000,-55000
="070608",20000,10000,10000
="070800",20000,0,20000
="070857",30000,0,30000
="070858",0,2000,-2000
="070859",5000,0,5000
="070862",0,46000,-46000
="070864",499000,97000,402000
="070866",38000,31000,7000
="070867",550000,20000,530000
="070913",43000,28000,15000
="071125",3000,3000,0
="071127",42000,1000,41000
="071206",6000,10000,-4000
="071209",0,10000,-10000
="071211",0,20000,-20000
="071214",1000,0,1000
="071218",5000,0,5000
="071220",40000,816000,-776000
="071319",70000,0,70000
="071321",10000,0,10000
="071388",0,15000,-15000
="071445",10000,0,10000
="071446",49000,73000,-24000
="071447",40000,0,40000
="071448",24000,25000,-1000
="071568",0,178000,-178000
="071569",10000,2000,8000
="071704",10000,0,10000
="071708",2000,142000,-140000
="071750",20000,0,20000
="071890",0,13000,-13000
="072046",0,11000,-11000
="072047",5000,12000,-7000
="072049",371000,1129000,-758000
="072123",2000,0,2000
="072303",0,20000,-20000
="072305",45000,0,45000
="072311",170000,0,170000
="072312",0,40000,-40000
="072403",0,220000,-220000
="072404",46000,17000,29000
="072410",40000,12000,28000
="072411",0,3000,-3000
="072412",20000,0,20000
="072415",200000,0,200000
="072462",0,114000,-114000
="072554",0,75000,-75000
="072557",111000,5000,106000
="072559",60000,445000,-385000
="072562",0,98000,-98000
="072566",0,1000,-1000
="072625",0,40000,-40000
="072634",7000,0,7000
="072640",15000,0,15000
="072669",0,2000,-2000
="072708",30000,0,30000
="072711",425000,25000,400000
="072712",50000,8000,42000
="072734",20000,0,20000
="072812",0,23000,-23000
="072964",313000,308000,5000
="072965",0,67000,-67000
="072966",0,25000,-25000
="072968",13000,21000,-8000
="072971",2000,43000,-41000
="072973",0,5000,-5000
="073024",0,60000,-60000
="073027",4000,152000,-148000
="073031",1073000,340000,733000
="073032",260000,0,260000
="073035",0,4000,-4000
="073037",60000,45000,15000
="073038",0,12000,-12000
="073039",27000,0,27000
="073040",0,4000,-4000
="073094",33000,0,33000
="073095",0,6000,-6000
="073096",40000,0,40000
="073100",0,107000,-107000
="073101",0,1000,-1000
="073102",272000,40000,232000
="073105",0,50000,-50000
="073106",250000,0,250000
="073377",199000,147000,52000
="073487",82000,0,82000
="073488",0,10000,-10000
="073490",0,351000,-351000
="073492",0,10000,-10000
="073495",17000,0,17000
="073496",400000,0,400000
="073498",1000,0,1000
="073502",220000,151000,69000
="073503",1660000,0,1660000
="073580",6000,6000,0
="073615",0,43000,-43000
="073616",0,31000,-31000
="073617",160000,0,160000
="073737",33000,0,33000
="073743",10000,0,10000
="073747",30000,10000,20000
="073808",10000,45000,-35000
="073809",399000,30000,369000
="073811",0,301000,-301000
="073813",2000,0,2000
="073869",100000,0,100000
="073927",5000,0,5000
="073981",50000,0,50000
="073982",10000,341000,-331000
="073984",2000,6000,-4000
="073985",0,10000,-10000
="074062",10000,60000,-50000
="074063",10000,20000,-10000
="074066",50000,0,50000
="074169",0,301000,-301000
="074170",0,301000,-301000
="074257",10000,0,10000
="074258",0,640000,-640000
="074343",20000,0,20000
="074347",95000,150000,-55000
="074349",4000,0,4000
="074350",150000,0,150000
="074351",19000,0,19000
="074352",500000,600000,-100000
="074354",127000,280000,-153000
="074447",31000,176000,-145000
="074448",30000,80000,-50000
="074450",15000,10000,5000
="074451",10000,10000,0
="074452",0,261000,-261000
="074453",48000,517000,-469000
="074454",0,5000,-5000
="074456",0,30000,-30000
="074497",0,126000,-126000
="074498",200000,160000,40000
="074681",97000,118000,-21000
="074685",3000,20000,-17000
="074686",0,3000,-3000
="074687",0,233000,-233000
="074786",0,42000,-42000
="074787",9000,86000,-77000
="074788",10000,0,10000
="074789",30000,0,30000
="074790",6000,0,6000
="074791",0,15000,-15000
="074792",207000,0,207000
="074793",1000,0,1000
="074794",0,91000,-91000
="074796",0,44000,-44000
="074798",10000,4000,6000
="074803",25000,10000,15000
="074804",79000,15000,64000
="074806",20000,0,20000
="074807",15000,0,15000
="074810",6000,14000,-8000
="074813",5000,0,5000
="074814",0,30000,-30000
="074819",95000,0,95000
="074895",10000,0,10000
="074897",111000,0,111000
="074899",30000,63000,-33000
="074900",0,10000,-10000
="074901",55000,63000,-8000
="074902",0,43000,-43000
="074904",0,65000,-65000
="075049",0,118000,-118000
="075051",1000,17000,-16000
="075054",131000,10000,121000
="075133",805000,0,805000
="075168",10000,22000,-12000
="075171",71000,0,71000
="075175",0,87000,-87000
="075243",44000,50000,-6000
="075245",0,50000,-50000
="075396",0,252000,-252000
="075398",10000,0,10000
="075399",0,154000,-154000
="075401",90000,136000,-46000
="075402",3000,21000,-18000
="075409",1000,2000,-1000
="075410",0,126000,-126000
="075411",0,240000,-240000
="075412",0,19000,-19000
="075513",0,5000,-5000
="075516",0,24000,-24000
="075517",20000,7000,13000
="075640",3000,0,3000
="075641",0,27000,-27000
="075696",0,6000,-6000
="075697",0,11000,-11000
="075698",40000,160000,-120000
="075700",0,5000,-5000
="075827",0,1000,-1000
="075828",0,16000,-16000
="075829",0,169000,-169000
="075966",112000,28000,84000
="075968",1000,0,1000
="075969",35000,51000,-16000
="075970",0,71000,-71000
="075971",65000,80000,-15000
="075972",59000,0,59000
="076050",30000,0,30000
="076055",0,432000,-432000
="076057",210000,104000,106000
="076059",50000,25000,25000
="076060",20000,20000,0
="076061",10000,11000,-1000
="076063",0,283000,-283000
="076064",3000,157000,-154000
="076181",0,2000,-2000
="076182",10000,8000,2000
="076184",0,80000,-80000
="076185",48000,20000,28000
="076288",0,5000,-5000
="076289",0,108000,-108000
="076290",0,65000,-65000
="076292",316000,0,316000
="076406",0,34000,-34000
="076410",5000,10000,-5000
="076411",3000,88000,-85000
="076416",50000,2000,48000
="076417",0,10000,-10000
="076418",30000,60000,-30000
="076421",0,111000,-111000
="076550",228000,1000,227000
="076551",21000,98000,-77000
="076559",300000,0,300000
="076653",48000,70000,-22000
="076654",90000,90000,0
="076655",2000,0,2000
="076779",10000,0,10000
="076912",206000,3000,203000
="076914",199000,206000,-7000
="076915",60000,80000,-20000
="076916",0,27000,-27000
="076917",0,1000,-1000
="076941",1000,0,1000
="077000",1000,0,1000
="077006",10000,0,10000
="077060",0,2000,-2000
="077061",103000,130000,-27000
="077064",0,22000,-22000
="077065",0,16000,-16000
="077066",0,14000,-14000
="077069",0,10000,-10000
="077103",7000,19000,-12000
="077105",52000,18000,34000
="077107",0,82000,-82000
="077108",100000,2000,98000
="077109",250000,0,250000
="077110",0,70000,-70000
="077275",6000,0,6000
="077276",401000,396000,5000
="077277",0,44000,-44000
="077278",0,5000,-5000
="077280",0,32000,-32000
="077281",9000,149000,-140000
="077393",0,5000,-5000
="077412",11000,10000,1000
="077457",7000,5000,2000
="077585",0,606000,-606000
="077586",0,12000,-12000
="077587",16000,43000,-27000
="077590",4000,4000,0
="077591",20000,123000,-103000
="077593",10000,0,10000
="077595",0,90000,-90000
="077596",0,10000,-10000
="077646",178000,0,178000
="077649",42000,40000,2000
="077651",17000,230000,-213000
="077652",426000,211000,215000
="077654",0,22000,-22000
="077656",0,109000,-109000
="077659",28000,0,28000
="077810",5000,54000,-49000
="077811",10000,1000,9000
="077812",20000,0,20000
="077941",0,261000,-261000
="077942",298000,53000,245000
="077944",0,106000,-106000
="077945",0,12000,-12000
="077946",10000,10000,0
="078022",20000,0,20000
="078038",13000,0,13000
="078087",0,270000,-270000
="078089",75000,314000,-239000
="078090",0,30000,-30000
="078095",0,22000,-22000
="078096",0,38000,-38000
="078097",0,155000,-155000
="078207",4000,0,4000
="078461",319000,158000,161000
="078462",0,40000,-40000
="078463",50000,161000,-111000
="078466",316000,4331000,-4015000
="078468",0,20000,-20000
="078469",63000,0,63000
="078470",131000,125000,6000
="078471",58000,140000,-82000
="078472",26000,0,26000
="078473",110000,0,110000
="078475",10000,10000,0
="078476",92000,144000,-52000
="078477",0,28000,-28000
="078718",56000,119000,-63000
="078719",0,28000,-28000
="078720",20000,24000,-4000
="078721",27000,0,27000
="078724",0,94000,-94000
="078726",0,30000,-30000
="078727",0,2000,-2000
="078847",5000,1000,4000
="078848",796000,599000,197000
="078849",95000,148000,-53000
="078850",40000,0,40000
="078851",150000,0,150000
="078853",45000,135000,-90000
="078854",28000,43000,-15000
="078855",0,3000,-3000
="078856",35000,48000,-13000
="078857",10000,20000,-10000
="078885",10000,0,10000
="078940",20000,0,20000
="078943",8000,50000,-42000
="078944",13000,40000,-27000
="078945",15000,38000,-23000
="078947",40000,10000,30000
="078949",0,134000,-134000
="079065",130000,0,130000
="079090",50000,0,50000
="079091",0,26000,-26000
="079164",2000,0,2000
="079286",71000,163000,-92000
="079287",156000,367000,-211000
="079288",7000,131000,-124000
="079289",0,231000,-231000
="079290",0,5000,-5000
="079291",0,90000,-90000
="079353",10000,0,10000
="079412",50000,0,50000
="079425",0,23000,-23000
="079426",151000,171000,-20000
="079428",298000,345000,-47000
="079429",363000,626000,-263000
="079430",42000,14000,28000
="079431",0,97000,-97000
="079434",0,84000,-84000
="079435",31000,31000,0
="079586",58000,69000,-11000
="079632",0,100000,-100000
="079727",75000,25000,50000
="079728",0,71000,-71000
="079729",65000,166000,-101000
="079730",15000,0,15000
="079732",29000,10000,19000
="079734",107000,245000,-138000
="079735",2000,0,2000
="079736",0,7000,-7000
="079737",351000,140000,211000
="079738",100000,5362000,-5262000
="079740",65000,107000,-42000
="079742",653000,257000,396000
="079743",200000,82000,118000
="079745",0,46000,-46000
="079868",6000,443000,-437000
="079872",0,3000,-3000
="079873",45000,140000,-95000
="079961",0,2000,-2000
="079979",2000,105000,-103000
="079980",102000,20000,82000
="079981",33000,696000,-663000
="079982",0,197000,-197000
="079983",1000,12000,-11000
="079984",0,1000,-1000
="079985",59000,4000,55000
="080161",0,189000,-189000
="080162",0,347000,-347000
="080163",44000,314000,-270000
="080167",0,251000,-251000
="080168",0,120000,-120000
="080169",0,11000,-11000
="080170",30000,31000,-1000
="080174",0,5000,-5000
="080175",12000,210000,-198000
="080176",208000,162000,46000
="080177",100000,365000,-265000
="080178",64000,30000,34000
="080181",0,60000,-60000
="080183",50000,183000,-133000
="080184",0,10000,-10000
="080186",0,187000,-187000
="080187",5000,0,5000
="080205",342000,110000,232000
="080343",0,2000,-2000
="080344",10000,20000,-10000
="080345",0,23000,-23000
="080347",0,2000,-2000
="080348",113000,218000,-105000
="080349",87000,265000,-178000
="080350",15000,0,15000
="080352",0,5000,-5000
="080386",200000,0,200000
="080540",0,28000,-28000
="080541",11000,11000,0
="080542",0,1000,-1000
="080543",0,57000,-57000
="080544",0,25000,-25000
="080545",95000,206000,-111000
="080546",402000,25000,377000
="080547",0,4000,-4000
="080594",101000,14000,87000
="080595",15000,0,15000
="080596",40000,22000,18000
="080597",5000,25000,-20000
="080598",282000,284000,-2000
="080600",252000,105000,147000
="080601",4000,399000,-395000
="080602",0,13000,-13000
="080603",65000,15000,50000
="080604",0,104000,-104000
="080609",20000,0,20000
="080728",136000,0,136000
="080753",10000,0,10000
="080844",81000,740000,-659000
="080857",0,3000,-3000
="080859",139000,5000,134000
="080861",20000,40000,-20000
="080862",72000,0,72000
="080864",64000,19000,45000
="080865",0,61000,-61000
="080867",20000,16000,4000
="080868",150000,0,150000
="081017",44000,0,44000
="081019",379000,303000,76000
="081020",20000,310000,-290000
="081024",647000,149000,498000
="081025",221000,0,221000
="081026",6000,4000,2000
="081130",10000,6000,4000
="081214",0,182000,-182000
="081217",0,22000,-22000
="081218",185000,794000,-609000
="081219",0,16000,-16000
="081221",10000,144000,-134000
="081222",31000,200000,-169000
="081223",6000,154000,-148000
="081224",1167000,912000,255000
="081225",145000,180000,-35000
="081226",71000,287000,-216000
="081227",0,35000,-35000
="081228",4000,0,4000
="081233",0,30000,-30000
="081234",11000,0,11000
="081235",0,808000,-808000
="081256",60000,0,60000
="081271",0,12000,-12000
="081274",0,2000,-2000
="081278",45000,179000,-134000
="081279",100000,100000,0
="081280",0,51000,-51000
="081281",0,681000,-681000
="081283",0,11000,-11000
="081285",1000,119000,-118000
="081287",123000,363000,-240000
="081288",15000,0,15000
="081289",60000,36000,24000
="081313",0,1000,-1000
="081428",0,206000,-206000
="081429",46000,0,46000
="081430",0,25000,-25000
="081435",0,438000,-438000
="081436",425000,1168000,-743000
="081437",430000,0,430000
="081438",92000,35000,57000
="081439",121000,10000,111000
="081440",10000,3000,7000
="081443",250000,150000,100000
="081446",400000,91000,309000
="081447",30000,93000,-63000
="081448",15000,0,15000
="081450",352000,789000,-437000
="081451",55000,21000,34000
="081452",18000,0,18000
="081575",0,270000,-270000
="081609",0,1000,-1000
="081692",10000,35000,-25000
="081707",0,10000,-10000
="081708",114000,110000,4000
="081709",30000,402000,-372000
="081710",0,41000,-41000
="081711",194000,3360000,-3166000
="081712",300000,2274000,-1974000
="081715",248000,412000,-164000
="081716",145000,0,145000
="081717",67000,0,67000
="081718",5000,73000,-68000
="081719",0,50000,-50000
="081720",65000,87000,-22000
="081721",119000,31000,88000
="081723",311000,258000,53000
="081724",30000,0,30000
="081725",227000,135000,92000
="081726",5000,15000,-10000
="081727",45000,67000,-22000
="081814",10000,1000,9000
="081816",1000,0,1000
="081864",450000,0,450000
="081865",50000,0,50000
="081945",79000,54000,25000
="081946",32000,790000,-758000
="081947",477000,185000,292000
="081950",0,49000,-49000
="081951",19000,0,19000
="081952",291000,313000,-22000
="081953",111000,0,111000
="081955",0,2000,-2000
="081956",100000,103000,-3000
="081959",190000,580000,-390000
="081995",80000,0,80000
="082003",47000,0,47000
="082016",50000,0,50000
="082123",325000,1000,324000
="082124",165000,707000,-542000
="082127",37000,159000,-122000
="082128",339000,2379000,-2040000
="082129",29000,15000,14000
="082130",4381000,5170000,-789000
="082132",230000,464000,-234000
="082133",23000,5000,18000
="082134",1000,100000,-99000
="082136",0,1000,-1000
="082137",95000,199000,-104000
="082138",0,366000,-366000
="082139",0,20000,-20000
="082140",82000,100000,-18000
="082141",0,25000,-25000
="082143",0,200000,-200000
="082144",230000,168000,62000
="082145",600000,507000,93000
="082162",0,160000,-160000
="082176",33000,0,33000
="082205",80000,0,80000
="082206",1000,0,1000
="082306",0,77000,-77000
="082314",0,5000,-5000
="082315",109000,161000,-52000
="082318",31000,43000,-12000
="082319",419000,2245000,-1826000
="082320",133000,77000,56000
="082321",75000,140000,-65000
="082323",10000,0,10000
="082324",30000,9000,21000
="082325",16000,84000,-68000
="082326",11000,8000,3000
="082328",15000,301000,-286000
="082330",120000,136000,-16000
="082331",0,20000,-20000
="082332",51000,8000,43000
="082333",24000,0,24000
="082334",0,20000,-20000
="082335",10000,3000,7000
="082337",1000,5000,-4000
="082338",0,77000,-77000
="082339",50000,60000,-10000
="082340",0,88000,-88000
="082396",38000,0,38000
="082475",4000,0,4000
="082476",0,233000,-233000
="082477",67000,0,67000
="082478",0,453000,-453000
="082479",1000,11000,-10000
="082480",0,110000,-110000
="082481",991000,1744000,-753000
="082482",250000,1784000,-1534000
="082483",0,188000,-188000
="082485",20000,30000,-10000
="082486",5000,305000,-300000
="082487",642000,330000,312000
="082488",425000,446000,-21000
="082489",0,300000,-300000
="082490",49000,10000,39000
="082491",280000,33000,247000
="082492",266000,332000,-66000
="082493",70000,1000,69000
="082494",215000,50000,165000
="082495",810000,200000,610000
="082496",0,5000,-5000
="082497",0,311000,-311000
="082498",20000,0,20000
="082499",5000,0,5000
="082501",3000,14000,-11000
="082502",70000,23000,47000
="082503",34000,25000,9000
="082531",10000,0,10000
="082533",250000,0,250000
="082538",1000,0,1000
="082557",0,30000,-30000
="082558",97000,600000,-503000
="082559",0,35000,-35000
="082560",312000,236000,76000
="082561",10000,5000,5000
="082562",15000,10000,5000
="082563",383000,35000,348000
="082564",826000,59000,767000
="082565",0,10000,-10000
="082566",0,22000,-22000
="082571",0,57000,-57000
="082573",1000,0,1000
="082574",47000,139000,-92000
="082575",5000,0,5000
="082576",50000,23000,27000
="082577",55000,5000,50000
="082578",128000,27000,101000
="082643",0,3000,-3000
="082661",70000,120000,-50000
="082665",120000,0,120000
="082666",300000,0,300000
="082749",20000,20000,0
="082750",8000,102000,-94000
="082751",273000,10000,263000
="082752",10000,0,10000
="082753",7000,45000,-38000
="082754",156000,308000,-152000
="082755",12000,3000,9000
="082756",0,129000,-129000
="082757",26000,279000,-253000
="082758",16000,64000,-48000
="082761",0,113000,-113000
="082765",0,1613000,-1613000
="082768",134000,330000,-196000
="082769",20000,0,20000
="082770",180000,74000,106000
="082771",155000,107000,48000
="082772",125000,261000,-136000
="082773",554000,352000,202000
="082774",4000,397000,-393000
="082775",0,4000,-4000
="082776",11000,65000,-54000
="082784",81000,502000,-421000
="082785",280000,166000,114000
="082788",121000,38000,83000
="082798",63000,377000,-314000
="082799",0,75000,-75000
="082838",0,1000,-1000
="082918",3000,0,3000
="082923",3000,331000,-328000
="082924",3000,1217000,-1214000
="082925",0,671000,-671000
="082929",4000,95000,-91000
="082930",15000,0,15000
="082931",1000,20000,-19000
="082933",175000,16000,159000
="082934",60000,21000,39000
="082950",0,277000,-277000
="082994",0,2000,-2000
="082999",50000,0,50000
="083034",30000,7000,23000
="083035",3000,0,3000
="083050",60000,0,60000
="083196",0,100000,-100000
="083197",65000,81000,-16000
="083198",0,20000,-20000
="083199",261000,2608000,-2347000
="083201",0,30000,-30000
="083202",30000,98000,-68000
="083203",5000,94000,-89000
="083204",771000,599000,172000
="083205",0,164000,-164000
="083206",598000,68000,530000
="083207",754000,617000,137000
="083208",119000,101000,18000
="083212",15000,77000,-62000
="083213",41000,21000,20000
="083214",20000,0,20000
="083215",24000,284000,-260000
="083216",0,4000,-4000
="083217",81000,20000,61000
="083218",0,2000,-2000
="083220",32000,0,32000
="083326",0,120000,-120000
="083327",254000,1014000,-760000
="083328",0,32000,-32000
="083329",85000,42000,43000
="083330",0,36000,-36000
="083333",8000,4000,4000
="083335",4000,0,4000
="083336",401000,820000,-419000
="083338",7000,236000,-229000
="083339",30000,151000,-121000
="083340",94000,196000,-102000
="083341",26000,65000,-39000
="083342",109000,345000,-236000
="083343",0,10000,-10000
="083344",20000,22000,-2000
="083345",20000,359000,-339000
="083346",0,19000,-19000
="083347",2000,5000,-3000
="083350",31000,0,31000
="083460",524000,933000,-409000
="083461",0,85000,-85000
="083462",625000,239000,386000
="083463",532000,155000,377000
="083464",590000,1288000,-698000
="083465",78000,50000,28000
="083470",0,1000,-1000
="083471",7000,400000,-393000
="083472",140000,0,140000
="083473",35000,22000,13000
="083476",150000,48000,102000
="083478",5000,10000,-5000
="083480",5000,181000,-176000
="083570",0,60000,-60000
="083665",35000,242000,-207000
="083666",30000,0,30000
="083668",20000,583000,-563000
="083670",1000,12000,-11000
="083673",187000,207000,-20000
="083674",31000,15000,16000
="083675",0,15000,-15000
="083677",0,200000,-200000
="083679",2000,37000,-35000
="083682",0,43000,-43000
="083683",0,52000,-52000
="083684",0,10000,-10000
="083685",2000,9000,-7000
="083686",0,25000,-25000
="083688",4000,422000,-418000
="083759",10000,0,10000
="083787",20000,1000,19000
="083788",77000,493000,-416000
="083789",1660000,296000,1364000
="083790",19000,120000,-101000
="083792",0,11000,-11000
="083793",51000,40000,11000
="083798",0,100000,-100000
="083799",0,100000,-100000
="084006",5000,165000,-160000
="084010",57000,177000,-120000
="084011",2000,0,2000
="084015",0,70000,-70000
="084016",80000,80000,0
="084017",0,26000,-26000
="084018",57000,101000,-44000
="084020",11000,8000,3000
="084022",0,156000,-156000
="084025",21000,8000,13000
="084170",20000,0,20000
="084230",50000,78000,-28000
="084231",22000,381000,-359000
="084232",0,95000,-95000
="084234",0,120000,-120000
="084235",0,11000,-11000
="084236",25000,166000,-141000
="084237",115000,375000,-260000
="084238",0,199000,-199000
="084242",0,80000,-80000
="084243",0,50000,-50000
="084244",0,6000,-6000
="084245",5000,6000,-1000
="084247",0,20000,-20000
="084248",0,40000,-40000
="084249",215000,245000,-30000
="084374",0,100000,-100000
="084377",0,3000,-3000
="084378",0,10000,-10000
="084379",0,25000,-25000
="084380",0,25000,-25000
="084383",0,196000,-196000
="084384",0,100000,-100000
="084386",0,23000,-23000
="084387",0,100000,-100000
="084388",0,7000,-7000
="084536",0,42000,-42000
="084539",0,5000,-5000
="084547",0,4000,-4000
="1101",504058,22000,482058
="1102",1000,0,1000
="1201",1,0,1
="1203",1,0,1
="1210",5000,0,5000
="1216",187000,234000,-47000
="1217",0,10000,-10000
="1229",50,1100,-1050
="1301",3000,6000,-3000
="1303",28000,4000,24000
="1304",70000,1000,69000
="1305",109000,1000,108000
="1308",4000,1000,3000
="1309",30,0,30
="1310",51,0,51
="1312",83000,44000,39000
="1314",111008,15000,96008
="1324",2000,0,2000
="1325",42000,70000,-28000
="1338",1,0,1
="1340",101,0,101
="1402",1000,11000,-10000
="1419",1,0,1
="1447",0,2505,-2505
="1451",100,0,100
="1452",0,15000,-15000
="1454",0,2000,-2000
="1456",3000,2000,1000
="1466",13000,0,13000
="1474",1000,140,860
="1476",14000,4000,10000
="1477",1050,1000,50
="1504",1000,0,1000
="1513",122000,113000,9000
="1515",10000,4000,6000
="1519",1000,4000,-3000
="1524",10000,0,10000
="1530",3000,19,2981
="1533",83000,70000,13000
="1536",4001,34000,-29999
="1541",1000,0,1000
="1558",100,0,100
="1568",1000,0,1000
="1570",0,5000,-5000
="1582",100,24000,-23900
="1584",50001,0,50001
="1586",0,6000,-6000
="1587",10000,0,10000
="1590",2000,0,2000
="1593",8000,6000,2000
="1595",29,0,29
="1597",20000,32500,-12500
="1598",4000,7000,-3000
="1605",19000,0,19000
="1608",10000,11000,-1000
="1609",30001,107000,-76999
="1611",1000,0,1000
="1614",0,4000,-4000
="1618",0,1000,-1000
="1701",2000,5000,-3000
="1707",2000,0,2000
="1711",0,205,-205
="1714",25000,0,25000
="1717",0,10000,-10000
="1718",10001,10000,1
="1720",0,4000,-4000
="1722",1,1000,-999
="1725",0,1000,-1000
="1732",27000,159000,-132000
="1736",30000,5000,25000
="1760",5000,3000,2000
="1762",2000,0,2000
="1784",1000,0,1000
="1785",47000,1605000,-1558000
="1788",200,0,200
="1789",0,4000,-4000
="1795",6000,0,6000
="1799",0,2000,-2000
="1802",33000,283000,-250000
="1805",93000,0,93000
="1810",5000,5000,0
="1815",1000,1000,0
="1817",25000,0,25000
="1904",1,10000,-9999
="1909",93000,6000,87000
="2002",46001,39601,6400
="2006",69001,2000,67001
="2007",2000,0,2000
="2009",9000,11000,-2000
="2012",1,0,1
="2013",0,2000,-2000
="2014",224000,32000,192000
="2022",99,0,99
="2023",0,2000,-2000
="2027",90000,55000,35000
="2034",2000,10000,-8000
="2038",112000,110000,2000
="2049",4000,57000,-53000
="2061",0,1000,-1000
="2101",100,0,100
="2102",1,0,1
="2103",1000,1000,0
="2105",5000,0,5000
="2106",0,2000,-2000
="2107",2000,0,2000
="2108",39000,41000,-2000
="2201",174000,154116,19884
="2204",0,71000,-71000
="2206",1000,6000,-5000
="2207",0,1000,-1000
="2208",1000,1631,-631
="2231",86020,6000,80020
="2233",1000,10000,-9000
="2239",2000,0,2000
="2247",1000,0,1000
="2301",1000,71000,-70000
="2302",4000,209000,-205000
="2303",3670210,2732000,938210
="2308",43040,204000,-160960
="2312",0,10000,-10000
="2313",32013,96000,-63987
="2314",0,1000,-1000
="2316",8140,0,8140
="2317",501430,1681434,-1180004
="2324",0,1000,-1000
="2327",112030,298000,-185970
="2328",171000,514000,-343000
="2329",1000,3000,-2000
="2330",299144,502691,-203547
="2331",50150,59000,-8850
="2332",8000,1000,7000
="2337",106000,279100,-173100
="2338",0,20000,-20000
="2342",2000,11000,-9000
="2344",304002,596080,-292078
="2345",2000,14000,-12000
="2347",2000,1000,1000
="2351",2000,21000,-19000
="2352",9025,1000,8025
="2353",419062,552000,-132938
="2354",348000,21000,327000
="2355",10000,6000,4000
="2356",6000,2000,4000
="2357",4005,12002,-7997
="2359",53000,0,53000
="2360",2000,8000,-6000
="2363",21000,0,21000
="2364",1,0,1
="2367",1000,16000,-15000
="2368",17000,58000,-41000
="2369",2000,0,2000
="2371",13001,17000,-3999
="2375",148001,39000,109001
="2376",8000,1025000,-1017000
="2377",4000,17000,-13000
="2379",20000,132999,-112999
="2380",1,0,1
="2382",5050,18851,-13801
="2383",3030,4000,-970
="2385",2000,5000,-3000
="2387",127000,1000,126000
="2388",1000,2000,-1000
="2390",100000,23000,77000
="2392",10,0,10
="2393",2000,11000,-9000
="2395",3000,0,3000
="2399",7000,13000,-6000
="2401",493000,812000,-319000
="2402",23000,0,23000
="2404",0,4000,-4000
="2405",7001,0,7001
="2406",1,0,1
="2408",327045,57000,270045
="2409",2766350,1791003,975347
="2412",0,3250,-3250
="2415",10000,11000,-1000
="2417",17000,22000,-5000
="2419",0,3000,-3000
="2420",3000,0,3000
="2421",1000,0,1000
="2424",2000,0,2000
="2428",0,1000,-1000
="2430",1,0,1
="2436",5000,0,5000
="2439",3016,8000,-4984
="2441",160006,27000,133006
="2442",11000,8000,3000
="2444",0,2000,-2000
="2449",359000,174000,185000
="2453",1000,0,1000
="2454",223103,188000,35103
="2455",101001,38000,63001
="2456",74040,65000,9040
="2457",0,2000,-2000
="2458",27050,19000,8050
="2459",0,1000,-1000
="2465",1,0,1
="2467",98000,5000,93000
="2471",15000,1000,14000
="2472",11000,0,11000
="2474",5003,42000,-36997
="2476",29000,0,29000
="2478",5006,5000,6
="2481",16000,26000,-10000
="2482",2000,0,2000
="2484",1000,0,1000
="2485",3001,3450,-449
="2489",380,23,357
="2492",39000,44000,-5000
="2498",4000,99000,-95000
="2501",1000,0,1000
="2504",25000,11000,14000
="2505",76001,96000,-19999
="2509",5000,0,5000
="2511",55000,0,55000
="2514",0,4,-4
="2515",3001,15000,-11999
="2520",56000,0,56000
="2534",160,0,160
="2535",1,1000,-999
="2538",1,0,1
="2540",0,31000,-31000
="2542",0,3000,-3000
="2546",0,2000,-2000
="2601",1000,1000,0
="2603",3369300,1742320,1626980
="2605",2000,0,2000
="2606",0,2000,-2000
="2607",1,0,1
="2609",3058000,2299000,759000
="2610",141000,439100,-298100
="2613",1000,0,1000
="2615",52000,25000,27000
="2616",1,0,1
="2617",1000,1000,0
="2618",202000,122090,79910
="2633",3000,10000,-7000
="2636",5000,0,5000
="2640",10000,0,10000
="2641",1000,0,1000
="2707",0,50,-50
="2727",103000,5000,98000
="2729",0,2000,-2000
="2812",202,0,202
="2823",174000,3000000,-2826000
="2832",2001,201,1800
="2834",2000,3000,-1000
="2841",2001,0,2001
="2855",42000,23049,18951
="2867",0,2000,-2000
="2880",301222,1746805,-1445583
="2881",29000,11000,18000
="2882",15000,5000,10000
="2883",2000,20000,-18000
="2884",22045,39026,-16981
="2885",32000,3000,29000
="2886",3000,2000000,-1997000
="2887",3000,89,2911
="2887E",4000,0,4000
="2888",200000,0,200000
="2889",0,5000,-5000
="2890",3001,2334000,-2330999
="2891",1015582,407000,608582
="2892",2000,0,2000
="2897",3000,0,3000
="2913",1,0,1
="2915",8000,0,8000
="2929",453000,0,453000
="3003",6000,5000,1000
="3005",3000,0,3000
="3006",49000,121000,-72000
="3008",1000,3000,-2000
="3010",1,0,1
="3011",10000,0,10000
="3014",11,0,11
="3015",3000,2000,1000
="3016",0,2000,-2000
="3017",15300,125000,-109700
="3018",2000,2000,0
="3019",1000,4000,-3000
="3023",0,11000,-11000
="3024",1,0,1
="3026",4000,191000,-187000
="3030",1000,0,1000
="3031",0,2000,-2000
="3032",20000,0,20000
="3034",8000,9000,-1000
="3035",83000,9000,74000
="3037",139001,118000,21001
="3041",3000,0,3000
="3042",77000,218000,-141000
="3044",4000,3000,1000
="3045",1000,0,1000
="3048",1,0,1
="3049",8000,0,8000
="3051",500,0,500
="3055",50,0,50
="3056",1000,0,1000
="3057",100,0,100
="3058",20000,20000,0
="3059",109001,34000,75001
="3060",88,0,88
="3071",15000,15000,0
="3078",0,3000,-3000
="3081",12100,10000,2100
="3083",1000,3000,-2000
="3090",5000,0,5000
="3092",18000,127000,-109000
="3094",1,0,1
="3105",25070,9000,16070
="3115",10,0,10
="3122",7000,1000,6000
="3128",0,6000,-6000
="3138",30,0,30
="3141",1000,3000,-2000
="3147",0,1000,-1000
="3152",10000,5000,5000
="3164",1000,958,42
="3169",3000,25000,-22000
="3176",1,0,1
="3178",124000,194000,-70000
="3189",122000,412000,-290000
="3205",2000,0,2000
="3206",4001,0,4001
="3207",0,1000,-1000
="3211",506,0,506
="3217",115000,18000,97000
="3218",0,2000,-2000
="3219",0,5000,-5000
="3227",15042,33500,-18458
="3228",244000,81000,163000
="3229",3,0,3
="3231",43000,30000,13000
="3234",1000,5000,-4000
="3257",5002,22000,-16998
="3260",111000,17000,94000
="3264",87000,5000,82000
="3265",0,65000,-65000
="3272",4000,7000,-3000
="3289",1,0,1
="3290",1,0,1
="3293",8000,7000,1000
="3296",1000,1000,0
="3305",0,1000,-1000
="3310",46000,45000,1000
="3311",2,0,2
="3312",0,97,-97
="3321",92,0,92
="3322",2000,2000,0
="3323",15000,18000,-3000
="3324",10000,22000,-12000
="3325",2000,0,2000
="3338",1,0,1
="3346",0,29327,-29327
="3356",1,0,1
="3360",37,0,37
="3362",10000,6000,4000
="3374",136100,206000,-69900
="3376",1000,10000,-9000
="3380",14000,44000,-30000
="3406",27000,57000,-30000
="3413",5000,217000,-212000
="3419",139000,18000,121000
="3437",0,10000,-10000
="3438",0,2000,-2000
="3441",6000,6000,0
="3443",54000,46000,8000
="3450",0,4000,-4000
="3481",4743000,582553,4160447
="3483",18000,2000,16000
="3484",16001,2000,14001
="3490",1000,0,1000
="3494",10,0,10
="3515",0,7000,-7000
="3516",7000,0,7000
="3522",0,5000,-5000
="3526",1000,41000,-40000
="3527",1001,1000,1
="3528",1000,0,1000
="3529",5000,7019,-2019
="3530",1000,1000,0
="3533",3000,3000,0
="3536",371,0,371
="3537",2000,0,2000
="3540",0,8000,-8000
="3545",70010,70000,10
="3546",3001,8000,-4999
="3551",1000,0,1000
="3552",142000,174000,-32000
="3556",2,0,2
="3557",3016,0,3016
="3563",0,7000,-7000
="3564",1000,0,1000
="3576",4632,5000,-368
="3580",0,7000,-7000
="3587",5000,0,5000
="3588",6000,0,6000
="3593",3,0,3
="3596",13000,5000,8000
="3597",3000,3000,0
="3605",1,0,1
="3607",1,0,1
="3611",0,1000,-1000
="3622",1000,1000,0
="3623",116,0,116
="3625",5000,1000,4000
="3630",0,71000,-71000
="3642",1000,0,1000
="3653",5000,2000,3000
="3661",11001,7000,4001
="3663",1000,0,1000
="3665",49200,81000,-31800
="3666",266000,48000,218000
="3669",19000,16000,3000
="3673",0,10000,-10000
="3680",39000,31150,7850
="3682",0,10000,-10000
="3684",0,4000,-4000
="3685",13000,3000,10000
="3691",1000,8000,-7000
="3694",0,15000,-15000
="3702",0,2000,-2000
="3703",2000,0,2000
="3704",86000,124000,-38000
="3706",100000,10000,90000
="3707",36000,28000,8000
="3708",9000,1000,8000
="3710",0,1876000,-1876000
="3711",274100,732300,-458200
="3714",21805,63000,-41195
="4102",8001,2000,6001
="4105",0,200000,-200000
="4108",1000,0,1000
="4109",1,0,1
="4114",5000,5000,0
="4119",2000,2000,0
="4121",16001,0,16001
="4123",2000,1000,1000
="4126",1001,0,1001
="4128",5000,4000,1000
="4129",1,0,1
="4130",0,20000,-20000
="4133",3000,3000,0
="4137",31000,5000,26000
="4142",5000,13000,-8000
="4147",1,0,1
="4152",14000,15000,-1000
="4157",5100,4000,1100
="4162",3000,0,3000
="4163",5000,10000,-5000
="4167",20000,10000,10000
="4171",1000,2000,-1000
="4173",0,6000,-6000
="4188",0,2000,-2000
="4420",1000,503,497
="4528",3000,1000,2000
="4534",0,67,-67
="4536",0,1000,-1000
="4540",0,2000,-2000
="4551",0,5000,-5000
="4557",1,0,1
="4561",0,1000,-1000
="4564",3000,0,3000
="4566",28000,28000,0
="4576",46000,44000,2000
="4581",3000,0,3000
="4712",1000,0,1000
="4722",14000,15000,-1000
="4728",1000,0,1000
="4739",1,1000,-999
="4743",7700,4500,3200
="4746",0,5000,-5000
="4755",0,1000,-1000
="4760",30000,0,30000
="4763",10000,5000,5000
="4803",1,0,1
="4904",65,0,65
="4906",7000,0,7000
="4908",1,0,1
="4912",2000,1000,1000
="4915",182000,123000,59000
="4919",14,56000,-55986
="4927",3000,0,3000
="4933",0,16000,-16000
="4934",2000,0,2000
="4935",8000,3000,5000
="4938",87520,80050,7470
="4943",43,2000,-1957
="4952",2000,1000,1000
="4958",22000,16000,6000
="4960",22017,24000,-1983
="4961",1125000,1141000,-16000
="4966",7000,2000,5000
="4967",1000,3000,-2000
="4968",22000,23100,-1100
="4976",99000,272000,-173000
="4991",1,0,1
="5009",100,0,100
="5011",30000,0,30000
="5014",111000,468000,-357000
="5203",15001,0,15001
="5215",4000,0,4000
="5223",8000,7000,1000
="5227",0,3,-3
="5243",29000,63000,-34000
="5263",1,0,1
="5269",43000,26020,16980
="5274",1000,1000,0
="5283",0,1000,-1000
="5285",8000,2000,6000
="5289",1000,1000,0
="5299",11000,1,10999
="5306",1000,30000,-29000
="5309",9000,1000,8000
="5328",1,10000,-9999
="5344",0,3000,-3000
="5347",34000,161100,-127100
="5351",0,4000,-4000
="5356",1,0,1
="5371",0,12000,-12000
="5386",36000,15000,21000
="5388",0,3000,-3000
="5392",1000,0,1000
="5410",0,1000,-1000
="5425",18000,213000,-195000
="5434",0,1000,-1000
="5438",1,0,1
="5439",148000,26000,122000
="5443",25000,10000,15000
="5452",6000,47000,-41000
="5457",65000,57000,8000
="5460",1,0,1
="5469",12000,20000,-8000
="5471",13000,108000,-95000
="5478",0,2000,-2000
="5483",56100,402000,-345900
="5484",2000,0,2000
="5488",0,5000,-5000
="5498",10000,5000,5000
="5512",1,0,1
="5521",4002,14000,-9998
="5522",77000,0,77000
="5523",0,2000,-2000
="5534",1000,0,1000
="5536",0,1000,-1000
="5538",1000,0,1000
="5543",2000,0,2000
="5608",2000,6000,-4000
="5871",600,4150,-3550
="5871A",0,197,-197
="5876",0,1000,-1000
="5880",0,2000,-2000
="5905",1,0,1
="6005",1000,0,1000
="6015",1,0,1
="6104",12000,239000,-227000
="6108",0,1000,-1000
="6111",1,0,1
="6116",94000,213000,-119000
="6118",5000,6000,-1000
="6120",15000,15000,0
="6121",502,3000,-2498
="6125",142000,44000,98000
="6126",16002,12000,4002
="6127",0,6000,-6000
="6129",10000,13000,-3000
="6136",1,0,1
="6138",1,0,1
="6142",1,0,1
="6143",1000,2000,-1000
="6147",47002,2000,45002
="6150",4000,27000,-23000
="6153",24000,5000,19000
="6155",3000,3000,0
="6158",1,0,1
="6165",1,0,1
="6166",5000,8000,-3000
="6168",5000,0,5000
="6169",1,0,1
="6173",6000,2000,4000
="6176",17000,14000,3000
="6182",68000,402000,-334000
="6185",80,5000,-4920
="6187",51000,21000,30000
="6188",0,1000,-1000
="6189",1,0,1
="6191",35000,3000,32000
="6196",6000,14000,-8000
="6197",1000,0,1000
="6202",0,2000,-2000
="6205",0,2000,-2000
="6208",352000,477153,-125153
="6209",1000,1000,0
="6213",0,2000,-2000
="6214",2000,0,2000
="6217",5000,3000,2000
="6219",17000,16000,1000
="6221",2000,0,2000
="6223",28001,13000,15001
="6224",1001,10000,-8999
="6230",0,1000,-1000
="6231",3000,0,3000
="6233",55000,100000,-45000
="6237",26001,75000,-48999
="6239",1,35000,-34999
="6243",1001,9000,-7999
="6244",48000,47400,600
="6251",1,20000,-19999
="6257",19000,4050,14950
="6261",2000,0,2000
="6269",3000,17000,-14000
="6271",42000,47000,-5000
="6275",4000,4000,0
="6278",65050,22207,42843
="6279",17000,6000,11000
="6282",14000,1000,13000
="6284",38501,688000,-649499
="6288",1000,2000,-1000
="6290",1000,0,1000
="6411",121000,6000,115000
="6414",5000,4000,1000
="6415",2000,0,2000
="6417",0,1000,-1000
="6426",1,0,1
="6431",0,51000,-51000
="6435",1000,0,1000
="6438",4000,3000,1000
="6441",11000,4000,7000
="6443",26150,26000,150
="6446",0,3000,-3000
="6449",4000,0,4000
="6456",5000,7000,-2000
="6462",1000,0,1000
="6485",135000,230000,-95000
="6488",59000,100090,-41090
="6491",24000,5000,19000
="6492",0,4000,-4000
="6494",0,1000,-1000
="6499",2000,0,2000
="6504",1000,0,1000
="6510",0,8000,-8000
="6516",0,6000,-6000
="6525",4000,0,4000
="6531",87037,112041,-25004
="6533",22000,13000,9000
="6541",0,7000,-7000
="6542",1000,0,1000
="6547",35000,13000,22000
="6548",3000,15000,-12000
="6568",0,1000,-1000
="6589",4000,0,4000
="6591",1000,4000,-3000
="6592",0,1000,-1000
="6593",1000,1000,0
="6605",1000,2000,-1000
="6640",0,5000,-5000
="6643",0,2000,-2000
="6651",0,2000,-2000
="6655",1000,0,1000
="6664",1000,0,1000
="6668",1000,1000,0
="6669",1000,2000,-1000
="6670",45000,2000,43000
="6672",200,3000,-2800
="6679",3600,0,3600
="6683",6000,0,6000
="6698",5000,1000,4000
="6703",6000,0,6000
="6706",2000,2000,0
="6732",280,0,280
="6733",3000,2000,1000
="6743",0,6000,-6000
="6747",1000,61000,-60000
="711673",1000,0,1000
="711677",1000,0,1000
="711700",0,10000,-10000
="711701",340000,11000,329000
="712014",6000,81000,-75000
="712326",2000,0,2000
="712370",0,10000,-10000
="712403",10000,0,10000
="712605",10000,0,10000
="712612",21000,40000,-19000
="712630",22000,0,22000
="712633",5000,0,5000
="712916",8000,121000,-113000
="712920",0,5000,-5000
="712922",42000,0,42000
="712978",3000,60000,-57000
="712979",6000,0,6000
="712981",74000,32000,42000
="713042",1000,0,1000
="713085",10000,0,10000
="713183",23000,0,23000
="713184",60000,0,60000
="713241",0,10000,-10000
="713317",0,20000,-20000
="713326",0,12000,-12000
="713327",295000,102000,193000
="713352",90000,0,90000
="713388",100000,0,100000
="713404",20000,0,20000
="713515",402000,0,402000
="713587",0,32000,-32000
="713589",70000,80000,-10000
="713653",0,20000,-20000
="713675",140000,286000,-146000
="713939",0,10000,-10000
="713979",0,1000,-1000
="714032",1000,0,1000
="714034",10000,0,10000
="714155",400000,0,400000
="714211",0,2000,-2000
="714212",0,20000,-20000
="714236",110000,5000,105000
="714237",0,15000,-15000
="714254",970000,0,970000
="714272",0,250000,-250000
="714341",0,7000,-7000
="714367",0,10000,-10000
="714431",120000,0,120000
="714489",15000,0,15000
="714513",50000,3000,47000
="714516",740000,345000,395000
="714517",0,20000,-20000
="714518",45000,10000,35000
="714620",30000,10000,20000
="714622",0,15000,-15000
="714685",40000,10000,30000
="714687",116000,0,116000
="714712",210000,101000,109000
="714713",0,5000,-5000
="714714",10000,0,10000
="714795",0,120000,-120000
="714856",90000,1000,89000
="714857",8000,50000,-42000
="714858",0,203000,-203000
="714859",7000,153000,-146000
="714860",8000,0,8000
="714889",15000,60000,-45000
="714995",30000,0,30000
="715011",6000,26000,-20000
="715066",0,70000,-70000
="715067",7000,11000,-4000
="715070",16000,28000,-12000
="715071",0,10000,-10000
="715072",150000,17000,133000
="715073",1000,29000,-28000
="715115",11000,2000,9000
="715158",0,39000,-39000
="715159",570000,313000,257000
="715161",10000,0,10000
="715163",10000,0,10000
="715181",34000,6000,28000
="715239",5000,0,5000
="715285",0,142000,-142000
="715286",8000,36000,-28000
="715327",139000,2000,137000
="715356",33000,39000,-6000
="715417",75000,156000,-81000
="715520",0,1000,-1000
="715548",15000,0,15000
="715552",0,6000,-6000
="715553",20000,0,20000
="715555",10000,0,10000
="715609",0,28000,-28000
="715643",100000,0,100000
="715657",1000,0,1000
="715660",60000,11000,49000
="715661",35000,30000,5000
="715662",0,295000,-295000
="715694",10000,15000,-5000
="715813",20000,30000,-10000
="715815",0,1000,-1000
="715901",10000,5000,5000
="715935",30000,127000,-97000
="715971",60000,60000,0
="716037",0,5000,-5000
="716085",100000,0,100000
="716110",8000,0,8000
="716111",0,7000,-7000
="716137",293000,434000,-141000
="716252",110000,0,110000
="716281",0,100000,-100000
="716295",5000,0,5000
="716296",0,23000,-23000
="716297",0,20000,-20000
="716298",71000,432000,-361000
="716299",34000,2036000,-2002000
="716300",0,81000,-81000
="716347",0,60000,-60000
="716357",120000,0,120000
="716358",177000,0,177000
="716362",500000,500000,0
="716364",12000,0,12000
="716367",0,10000,-10000
="716368",4000,310000,-306000
="716369",15000,779000,-764000
="716370",71000,1213000,-1142000
="716493",30000,0,30000
="716499",10000,0,10000
="716507",0,2000,-2000
="716535",30000,0,30000
="716591",80000,0,80000
="716594",46000,0,46000
="716595",35000,0,35000
="716596",6000,23000,-17000
="716668",0,50000,-50000
="716677",105000,90000,15000
="716718",0,50000,-50000
="716772",20000,0,20000
="716816",100000,5000,95000
="716830",0,1000,-1000
="716837",67000,0,67000
="716838",0,52000,-52000
="716905",10000,25000,-15000
="716907",325000,483000,-158000
="716908",7000,279000,-272000
="716952",210000,0,210000
="716953",0,241000,-241000
="716954",22000,418000,-396000
="716955",100000,10000,90000
="716956",168000,51000,117000
="716957",90000,3000,87000
="716958",16000,295000,-279000
="716997",80000,120000,-40000
="717000",200000,182000,18000
="717001",0,45000,-45000
="717024",60000,97000,-37000
="717037",40000,0,40000
="717053",5000,0,5000
="717086",2000,0,2000
="717087",0,11000,-11000
="717088",34000,10000,24000
="717101",1000,0,1000
="717102",14000,7000,7000
="717103",100000,260000,-160000
="717159",40000,0,40000
="717203",3000,3000,0
="717204",485000,221000,264000
="717208",0,10000,-10000
="717210",6000,14000,-8000
="717305",11000,0,11000
="717307",100000,0,100000
="717321",30000,0,30000
="717351",0,10000,-10000
="717352",2000,0,2000
="717353",147000,341000,-194000
="717354",110000,355000,-245000
="717355",0,100000,-100000
="717358",43000,138000,-95000
="717359",0,5000,-5000
="717360",15000,5000,10000
="717361",32000,10000,22000
="717362",1000,0,1000
="717363",168000,26000,142000
="717365",10000,85000,-75000
="717459",0,42000,-42000
="717460",20000,15000,5000
="717461",616000,683000,-67000
="717462",200000,130000,70000
="717464",0,10000,-10000
="717468",212000,257000,-45000
="717469",0,15000,-15000
="717513",0,20000,-20000
="717514",28000,0,28000
="717516",22000,326000,-304000
="717518",206000,707000,-501000
="717519",0,112000,-112000
="717520",0,50000,-50000
="717522",16000,0,16000
="717523",0,108000,-108000
="717524",383000,366000,17000
="717525",100000,650000,-550000
="717526",0,15000,-15000
="717566",8000,0,8000
="717570",31000,74000,-43000
="717601",15000,12000,3000
="717603",35000,0,35000
="717605",40000,0,40000
="717606",140000,10000,130000
="717607",0,20000,-20000
="717609",9000,5000,4000
="717610",0,10000,-10000
="717635",130000,0,130000
="717636",170000,137000,33000
="717639",5000,287000,-282000
="717640",100000,0,100000
="717641",0,60000,-60000
="717683",60000,20000,40000
="717685",25000,122000,-97000
="717686",0,215000,-215000
="717687",0,161000,-161000
="717688",0,5000,-5000
="717689",3000,13000,-10000
="717735",262000,96000,166000
="717736",15000,0,15000
="717737",200000,30000,170000
="717738",20000,76000,-56000
="717740",1000,5000,-4000
="717741",30000,35000,-5000
="717742",95000,142000,-47000
="717773",111000,661000,-550000
="717774",20000,234000,-214000
="717775",0,437000,-437000
="717777",0,10000,-10000
="717779",0,338000,-338000
="717793",30000,0,30000
="717815",181000,663000,-482000
="717816",62000,830000,-768000
="717817",0,6000,-6000
="717818",36000,267000,-231000
="717820",8000,0,8000
="717846",140000,0,140000
="717860",1000,0,1000
="717862",20000,84000,-64000
="717918",0,147000,-147000
="717950",10000,201000,-191000
="717953",0,30000,-30000
="717957",574000,406000,168000
="717959",0,2000,-2000
="717960",20000,104000,-84000
="717962",12000,1091000,-1079000
="717963",0,12000,-12000
="718039",32000,260000,-228000
="718041",4000,8000,-4000
="718042",20000,0,20000
="718043",20000,0,20000
="718047",0,227000,-227000
="718048",0,5000,-5000
="718093",36000,60000,-24000
="718096",0,53000,-53000
="718098",10000,0,10000
="718099",275000,41000,234000
="718100",3000,0,3000
="718101",0,694000,-694000
="718102",0,5000,-5000
="718103",158000,12000,146000
="718104",0,5000,-5000
="718180",100000,0,100000
="718219",100000,0,100000
="718222",0,1000,-1000
="718223",50000,100000,-50000
="718225",0,20000,-20000
="718263",0,50000,-50000
="718265",0,11000,-11000
="718266",0,100000,-100000
="73597P",0,550000,-550000
="73604P",2000,130000,-128000
="73653P",185000,58000,127000
="73655P",55000,50000,5000
="73691P",14000,0,14000
="73692P",19000,0,19000
="73693P",33000,0,33000
="73717P",50000,62000,-12000
="73729P",126000,0,126000
="73731P",3000,3000,0
="73740P",36000,65000,-29000
="73747P",31000,0,31000
="73748P",83000,55000,28000
="73754P",74000,2000,72000
="73755P",52000,50000,2000
="73762P",1000,0,1000
="73774P",110000,18000,92000
="73794P",0,150000,-150000
="73799P",1442000,143000,1299000
="73803P",139000,538000,-399000
="73804P",54000,1000,53000
="73805P",1117000,299000,818000
="73809P",37000,15000,22000
="73821P",0,100000,-100000
="73826P",70000,50000,20000
="73833P",3000,20000,-17000
="73838P",104000,44000,60000
="73839P",29000,71000,-42000
="7556",2006,2000,6
="8016",37000,1000,36000
="8024",121000,110000,11000
="8027",1473,2000,-527
="8028",1000,0,1000
="8033",6000,192000,-186000
="8042",0,1000,-1000
="8044",0,2000,-2000
="8046",246000,363000,-117000
="8054",7000,18000,-11000
="8059",0,51000,-51000
="8064",1,0,1
="8068",1000,0,1000
="8069",481000,266000,215000
="8070",2100,12000,-9900
="8076",1000,0,1000
="8081",2000,2000,0
="8084",10000,0,10000
="8085",0,23000,-23000
="8086",94018,47000,47018
="8088",0,15000,-15000
="8089",0,1600,-1600
="8092",10000,0,10000
="8096",10000,0,10000
="8109",0,1000,-1000
="8110",16000,20000,-4000
="8112",2001,1000,1001
="8150",5001,10000,-4999
="8163",1,3000,-2999
="8176",1001,725,276
="8182",1000,1000,0
="8183",11000,13000,-2000
="8215",6000,7000,-1000
="8271",1,2000,-1999
="8299",4000,5000,-1000
="8358",445008,68000,377008
="8383",1,7000,-6999
="8422",1000,50000,-49000
="8436",15000,7000,8000
="8462",100,0,100
="8464",0,2000,-2000
="8477",1,0,1
="8478",0,1000,-1000
="8908",27,0,27
="8916",1000,0,1000
="8924",2000,0,2000
="8926",0,2000,-2000
="8929",1000,1000,0
="8933",242,0,242
="8936",1001,0,1001
="8940",0,1000,-1000
="8996",3000,0,3000
="9103",60000,0,60000
="9105",0,1000,-1000
="911616",1000,0,1000
="912398",3000,1000,2000
="9904",22000,3000,19000
="9907",3000,0,3000
="9914",9000,28000,-19000
="9919",5000,12000,-7000
="9921",0,4000,-4000
="9938",6000,7000,-1000
="9939",0,1000,-1000
="9945",22000,0,22000
="9946",0,1000,-1000
="9951",3000,1000,2000
="9958",49000,43000,6000
