="0050",337495,22060,315435,42714051
="0052",8000,4000,4000,517700
="0053",0,4000,-4000,-264849
="0056",128100,21000,107100,3284240
="0061",20000,5000,15000,382899
="006206",0,20000,-20000,-833399
="006207",0,30000,-30000,-994798
="006208",241000,240000,1000,78150
="00631L",3000,0,3000,320849
="00632R",661000,861000,-200000,-1287688
="00635U",9000,0,9000,225556
="00636",25000,0,25000,739768
="00637L",4672000,11000,4661000,147782515
="00638R",5000,0,5000,37300
="00642U",179000,0,179000,1599837
="00646",1000,3000,-2000,-65970
="00650L",10000,5000,5000,156500
="00653L",1000,0,1000,33950
="00669R",0,10000,-10000,-90699
="00677U",84000,5000,79000,255060
="00682U",0,10000,-10000,-179618
="00683L",0,35000,-35000,-578900
="00687B",50000,50000,0,0
="00688L",50000,50000,0,0
="00689R",50000,50000,0,0
="00692",2150,0,2150,72143
="00693U",133000,0,133000,2657375
="00694B",50000,50000,0,0
="00695B",50000,50000,0,0
="00696B",100000,100000,0,0
="00697B",50000,50000,0,0
="00701",1000,0,1000,20850
="00708L",3000,0,3000,86669
="00713",62000,0,62000,2178506
="00714",100000,100000,0,0
="00715L",10000,0,10000,50999
="00718B",100000,103000,-3000,-59179
="00719B",50000,50000,0,0
="00720B",51000,50000,1000,44819
="00721B",50000,50000,0,0
="00722B",53000,61000,-8000,-376069
="00723B",54000,50000,4000,174510
="00724B",50000,53000,-3000,-129410
="00728",1000,0,1000,27000
="00730",0,1000,-1000,-18829
="00733",100000,100000,0,0
="00738U",4000,0,4000,106668
="00740B",25000,25000,0,0
="00741B",28000,26000,2000,74349
="00745B",25000,25000,0,0
="00746B",25000,25000,0,0
="00747B",18000,0,18000,912600
="00751B",60000,1000,59000,2726300
="00752",0,1200,-1200,-40964
="00753L",0,3000,-3000,-147700
="00754B",50000,50000,0,0
="00755B",56000,54000,2000,90421
="00756B",50000,50000,0,0
="00757",0,4000,-4000,-189279
="00764B",50000,50000,0,0
="00765B",50000,60000,-10000,-396800
="00772B",70000,70000,0,0
="00773B",70000,70000,0,0
="00784B",25000,25000,0,0
="00785B",25000,25000,0,0
="00795B",70000,70000,0,0
="00796B",70000,70000,0,0
="00847B",70000,70000,0,0
="00848B",70000,70000,0,0
="00849B",70000,70000,0,0
="00850",14093,5000,9093,292929
="00861",0,1000,-1000,-28530
="00862B",70000,70000,0,0
="00863B",70000,70000,0,0
="00864B",70000,70000,0,0
="00868B",50000,50000,0,0
="00869B",50000,50000,0,0
="00870B",50000,50000,0,0
="00871B",50000,50000,0,0
="00875",0,100,-100,-3229
="00877",2000,0,2000,27879
="00878",160000,10000,150000,2518432
="00881",545110,11539000,-10993890,-197116743
="020011",15000,10000,5000,25990
="020018",20000,5000,15000,183200
="020019",153000,290000,-137000,-1890247
="02001B",0,1000,-1000,-9859
="020021",1782000,610000,1172000,14524568
="020022",100000,0,100000,532000
="03771P",0,20000,-20000,-599
="03859P",0,243000,-243000,-7289
="03985P",0,480000,-480000,-129600
="04229P",200000,0,200000,21999
="04513P",1063000,175000,888000,164881
="04728P",123000,0,123000,6150
="04729P",171000,10000,161000,167258
="04827P",10000,5000,5000,2300
="04829P",2000,0,2000,1259
="04860P",1000,0,1000,280
="04861P",0,5000,-5000,-6150
="04908P",4000,0,4000,839
="04985P",0,56000,-56000,-12419
="04997P",0,33000,-33000,-15180
="05006P",231000,104000,127000,57901
="05067P",0,150000,-150000,-7500
="05070P",0,130000,-130000,-57997
="05128P",52000,25000,27000,25429
="05161P",10000,331000,-321000,-247218
="05162P",0,16000,-16000,-15039
="05237P",0,109000,-109000,-126548
="05297P",529000,135000,394000,205579
="05299P",0,35000,-35000,-40409
="05300P",20000,10000,10000,8700
="05342P",25000,2000,23000,22171
="05399P",0,50000,-50000,-45500
="05422P",73000,0,73000,36120
="05469P",0,37000,-37000,-25160
="05481P",78000,27000,51000,57630
="05482P",0,44000,-44000,-29380
="05500P",0,24000,-24000,-29520
="05570P",0,30000,-30000,-37500
="05594P",54000,255000,-201000,-188066
="05595P",2061000,909000,1152000,665409
="05632P",0,10000,-10000,-11100
="05654P",10000,0,10000,10299
="05668P",0,14000,-14000,-3500
="05697P",0,2000,-2000,-2579
="05698P",1000,28000,-27000,-28457
="05699P",3000,0,3000,4350
="05703P",499000,0,499000,893209
="05707P",6000,0,6000,12208
="05714P",0,10000,-10000,-7400
="05749P",0,30000,-30000,-6199
="05750P",0,10000,-10000,-11200
="05776P",665000,249000,416000,310059
="05777P",500000,219000,281000,170571
="05786P",0,115000,-115000,-82199
="05791P",10000,0,10000,9300
="05829P",0,2000,-2000,-2039
="05858P",203000,190000,13000,8416
="05859P",0,100000,-100000,-40999
="05906P",60000,75000,-15000,-15290
="05907P",175000,78000,97000,67978
="05908P",513000,85000,428000,386068
="05955P",0,100000,-100000,-57999
="05972P",46000,20000,26000,18059
="05973P",43000,44000,-1000,-1981
="060347",110000,0,110000,1099
="062122",5000,0,5000,7529
="062129",10000,0,10000,1299
="063057",144000,128000,16000,25961
="063145",15000,0,15000,6448
="063444",0,16000,-16000,-11439
="063788",0,6000,-6000,-2160
="064047",59000,0,59000,97117
="064149",90000,0,90000,5399
="064162",20000,0,20000,23599
="064241",50000,0,50000,69499
="064242",130000,0,130000,1299
="064445",5000,0,5000,4600
="064448",0,145000,-145000,-60797
="064453",0,10000,-10000,-4600
="064462",0,53000,-53000,-24796
="064710",10000,12000,-2000,-1319
="064711",10000,0,10000,10900
="064713",0,30000,-30000,-14208
="064724",200000,0,200000,52998
="064835",0,10000,-10000,-2500
="064911",5000,0,5000,1800
="064915",3000,0,3000,357
="064917",1000,0,1000,889
="064921",2000,0,2000,1960
="064925",20000,40000,-20000,-12901
="064927",60000,0,60000,27839
="064929",0,14000,-14000,-5180
="064935",5000,0,5000,1049
="065297",8000,0,8000,8176
="065346",50000,500000,-450000,-91499
="065451",0,10000,-10000,-2199
="065532",20000,0,20000,2199
="065677",30000,0,30000,40200
="065679",50000,5000,45000,440500
="065686",50000,30000,20000,9351
="065889",74000,16000,58000,191199
="065945",23000,10000,13000,68949
="065946",0,10000,-10000,-58000
="065950",0,250000,-250000,-146648
="065999",0,498000,-498000,-4979
="066005",10000,0,10000,47699
="066099",0,3000,-3000,-179
="066198",39000,32000,7000,10399
="066200",100000,0,100000,15999
="066203",110000,109000,1000,-2635
="066217",0,10000,-10000,-10900
="066460",743000,635000,108000,155472
="066471",120000,172000,-52000,-25716
="066524",80000,25000,55000,97510
="066525",0,5000,-5000,-5749
="066526",170000,402000,-232000,-184481
="066694",0,10000,-10000,-25999
="067143",0,5000,-5000,-23499
="067147",45000,0,45000,589000
="067150",0,3000,-3000,-7079
="067152",108000,0,108000,72780
="067276",120000,9000,111000,78509
="067278",4000,50000,-46000,-26900
="067368",1604000,56000,1548000,530401
="067371",276000,0,276000,721679
="067378",10000,0,10000,44299
="067503",100000,0,100000,34499
="067510",0,5000,-5000,-2150
="067515",10000,0,10000,3499
="067516",80000,0,80000,31198
="067643",199000,0,199000,7959
="067767",23000,0,23000,103269
="067770",1000,0,1000,7849
="067771",0,10000,-10000,-1599
="067774",100000,90000,10000,8452
="067776",0,20000,-20000,-2699
="067834",0,5000,-5000,-65999
="067835",10000,10000,0,0
="068046",0,3000,-3000,-25500
="068051",0,1000,-1000,-100
="068127",2000,0,2000,8880
="068128",10000,0,10000,50999
="068129",307000,131000,176000,67090
="068217",9000,0,9000,16919
="068219",11000,9000,2000,5624
="068220",132000,457000,-325000,-630925
="068221",103000,888000,-785000,-1296956
="068223",90000,0,90000,55500
="068224",75000,36000,39000,7529
="068383",10000,0,10000,23900
="068386",0,2000,-2000,-5179
="068390",25000,73000,-48000,-78363
="068391",0,221000,-221000,-22519
="068396",0,3000,-3000,-14099
="068397",116000,83000,33000,35091
="068511",130000,53000,77000,208516
="068512",48000,0,48000,57659
="068514",30000,50000,-20000,-16800
="068515",2000,9000,-7000,-11031
="068516",20000,1840000,-1820000,-1216584
="068521",210000,71000,139000,102671
="068595",10000,10000,0,-1362
="068669",0,20000,-20000,-43458
="068670",1478000,300000,1178000,1516112
="068672",0,56000,-56000,-18018
="068767",14000,83000,-69000,-279559
="068769",242000,75000,167000,51900
="068843",40000,4000,36000,165818
="068848",0,36000,-36000,-86759
="068849",5000,0,5000,6000
="068851",37000,25000,12000,8039
="068852",1000,14000,-13000,-3830
="068884",0,10000,-10000,-1000
="068885",0,5000,-5000,-1400
="069032",0,32000,-32000,-3839
="069091",0,50000,-50000,-24800
="069092",1000,0,1000,2150
="069094",50000,50000,0,499
="069095",0,60000,-60000,-51100
="069096",5000,0,5000,4850
="069097",80000,25000,55000,42001
="069099",6000,100000,-94000,-99279
="069106",0,211000,-211000,-451624
="069190",2000,0,2000,2039
="069191",10000,0,10000,3000
="069192",0,10000,-10000,-3000
="069193",0,375000,-375000,-170307
="069397",252000,10000,242000,272060
="069401",6000,0,6000,33599
="069402",9000,42000,-33000,-139231
="069404",5000,0,5000,649
="069406",5000,0,5000,9649
="069407",0,35000,-35000,-187348
="069409",0,40000,-40000,-44598
="069411",0,8000,-8000,-2198
="069412",15000,110000,-95000,-28950
="069414",583000,3204000,-2621000,-1472226
="069415",60000,10000,50000,23100
="069416",610000,280000,330000,89781
="069420",0,30000,-30000,-5699
="069449",75000,245000,-170000,-30749
="069612",60000,63000,-3000,-10631
="069615",3000,0,3000,17099
="069618",1000,3000,-2000,-1331
="069623",200000,0,200000,21999
="069691",171000,820000,-649000,-1247390
="069693",12000,10000,2000,4188
="069711",60000,0,60000,1199
="069808",54000,0,54000,49140
="069824",5000,0,5000,1800
="069927",3000,40000,-37000,-12241
="069930",118000,248000,-130000,-133839
="069933",10000,0,10000,7099
="069936",0,1000,-1000,-2950
="070131",4000,200000,-196000,-39200
="070133",189000,43000,146000,96388
="070134",132000,638000,-506000,-222241
="070136",178000,100000,78000,78898
="070138",0,10000,-10000,-5199
="070139",85000,50000,35000,25151
="070141",258000,180000,78000,63071
="070147",40000,696000,-656000,-935266
="070148",468000,260000,208000,64838
="070245",219000,132000,87000,46848
="070250",151000,10000,141000,132319
="070252",102000,41000,61000,54170
="070255",12000,0,12000,1200
="070258",0,40000,-40000,-10800
="070376",97000,0,97000,60179
="070426",535000,306000,229000,161219
="070428",27000,54000,-27000,-96913
="070430",57000,0,57000,34200
="070444",1094000,1033000,61000,-5059
="070445",233000,12000,221000,166829
="070453",1000,0,1000,759
="070530",3000,0,3000,1578
="070531",110000,10000,100000,31999
="070538",163000,0,163000,133659
="070539",20000,0,20000,18200
="070606",260000,1812000,-1552000,-407519
="070608",24000,7000,17000,12178
="070800",30000,0,30000,51498
="070857",0,30000,-30000,-13199
="070858",3000,0,3000,1049
="070859",0,60000,-60000,-19800
="070860",0,237000,-237000,-38669
="070861",0,40000,-40000,-15599
="070862",0,230000,-230000,-43999
="070864",5000,0,5000,2049
="070866",50000,1000,49000,156139
="070867",21000,5000,16000,5119
="070913",35000,0,35000,85400
="070954",20000,0,20000,24999
="070974",0,200000,-200000,-240000
="071125",0,3000,-3000,-24000
="071127",20000,0,20000,65898
="071129",10000,0,10000,11799
="071131",280000,0,280000,39200
="071206",5000,3000,2000,44500
="071208",0,10000,-10000,-59000
="071209",0,10000,-10000,-60999
="071216",10000,0,10000,41100
="071218",85000,0,85000,22950
="071220",120000,80000,40000,5800
="071221",0,10000,-10000,-8999
="071224",2000,0,2000,4739
="071227",0,23000,-23000,-13800
="071319",1000,257000,-256000,-581244
="071321",50000,0,50000,27500
="071322",0,37000,-37000,-20350
="071323",10000,0,10000,13300
="071329",5000,0,5000,14349
="071330",0,10000,-10000,-45000
="071335",0,1000,-1000,-1909
="071446",0,1597000,-1597000,-1422128
="071447",0,140000,-140000,-48000
="071448",1000,30000,-29000,-61619
="071457",25000,0,25000,49750
="071568",228000,161000,67000,79053
="071569",0,11000,-11000,-11288
="071708",85000,12000,73000,60967
="071710",366000,100000,266000,278898
="071844",0,110000,-110000,-162500
="071845",75000,0,75000,12250
="071890",20000,7000,13000,46789
="071981",70000,0,70000,39298
="071987",0,3000,-3000,-7489
="071999",0,10000,-10000,-30699
="072046",4000,22000,-18000,-140000
="072047",3000,37000,-34000,-131509
="072051",0,46000,-46000,-21046
="072122",12000,0,12000,13799
="072123",4000,2000,2000,1120
="072124",0,15000,-15000,-7500
="072300",97000,50000,47000,7520
="072307",0,50000,-50000,-48760
="072308",100000,20000,80000,12699
="072310",300000,5000,295000,64900
="072404",95000,226000,-131000,-311298
="072406",2000,0,2000,2180
="072409",151000,80000,71000,86010
="072410",131000,114000,17000,12220
="072411",43000,0,43000,31760
="072412",0,30000,-30000,-46898
="072462",10000,0,10000,14500
="072482",0,150000,-150000,-281999
="072556",21000,41000,-20000,-26692
="072557",242000,0,242000,344657
="072559",294000,189000,105000,105469
="072560",0,20000,-20000,-9599
="072562",21000,557000,-536000,-491137
="072566",7000,80000,-73000,-34659
="072711",172000,254000,-82000,-48340
="072712",1000,0,1000,3339
="072808",1000,0,1000,4449
="072812",17000,1000,16000,32348
="072964",386000,148000,238000,222819
="072965",66000,65000,1000,-19328
="072966",16000,0,16000,31200
="072968",27000,0,27000,35317
="072972",11000,0,11000,17490
="072973",90000,52000,38000,53852
="073027",539000,67000,472000,517909
="073029",5000,5000,0,-301
="073031",617000,1200000,-583000,-128508
="073032",32000,0,32000,13839
="073035",28000,0,28000,36119
="073036",10000,0,10000,6499
="073037",60000,158000,-98000,-41529
="073038",67000,23000,44000,58610
="073039",0,402000,-402000,-219000
="073040",10000,0,10000,12000
="073094",5000,0,5000,38198
="073095",3000,6000,-3000,-11510
="073096",116000,9000,107000,68590
="073097",194000,0,194000,126499
="073100",64000,0,64000,47360
="073102",144000,70000,74000,61720
="073103",388000,130000,258000,180700
="073104",20000,30000,-10000,-10800
="073105",282000,0,282000,243767
="073106",0,66000,-66000,-61509
="073377",135000,96000,39000,24570
="073378",97000,4000,93000,65100
="073379",191000,0,191000,127020
="073383",167000,3000,164000,339451
="073385",95000,0,95000,28500
="073388",101000,490000,-389000,-328499
="073487",0,349000,-349000,-233830
="073490",373000,0,373000,483376
="073492",10000,0,10000,37500
="073493",234000,333000,-99000,-81771
="073495",0,66000,-66000,-29039
="073496",0,198000,-198000,-156358
="073497",5000,2000,3000,12051
="073498",0,1000,-1000,-560
="073500",34000,30000,4000,2920
="073501",0,1000,-1000,-389
="073502",44000,35000,9000,3071
="073504",1305000,2000,1303000,377850
="073615",3000,134000,-131000,-288470
="073616",0,15000,-15000,-44100
="073735",200000,0,200000,112000
="073739",3000,0,3000,12589
="073740",7000,0,7000,27160
="073741",11000,20000,-9000,-28591
="073742",10000,0,10000,62500
="073743",0,1000,-1000,-2559
="073744",3000,0,3000,2430
="073745",10000,11000,-1000,-2659
="073746",10000,0,10000,3100
="073747",5000,15000,-10000,-5860
="073748",10000,0,10000,31700
="073808",47000,65000,-18000,-29900
="073809",53000,16000,37000,16650
="073811",26000,53000,-27000,-33679
="073813",103000,75000,28000,28650
="073859",0,10000,-10000,-4799
="073920",10000,0,10000,19600
="073982",231000,50000,181000,191370
="073984",17000,30000,-13000,-16493
="073985",50000,0,50000,170100
="074043",2000,0,2000,29399
="074059",10000,0,10000,10299
="074060",150000,80000,70000,69163
="074066",132000,3000,129000,155307
="074067",132000,2000,130000,265254
="074068",148000,0,148000,229757
="074069",91000,2000,89000,65760
="074107",30000,60000,-30000,-83400
="074165",15000,0,15000,13499
="074167",20000,23000,-3000,-14219
="074170",259000,0,259000,238280
="074258",40000,110000,-70000,-66000
="074343",6000,4000,2000,2800
="074347",456000,1753000,-1297000,-4269458
="074349",3000,14000,-11000,-24530
="074350",45000,91000,-46000,-72887
="074351",0,9000,-9000,-12240
="074352",0,155000,-155000,-48198
="074354",165000,51000,114000,244430
="074355",50000,0,50000,36500
="074412",0,150000,-150000,-155998
="074414",0,10000,-10000,-5299
="074446",107000,0,107000,74698
="074447",0,20000,-20000,-31099
="074448",60000,110000,-50000,-27899
="074450",268000,26000,242000,198397
="074452",120000,114000,6000,1830
="074453",385000,75000,310000,292978
="074454",81000,5000,76000,97449
="074455",0,100000,-100000,-44999
="074456",30000,0,30000,9900
="074495",0,42000,-42000,-36540
="074497",15000,0,15000,16650
="074498",0,4000,-4000,-1840
="074499",25000,35000,-10000,-2048
="074681",0,3000,-3000,-2879
="074684",0,2000,-2000,-12800
="074685",5000,0,5000,34049
="074686",7000,0,7000,48150
="074687",15000,87000,-72000,-90561
="074690",1000,23000,-22000,-125549
="074786",14000,42000,-28000,-64457
="074787",73000,83000,-10000,-26298
="074789",9000,25000,-16000,-61759
="074790",60000,8000,52000,143918
="074791",165000,0,165000,209549
="074792",0,33000,-33000,-27389
="074794",7000,226000,-219000,-577334
="074795",0,14000,-14000,-27089
="074796",2000,159000,-157000,-341551
="074798",1000,3000,-2000,-6089
="074802",42000,64000,-22000,-49801
="074803",26000,9000,17000,30889
="074804",250000,126000,124000,176876
="074806",10000,40000,-30000,-60200
="074807",27000,27000,0,-3348
="074810",313000,76000,237000,407022
="074811",0,10000,-10000,-12300
="074812",0,72000,-72000,-72000
="074814",60000,12000,48000,139060
="074819",13000,44000,-31000,-52998
="074899",12000,0,12000,13440
="074900",6000,4000,2000,3419
="074901",40000,30000,10000,23400
="074902",0,8000,-8000,-4480
="074903",314000,457000,-143000,-126350
="074906",60000,40000,20000,8801
="074907",1000,10000,-9000,-59950
="074908",8000,0,8000,12159
="075049",228000,715000,-487000,-520997
="075051",376000,434000,-58000,-114858
="075052",20000,0,20000,70799
="075054",78000,103000,-25000,-54540
="075167",92000,54000,38000,33702
="075168",60000,374000,-314000,-529939
="075171",154000,0,154000,311079
="075172",10000,0,10000,33599
="075173",65000,0,65000,116999
="075174",91000,26000,65000,65520
="075240",2000,0,2000,6280
="075245",0,151000,-151000,-246339
="075320",0,20000,-20000,-28399
="075396",452000,68000,384000,428946
="075399",301000,41000,260000,247051
="075400",0,7000,-7000,-21809
="075401",109000,113000,-4000,-21008
="075402",19000,3000,16000,32701
="075404",32000,50000,-18000,-48090
="075405",91000,100000,-9000,-46820
="075408",0,337000,-337000,-238357
="075409",4000,0,4000,2039
="075410",0,47000,-47000,-27259
="075411",0,35000,-35000,-23399
="075513",50000,10000,40000,74600
="075517",3000,0,3000,18150
="075534",2000,2000,0,-1400
="075641",330000,135000,195000,147409
="075642",88000,58000,30000,54661
="075691",1000,0,1000,3250
="075693",0,40000,-40000,-57398
="075697",141000,0,141000,209757
="075698",0,97000,-97000,-60140
="075700",0,20000,-20000,-28199
="075701",26000,25000,1000,8581
="075827",29000,5000,24000,62978
="075829",476000,347000,129000,93271
="075830",66000,0,66000,56439
="075831",5000,0,5000,8149
="075840",325000,0,325000,185499
="075965",0,108000,-108000,-104760
="075966",10000,81000,-71000,-232348
="075968",25000,2000,23000,84669
="075969",10000,34000,-24000,-13910
="075970",645000,266000,379000,439450
="075971",73000,84000,-11000,-50538
="075972",16000,5000,11000,18818
="076027",0,10000,-10000,-10599
="076059",0,1000,-1000,-850
="076060",30000,0,30000,99599
="076061",3000,22000,-19000,-57979
="076062",7000,0,7000,10919
="076064",654000,446000,208000,265008
="076182",4000,30000,-26000,-113266
="076232",20000,0,20000,35799
="076289",423000,275000,148000,126509
="076290",13000,242000,-229000,-148630
="076292",400000,458000,-58000,-54430
="076411",43000,184000,-141000,-129059
="076412",72000,0,72000,73898
="076413",91000,125000,-34000,-28598
="076414",415000,10000,405000,384650
="076416",480000,304000,176000,217281
="076417",0,48000,-48000,-65280
="076418",395000,647000,-252000,-344329
="076419",32000,0,32000,28799
="076420",24000,5000,19000,38239
="076421",95000,126000,-31000,-28603
="076550",1000,101000,-100000,-105519
="076551",39000,224000,-185000,-628163
="076584",320000,0,320000,93799
="076652",178000,5000,173000,165748
="076653",106000,393000,-287000,-468306
="076654",197000,144000,53000,38643
="076655",29000,51000,-22000,-99067
="076675",2000,0,2000,4519
="076777",0,84000,-84000,-60480
="076811",5000,0,5000,56500
="076865",0,100000,-100000,-69999
="076912",0,210000,-210000,-161657
="076914",22000,0,22000,17540
="076916",21000,0,21000,59429
="076917",80000,8000,72000,184738
="076921",0,27000,-27000,-12959
="076923",10000,0,10000,4499
="077065",7000,15000,-8000,-9950
="077066",702000,0,702000,2958206
="077067",0,50000,-50000,-192196
="077068",5000,20000,-15000,-51879
="077069",1156000,10000,1146000,4038620
="077103",90000,25000,65000,237018
="077105",38000,15000,23000,74699
="077107",186000,0,186000,116178
="077108",178000,10000,168000,272966
="077109",216000,100000,116000,220599
="077110",6000,82000,-76000,-62378
="077205",997000,0,997000,5433649
="077275",55000,5000,50000,116600
="077276",234000,693000,-459000,-459559
="077277",57000,0,57000,175367
="077278",19000,14000,5000,5971
="077279",138000,0,138000,105318
="077280",0,5000,-5000,-4808
="077281",638000,69000,569000,1110216
="077412",50000,7000,43000,148091
="077585",9000,0,9000,4769
="077586",49000,0,49000,155246
="077587",100000,22000,78000,280187
="077590",1000,0,1000,4550
="077591",119000,23000,96000,350520
="077592",10000,0,10000,5699
="077593",18000,18000,0,-539
="077594",38000,91000,-53000,-40810
="077595",229000,15000,214000,244680
="077596",6000,0,6000,14909
="077646",194000,72000,122000,82098
="077647",7000,55000,-48000,-45250
="077649",40000,30000,10000,19501
="077652",386000,125000,261000,229938
="077653",47000,10000,37000,59760
="077654",16000,19000,-3000,-2383
="077655",276000,56000,220000,192139
="077656",35000,8000,27000,51110
="077657",94000,0,94000,149340
="077658",143000,5000,138000,393158
="077729",0,1000,-1000,-1000
="077810",65000,12000,53000,106642
="077811",5000,209000,-204000,-287296
="077812",54000,10000,44000,96800
="077941",5000,152000,-147000,-129470
="077942",600000,479000,121000,141090
="077944",422000,727000,-305000,-302060
="077945",96000,118000,-22000,-40396
="077946",217000,70000,147000,353556
="078038",20000,0,20000,69350
="078039",110000,20000,90000,306699
="078064",0,10000,-10000,-45000
="078087",112000,23000,89000,297810
="078088",102000,182000,-80000,-55479
="078089",5000,0,5000,5049
="078090",25000,11000,14000,24899
="078091",0,11000,-11000,-19579
="078096",5000,0,5000,11699
="078097",360000,11000,349000,478599
="078098",5000,121000,-116000,-125689
="078099",5000,89000,-84000,-113929
="078207",3000,0,3000,10799
="078462",2000,0,2000,1919
="078463",84000,5000,79000,157959
="078464",1000,1000,0,29
="078466",60000,121000,-61000,-188749
="078468",20000,23000,-3000,-4869
="078469",55000,343000,-288000,-439186
="078470",143000,79000,64000,99629
="078473",16000,0,16000,13599
="078474",19000,498000,-479000,-380465
="078475",10000,80000,-70000,-90498
="078476",32000,44000,-12000,-12919
="078477",67000,0,67000,205698
="078718",222000,1000,221000,426577
="078719",100000,0,100000,630000
="078720",37000,31000,6000,15778
="078721",5000,6000,-1000,-2819
="078722",0,10000,-10000,-14900
="078723",33000,0,33000,42718
="078724",35000,1092000,-1057000,-1043304
="078725",24000,26000,-2000,-5110
="078727",0,306000,-306000,-514139
="078823",2000,0,2000,3559
="078845",0,17000,-17000,-9689
="078848",1006000,928000,78000,214261
="078849",22000,29000,-7000,-20591
="078850",8000,34000,-26000,-58619
="078851",0,306000,-306000,-366447
="078853",513000,74000,439000,1228696
="078854",400000,197000,203000,340149
="078855",10000,0,10000,66699
="078856",93000,3000,90000,489248
="078857",0,30000,-30000,-61499
="078928",2000,0,2000,1639
="078943",38000,29000,9000,19724
="078944",200000,80000,120000,323425
="078945",511000,528000,-17000,-19352
="078946",84000,218000,-134000,-145381
="078947",6000,0,6000,6059
="078949",701000,429000,272000,810978
="079091",20000,372000,-352000,-231318
="079205",0,1000,-1000,-1399
="079286",124000,27000,97000,105521
="079287",1000,105000,-104000,-86379
="079288",168000,69000,99000,211931
="079289",0,71000,-71000,-84329
="079290",134000,17000,117000,187239
="079291",40000,8000,32000,53169
="079425",143000,247000,-104000,-80809
="079426",96000,180000,-84000,-84613
="079427",115000,10000,105000,95200
="079428",29000,32000,-3000,-1711
="079429",214000,49000,165000,295980
="079430",56000,2000,54000,64421
="079431",0,26000,-26000,-13779
="079433",0,29000,-29000,-22738
="079434",30000,15000,15000,13299
="079435",80000,30000,50000,144900
="079457",13000,157000,-144000,-178610
="079582",20000,50000,-30000,-51399
="079583",0,74000,-74000,-124709
="079584",0,2000,-2000,-3739
="079586",80000,0,80000,40319
="079626",10000,50000,-40000,-162200
="079726",15000,0,15000,16050
="079727",0,30000,-30000,-29948
="079728",0,222000,-222000,-145138
="079729",169000,323000,-154000,-143361
="079730",11000,109000,-98000,-85020
="079731",157000,148000,9000,11531
="079732",185000,38000,147000,341361
="079733",15000,10000,5000,11600
="079734",91000,1000,90000,188129
="079735",2000,1000,1000,3441
="079736",1322000,564000,758000,791831
="079737",61000,62000,-1000,-951
="079740",562000,366000,196000,281199
="079741",251000,5000,246000,457017
="079742",187000,366000,-179000,-274170
="079743",12000,27000,-15000,-10280
="079744",0,78000,-78000,-47760
="079745",117000,64000,53000,58029
="079868",384000,228000,156000,144919
="079869",2000,0,2000,1139
="079870",21000,0,21000,14909
="079871",0,338000,-338000,-443572
="079872",71000,0,71000,60350
="079873",0,2000,-2000,-4810
="079878",76000,34000,42000,128837
="079961",3000,0,3000,9899
="079979",0,2000,-2000,-980
="079980",1000,50000,-49000,-98999
="079981",188000,27000,161000,424200
="079982",92000,160000,-68000,-61840
="079983",61000,81000,-20000,-21441
="079984",127000,4000,123000,194099
="079985",202000,42000,160000,159242
="080030",0,200000,-200000,-102999
="080161",185000,52000,133000,80271
="080162",327000,154000,173000,160698
="080163",10000,43000,-33000,-34052
="080164",0,360000,-360000,-175399
="080166",143000,187000,-44000,-38960
="080167",116000,149000,-33000,-33210
="080168",149000,226000,-77000,-59768
="080169",5000,0,5000,2099
="080170",35000,2000,33000,18311
="080171",217000,56000,161000,99188
="080172",50000,0,50000,28999
="080174",25000,0,25000,34299
="080175",78000,7000,71000,124057
="080176",50000,199000,-149000,-252215
="080178",0,48000,-48000,-57310
="080180",43000,0,43000,35259
="080181",276000,42000,234000,158182
="080182",50000,0,50000,37500
="080183",200000,20000,180000,109800
="080185",169000,0,169000,422209
="080186",477000,15000,462000,502858
="080205",0,141000,-141000,-324126
="080342",2000,18000,-16000,-8881
="080343",237000,196000,41000,19073
="080344",212000,151000,61000,90100
="080345",256000,22000,234000,261557
="080347",164000,0,164000,132740
="080349",70000,230000,-160000,-176747
="080351",279000,122000,157000,125250
="080352",2000,90000,-88000,-70399
="080389",2000,0,2000,11500
="080537",0,48000,-48000,-28479
="080540",20000,20000,0,200
="080541",248000,159000,89000,80562
="080543",160000,0,160000,104499
="080544",21000,60000,-39000,-17900
="080545",329000,103000,226000,360112
="080546",320000,23000,297000,291868
="080547",138000,40000,98000,145970
="080594",16000,6000,10000,7721
="080595",30000,45000,-15000,-4550
="080596",209000,60000,149000,125543
="080597",115000,41000,74000,63882
="080598",195000,102000,93000,52640
="080599",10000,111000,-101000,-46231
="080600",10000,94000,-84000,-54159
="080601",53000,0,53000,23879
="080602",82000,102000,-20000,-29078
="080603",37000,32000,5000,19031
="080604",0,127000,-127000,-60817
="080696",0,3000,-3000,-7920
="080844",53000,0,53000,75489
="080857",120000,6000,114000,68611
="080859",169000,11000,158000,97601
="080860",198000,22000,176000,129321
="080861",46000,62000,-16000,-36487
="080864",90000,84000,6000,10402
="080865",62000,0,62000,96998
="080866",0,2000,-2000,-800
="080867",45000,19000,26000,36624
="080868",13000,287000,-274000,-179907
="080869",0,90000,-90000,-60300
="080870",109000,0,109000,64429
="080879",114000,0,114000,309700
="080914",0,10000,-10000,-9599
="081014",5000,0,5000,2500
="081017",13000,0,13000,7150
="081018",30000,202000,-172000,-96601
="081019",0,36000,-36000,-27359
="081020",364000,897000,-533000,-392868
="081021",5000,294000,-289000,-150251
="081022",45000,0,45000,71129
="081024",34000,332000,-298000,-424157
="081025",0,4000,-4000,-2799
="081026",0,6000,-6000,-3059
="081130",2000,0,2000,22399
="081213",0,56000,-56000,-41320
="081214",173000,36000,137000,97889
="081216",5000,29000,-24000,-19020
="081217",20000,60000,-40000,-27000
="081218",177000,154000,23000,5191
="081220",0,105000,-105000,-142000
="081221",52000,259000,-207000,-268775
="081222",743000,755000,-12000,6390
="081223",145000,13000,132000,101120
="081224",1361000,3567000,-2206000,-1141055
="081225",529000,1093000,-564000,-453628
="081226",101000,451000,-350000,-202760
="081227",50000,5000,45000,23450
="081231",49000,2000,47000,18821
="081232",30000,0,30000,24989
="081233",0,197000,-197000,-118500
="081234",72000,418000,-346000,-558914
="081235",20000,80000,-60000,-43008
="081236",10000,1000,9000,6920
="081270",67000,0,67000,50369
="081271",0,26000,-26000,-12448
="081272",92000,30000,62000,53041
="081273",9000,0,9000,3870
="081275",2000,0,2000,680
="081276",0,122000,-122000,-100039
="081278",140000,315000,-175000,-218149
="081279",130000,203000,-73000,-30811
="081280",22000,1000,21000,19309
="081281",38000,95000,-57000,-63681
="081283",237000,22000,215000,130238
="081285",124000,1000,123000,167657
="081286",30000,340000,-310000,-161999
="081287",447000,162000,285000,394221
="081288",202000,0,202000,163299
="081289",406000,26000,380000,885588
="081313",1000,0,1000,1750
="081368",10000,0,10000,25799
="081374",10000,0,10000,3499
="081428",22000,302000,-280000,-351810
="081429",1000,0,1000,629
="081433",30000,0,30000,12298
="081434",0,80000,-80000,-34498
="081435",0,5000,-5000,-2979
="081436",223000,158000,65000,54300
="081437",166000,32000,134000,86580
="081438",101000,66000,35000,40861
="081439",40000,75000,-35000,-36719
="081440",48000,145000,-97000,-82016
="081442",6000,15000,-9000,-9001
="081443",424000,848000,-424000,-291618
="081444",10000,50000,-40000,-19301
="081446",69000,15000,54000,79889
="081447",293000,33000,260000,396336
="081448",201000,0,201000,206989
="081449",0,95000,-95000,-77750
="081450",589000,533000,56000,56062
="081451",274000,224000,50000,68363
="081452",60000,40000,20000,38399
="081505",1000,0,1000,2079
="081562",10000,60000,-50000,-191499
="081661",20000,0,20000,6600
="081692",50000,577000,-527000,-2981098
="081708",10000,0,10000,6700
="081709",1159000,281000,878000,1296819
="081710",102000,92000,10000,4871
="081711",1300000,430000,870000,1145740
="081712",1511000,1117000,394000,455419
="081713",18000,3000,15000,9810
="081714",2000,0,2000,1539
="081715",30000,88000,-58000,-88936
="081716",141000,0,141000,91038
="081717",176000,297000,-121000,-93047
="081718",105000,788000,-683000,-580536
="081719",365000,50000,315000,313196
="081720",277000,150000,127000,122452
="081721",431000,313000,118000,174658
="081722",95000,281000,-186000,-176549
="081723",1768000,2212000,-444000,-468540
="081724",356000,0,356000,559447
="081725",211000,125000,86000,94919
="081726",97000,95000,2000,-2401
="081727",389000,110000,279000,319188
="081750",0,10000,-10000,-10199
="081814",1000,0,1000,1700
="081816",150000,0,150000,308999
="081841",120000,10000,110000,178050
="081864",70000,0,70000,207400
="081865",80000,0,80000,314000
="081930",0,30000,-30000,-192000
="081944",0,5000,-5000,-2750
="081945",632000,716000,-84000,-119126
="081946",0,181000,-181000,-458775
="081947",310000,377000,-67000,-93708
="081948",0,10000,-10000,-11799
="081950",247000,324000,-77000,-86988
="081951",132000,117000,15000,12459
="081952",50000,11000,39000,22899
="081953",0,1000,-1000,-560
="081954",7000,0,7000,5150
="081955",99000,0,99000,74250
="081956",0,216000,-216000,-165238
="081957",33000,0,33000,16490
="081958",7000,34000,-27000,-20799
="081959",649000,367000,282000,451190
="081999",0,20000,-20000,-41999
="082003",205000,0,205000,420249
="082122",110000,143000,-33000,-22000
="082123",0,316000,-316000,-290867
="082124",10000,903000,-893000,-902595
="082125",0,20000,-20000,-9800
="082126",45000,101000,-56000,-40609
="082127",66000,93000,-27000,-40339
="082128",1333000,2264000,-931000,-964128
="082129",342000,1125000,-783000,-1035277
="082130",0,5000,-5000,-6100
="082131",121000,495000,-374000,-289145
="082132",128000,241000,-113000,-161019
="082133",46000,42000,4000,4793
="082134",69000,31000,38000,33422
="082136",149000,300000,-151000,-98211
="082137",162000,142000,20000,19821
="082138",237000,130000,107000,83671
="082139",6000,0,6000,4900
="082140",208000,125000,83000,102921
="082141",4000,2000,2000,981
="082142",0,139000,-139000,-111240
="082143",19000,226000,-207000,-90699
="082144",345000,497000,-152000,-206079
="082145",200000,804000,-604000,-437127
="082154",46000,0,46000,157740
="082155",20000,0,20000,191498
="082162",100000,0,100000,253999
="082205",60000,0,60000,92999
="082206",12000,0,12000,45399
="082306",196000,233000,-37000,-305390
="082314",35000,2000,33000,20470
="082315",31000,56000,-25000,-17909
="082318",163000,263000,-100000,-52851
="082319",196000,3201000,-3005000,-5324813
="082320",131000,259000,-128000,-170879
="082321",682000,565000,117000,157042
="082322",0,34000,-34000,-28808
="082323",91000,0,91000,70979
="082324",9000,111000,-102000,-145419
="082325",3000,124000,-121000,-101380
="082326",313000,71000,242000,208401
="082327",0,72000,-72000,-75368
="082328",1000,2000,-1000,-900
="082329",35000,3000,32000,23991
="082330",306000,285000,21000,56159
="082331",67000,0,67000,47589
="082332",46000,5000,41000,28541
="082333",58000,14000,44000,30220
="082334",156000,0,156000,120258
="082335",2000,30000,-28000,-15341
="082336",99000,410000,-311000,-190969
="082337",82000,91000,-9000,-18680
="082338",80000,90000,-10000,-1196
="082339",152000,258000,-106000,-93920
="082340",381000,0,381000,215169
="082395",0,91000,-91000,-121977
="082410",10000,20000,-10000,-36099
="082475",207000,279000,-72000,-67028
="082476",130000,210000,-80000,-137254
="082477",168000,75000,93000,110029
="082478",10000,106000,-96000,-67950
="082479",0,10000,-10000,-6700
="082481",1957000,2923000,-966000,-1058047
="082482",1816000,2396000,-580000,-643678
="082483",20000,218000,-198000,-255777
="082484",25000,160000,-135000,-127248
="082485",60000,4000,56000,68900
="082486",411000,481000,-70000,-59029
="082487",179000,1083000,-904000,-895826
="082488",623000,2113000,-1490000,-1440637
="082490",51000,104000,-53000,-43488
="082491",0,10000,-10000,-5099
="082492",386000,2588000,-2202000,-1913089
="082493",685000,177000,508000,626279
="082494",905000,493000,412000,662935
="082495",319000,626000,-307000,-326808
="082496",8000,134000,-126000,-81478
="082497",7000,0,7000,6669
="082498",0,20000,-20000,-15199
="082499",0,52000,-52000,-47299
="082500",44000,163000,-119000,-105501
="082501",31000,430000,-399000,-401966
="082502",55000,406000,-351000,-235370
="082503",32000,160000,-128000,-161708
="082508",440000,0,440000,805998
="082556",0,10000,-10000,-8700
="082557",1000,0,1000,720
="082558",1076000,757000,319000,323431
="082559",65000,5000,60000,60600
="082560",966000,2144000,-1178000,-1393385
="082561",84000,8000,76000,82779
="082562",50000,86000,-36000,-45302
="082563",143000,82000,61000,61953
="082564",705000,1336000,-631000,-530469
="082565",0,400000,-400000,-248000
="082566",18000,0,18000,14759
="082567",0,19000,-19000,-8740
="082568",1000,171000,-170000,-136829
="082569",0,34000,-34000,-27540
="082573",28000,355000,-327000,-245128
="082574",497000,273000,224000,262911
="082575",85000,410000,-325000,-263750
="082576",102000,337000,-235000,-264249
="082577",123000,1000,122000,103480
="082578",72000,85000,-13000,-20229
="082580",1000,0,1000,1480
="082667",129000,0,129000,285948
="082750",0,10000,-10000,-9100
="082751",0,212000,-212000,-175657
="082752",40000,10000,30000,37500
="082753",0,137000,-137000,-103309
="082754",664000,158000,506000,702930
="082755",216000,366000,-150000,-128897
="082756",20000,8000,12000,9840
="082757",218000,87000,131000,107380
="082758",0,18000,-18000,-13500
="082760",0,43000,-43000,-30338
="082761",30000,0,30000,21900
="082764",0,231000,-231000,-136728
="082765",36000,39000,-3000,-3290
="082767",15000,52000,-37000,-26711
="082768",406000,1047000,-641000,-626906
="082770",517000,500000,17000,920
="082771",334000,193000,141000,97751
="082772",5000,10000,-5000,-5430
="082773",482000,1691000,-1209000,-1499906
="082774",496000,65000,431000,563108
="082775",1000,83000,-82000,-73765
="082776",0,20000,-20000,-19500
="082784",334000,50000,284000,533866
="082785",25000,0,25000,46500
="082798",234000,10000,224000,566720
="082799",60000,174000,-114000,-359558
="082834",20000,0,20000,40598
="082835",38000,0,38000,80599
="082883",100000,0,100000,152999
="082925",62000,1674000,-1612000,-969235
="082926",0,35000,-35000,-26250
="082928",307000,251000,56000,27502
="082929",230000,14000,216000,157820
="082930",35000,0,35000,29750
="082931",0,4000,-4000,-3138
="082932",10000,100000,-90000,-55701
="082933",0,220000,-220000,-186960
="082934",50000,9000,41000,22510
="082936",210000,0,210000,210749
="082937",578000,87000,491000,502630
="082994",100000,0,100000,172750
="083035",0,20000,-20000,-15000
="083036",6000,0,6000,4109
="083045",175000,0,175000,212500
="083197",40000,358000,-318000,-245899
="083198",20000,34000,-14000,-9820
="083199",218000,950000,-732000,-535169
="083201",0,494000,-494000,-410099
="083202",10000,155000,-145000,-100849
="083203",161000,228000,-67000,-59309
="083204",224000,1283000,-1059000,-930988
="083205",8000,13392000,-13384000,-8644846
="083206",301000,772000,-471000,-384860
="083207",261000,6528000,-6267000,-5480918
="083208",79000,354000,-275000,-250967
="083209",100000,125000,-25000,-23039
="083210",259000,211000,48000,24421
="083211",511000,4000,507000,385189
="083212",1000,103000,-102000,-74487
="083215",350000,16000,334000,267379
="083216",0,902000,-902000,-693048
="083217",2000,12000,-10000,-7921
="083218",10000,10000,0,-99
="083219",271000,0,271000,180139
="083220",0,50000,-50000,-97077
="083326",30000,165000,-135000,-82069
="083327",1204000,646000,558000,483426
="083328",31000,527000,-496000,-474634
="083329",346000,57000,289000,299038
="083330",2000,24000,-22000,-22039
="083331",0,50000,-50000,-36000
="083336",420000,884000,-464000,-461275
="083338",0,128000,-128000,-94920
="083339",62000,487000,-425000,-404238
="083340",0,380000,-380000,-287898
="083341",0,85000,-85000,-86497
="083343",4000,10000,-6000,-5049
="083344",41000,53000,-12000,-16040
="083345",10000,91000,-81000,-55937
="083346",0,104000,-104000,-74818
="083347",36000,1000,35000,33208
="083349",0,35000,-35000,-22849
="083350",17000,10000,7000,5481
="083460",22000,138000,-116000,-161844
="083461",15000,50000,-35000,-31200
="083462",253000,477000,-224000,-169848
="083463",578000,481000,97000,115893
="083464",9000,868000,-859000,-657928
="083465",100000,367000,-267000,-338037
="083467",0,152000,-152000,-89629
="083468",30000,0,30000,24599
="083470",0,98000,-98000,-59780
="083471",39000,199000,-160000,-148216
="083472",10000,100000,-90000,-99898
="083473",12000,0,12000,12819
="083476",62000,312000,-250000,-211027
="083478",10000,128000,-118000,-99700
="083479",10000,50000,-40000,-27900
="083480",50000,557000,-507000,-357507
="083496",60000,0,60000,79200
="083665",0,10000,-10000,-7599
="083666",0,7000,-7000,-7520
="083668",0,473000,-473000,-433816
="083670",0,1000,-1000,-1080
="083671",0,50000,-50000,-37500
="083673",0,230000,-230000,-209099
="083674",0,252000,-252000,-228315
="083675",0,155000,-155000,-100798
="083678",0,1000,-1000,-810
="083681",0,50000,-50000,-56948
="083682",0,282000,-282000,-255845
="083684",0,31000,-31000,-56999
="083687",0,16000,-16000,-9738
="08986P",0,5000,-5000,-649
="1101",6000,1115000,-1109000,-45412998
="1102",30000,0,30000,1227000
="1210",2000,4000,-2000,-97300
="1213",0,1000,-1000,-7239
="1216",116002,2000,114002,7567933
="1217",10000,0,10000,85600
="1227",10000,0,10000,557000
="1229",1000,1000,0,-500
="1301",10000,7442,2558,231645
="1303",7000,1156,5844,411134
="1304",195150,151015,44135,936636
="1305",7000,20000,-13000,-299351
="1307",0,188,-188,-3797
="1308",0,5000,-5000,-94750
="1309",2000,2020,-20,-687
="1310",101,0,101,1666
="1312",96000,90000,6000,172000
="1314",91000,61000,30000,290688
="1315",0,440,-440,-30887
="1325",26020,65000,-38980,-3875050
="1326",3500,0,3500,286449
="1336",0,5000,-5000,-123249
="1340",100,0,100,1035
="1402",4000,33000,-29000,-771698
="1409",42000,29000,13000,172999
="1416",50,0,50,544
="1434",141000,0,141000,4142347
="1440",5000,0,5000,66100
="1441",1000,990,10,-106
="1444",3150,0,3150,36952
="1445",10000,1000,9000,104051
="1449",0,17000,-17000,-399398
="1451",0,2000,-2000,-32400
="1455",100,0,100,915
="1456",0,20000,-20000,-318999
="1460",0,1000,-1000,-9000
="1464",1000,0,1000,17100
="1466",0,13000,-13000,-233348
="1471",1,0,1,5
="1472",2,0,2,19
="1474",0,11000,-11000,-128699
="1476",14000,7000,7000,2888500
="1477",3000,7000,-4000,-778500
="1504",1000,100000,-99000,-2748599
="1512",1,0,1,4
="1513",156000,249000,-93000,-4405647
="1515",0,5000,-5000,-369000
="1517",1000,0,1000,12699
="1519",21000,3000,18000,808950
="1527",1000,1000,0,-250
="1528",1,0,1,9
="1531",126,0,126,1461
="1532",0,40,-40,-1224
="1533",34000,31000,3000,158900
="1536",11000,52000,-41000,-4758000
="1558",0,1000,-1000,-140500
="1565",1000,0,1000,267000
="1568",3000,1000,2000,56700
="1590",22000,2000,20000,22750000
="1593",5000,9000,-4000,-505500
="1597",20000,27000,-7000,-753500
="1599",13000,0,13000,482950
="1604",1000,1000,0,-350
="1605",177000,29000,148000,2579147
="1609",29001,75000,-45999,-868832
="1611",2000,0,2000,26399
="1615",100,0,100,2350
="1626",0,20000,-20000,-474949
="1701",200,5000,-4800,-107540
="1702",3000,0,3000,134850
="1711",4,262,-258,-4090
="1712",1,0,1,20
="1714",0,30000,-30000,-294049
="1717",1000,0,1000,34700
="1718",2100,8000,-5900,-52299
="1721",1,0,1,10
="1732",189000,205000,-16000,-509746
="1733",0,1000,-1000,-22450
="1734",4000,1000,3000,88350
="1752",0,1000,-1000,-38250
="1760",14000,5000,9000,731400
="1762",2000,0,2000,110999
="1773",3000,2000,1000,105000
="1781",45000,0,45000,1070999
="1783",0,1000,-1000,-22649
="1784",1000,0,1000,36700
="1785",46000,45000,1000,46849
="1789",5000,2000,3000,77500
="1796",4000,0,4000,137999
="1802",80035,968000,-887965,-15207950
="1815",0,5000,-5000,-65500
="1904",4000,5000,-1000,-30301
="1905",80000,0,80000,811999
="1906",0,2000,-2000,-31600
="1907",0,1000,-1000,-24950
="1909",46000,12000,34000,680547
="2002",93000,23000,70000,1694348
="2006",3000,60000,-57000,-1887950
="2007",226000,100,225900,2013758
="2008",0,1000,-1000,-14149
="2009",22000,8000,14000,317299
="2010",0,1000,-1000,-12199
="2012",1,0,1,17
="2014",328000,334000,-6000,8049
="2015",1000,0,1000,64099
="2017",0,10000,-10000,-109749
="2022",0,1025,-1025,-6783
="2023",14000,10000,4000,47049
="2027",304000,27000,277000,7375891
="2028",5000,214000,-209000,-4553597
="2029",150,0,150,3217
="2034",0,9000,-9000,-229300
="2038",11000,3000,8000,141501
="2049",11000,9000,2000,877000
="2059",2000,0,2000,604000
="2061",1,60000,-59999,-983127
="2065",18000,1000,17000,754399
="2101",0,9342,-9342,-358533
="2105",100000,0,100000,4193498
="2106",0,5000,-5000,-159499
="2108",0,1000,-1000,-61400
="2201",87300,55106,32194,1318402
="2206",1000,0,1000,32750
="2208",210,0,210,5178
="2228",3000,0,3000,230099
="2231",7000,5020,1980,374220
="2233",1,0,1,86
="2247",0,1000,-1000,-221500
="2301",2000,3000,-1000,-55100
="2302",0,2000,-2000,-40799
="2303",5629000,2422425,3206575,184220516
="2308",13048,86080,-73032,-21474943
="2312",3000,2000,1000,12451
="2313",195000,689200,-494200,-22156551
="2316",5000,0,5000,151999
="2317",1801842,1076367,725475,89762123
="2323",34000,3000,31000,268069
="2324",171000,7000,164000,3507848
="2327",266010,118232,147778,92920948
="2328",129000,277000,-148000,-6107751
="2329",19000,7000,12000,191200
="2330",397114,408730,-11616,-6643529
="2331",30000,60000,-30000,-757200
="2332",81000,3000,78000,1861597
="2337",427000,451200,-24200,-979803
="2338",20000,27000,-7000,-292950
="2340",25000,34000,-9000,-224752
="2342",4000,1000,3000,109399
="2344",1811000,973060,837940,24086584
="2345",1000,5000,-4000,-1158000
="2348",0,1000,-1000,-85800
="2351",14000,11000,3000,279700
="2352",153000,209000,-56000,-1308049
="2353",226000,27000,199000,4788748
="2354",186150,297015,-110865,-8509122
="2355",12100,26000,-13900,-470622
="2356",0,1000,-1000,-23350
="2357",9000,2000,7000,2008000
="2359",7000,0,7000,125848
="2360",5000,36000,-31000,-6586000
="2363",61020,61000,20,23836
="2364",0,40,-40,-122
="2367",92000,7000,85000,1768349
="2368",24000,37000,-13000,-688000
="2369",2000,0,2000,28350
="2371",15090,127000,-111910,-2920311
="2374",106,0,106,1499
="2375",122000,73300,48700,5158349
="2376",70100,61100,9000,741328
="2377",12000,23000,-11000,-1456500
="2379",6001,44000,-37999,-18650007
="2382",0,57000,-57000,-4774895
="2383",8000,14000,-6000,-942000
="2387",1000,63000,-62000,-4086697
="2388",4000,0,4000,229398
="2390",0,2000,-2000,-27000
="2392",90000,36000,54000,2533799
="2393",11000,527000,-516000,-23233192
="2395",0,253000,-253000,-88612000
="2401",354001,215000,139001,3509025
="2402",6000,0,6000,98600
="2404",19000,5000,14000,3526000
="2405",0,1000,-1000,-11699
="2408",28050,208000,-179950,-15149797
="2409",1790000,616000,1174000,17299500
="2412",0,1000,-1000,-109500
="2413",20000,0,20000,470000
="2414",0,2000,-2000,-51299
="2415",6000,0,6000,198000
="2417",186000,26000,160000,8040840
="2419",0,2000,-2000,-45599
="2421",0,5000,-5000,-269999
="2423",0,1000,-1000,-23299
="2426",1,0,1,18
="2428",1000,18000,-17000,-3253000
="2430",5,0,5,98
="2431",5000,0,5000,55000
="2436",6000,18000,-12000,-522048
="2439",34000,4000,30000,4090500
="2441",157000,108000,49000,3545001
="2442",3000,9000,-6000,-58109
="2444",0,1000,-1000,-16200
="2449",714000,518000,196000,7795499
="2451",33000,4000,29000,1802898
="2454",70153,76000,-5847,-5203011
="2455",91100,397000,-305900,-37432100
="2456",49000,39100,9900,1085250
="2457",3000,2000,1000,15848
="2458",36000,103000,-67000,-11379500
="2460",0,24000,-24000,-579199
="2464",0,3000,-3000,-126600
="2465",1000,0,1000,17450
="2467",125000,1000,124000,5108901
="2471",118000,26000,92000,2439149
="2472",4000,3000,1000,70601
="2474",3000,12100,-9100,-1864500
="2476",161000,27000,134000,3512948
="2478",11000,27000,-16000,-1324698
="2480",12000,0,12000,801298
="2481",49000,112000,-63000,-3335699
="2482",0,217,-217,-2311
="2484",3000,0,3000,67949
="2485",100,0,100,1750
="2486",0,2000,-2000,-36000
="2491",5000,17000,-12000,-165850
="2492",88005,27100,60905,14456585
="2493",1000,0,1000,34150
="2495",122,1000,-878,-10923
="2497",2000,0,2000,78300
="2498",114100,36000,78100,2207844
="2501",2554,0,2554,48230
="2504",26000,5000,21000,466451
="2505",0,9000,-9000,-282548
="2509",0,7000,-7000,-118650
="2511",10000,0,10000,108500
="2515",0,50000,-50000,-444639
="2520",3000,0,3000,97200
="2534",1140,1000,140,2339
="2537",0,365,-365,-3204
="2538",20000,0,20000,197999
="2540",6000,0,6000,400299
="2542",1000,4000,-3000,-131850
="2545",5000,0,5000,180750
="2546",1000,0,1000,46549
="2547",0,4000,-4000,-43648
="2601",1000,7528,-6528,-61485
="2603",2607110,3646100,-1038990,-36714130
="2605",10000,25000,-15000,-290350
="2607",100,7000,-6900,-112488
="2609",2849000,3833000,-984000,-23078951
="2610",1030,101000,-99970,-1012395
="2611",2000,2000,0,551
="2615",20000,115000,-95000,-4364445
="2617",7000,0,7000,132250
="2618",0,50,-50,-605
="2633",3000,6000,-3000,-87300
="2634",1000,0,1000,28000
="2637",95,0,95,2346
="2640",4000,0,4000,308000
="2641",12000,11000,1000,10698
="2723",3000,1000,2000,254000
="2727",3000,0,3000,343500
="2729",0,1000,-1000,-222000
="2801",5000,10000,-5000,-84950
="2809",84000,0,84000,3243197
="2812",0,1000,-1000,-10750
="2823",3311,22000,-18689,-422151
="2832",201,11000,-10799,-225870
="2834",7000,0,7000,64840
="2841",1100,0,1100,7698
="2849",0,7000,-7000,-102200
="2851",3000,0,3000,66600
="2855",5050,35972,-30922,-628863
="2867",5000,0,5000,40670
="2880",13100,8056,5044,87712
="2881",106000,148000,-42000,-2006802
="2881A",0,3224,-3224,-199219
="2882",120000,25563,94437,3865220
="2883",42000,17796,24204,221097
="2884",18320,28000,-9680,-234874
="2885",5000,8000,-3000,-61449
="2886",20000,9000,11000,319048
="2887",1000,16185,-15185,-193268
="2888",70000,10000,60000,498199
="2888B",0,66,-66,-2772
="2890",5000,5000,0,-499
="2891",80000,13150,66850,1309218
="2892",0,20300,-20300,-416813
="2897",333000,0,333000,2215586
="2901",50,0,50,1180
="2903",0,27,-27,-600
="2905",0,11000,-11000,-221649
="2911",1000,1000,0,-110
="2912",3,0,3,799
="2915",52000,0,52000,3595598
="2929",0,307,-307,-3714
="3003",111000,99000,12000,580102
="3005",44000,26000,18000,867498
="3006",230000,137100,92900,5895211
="3008",3060,37001,-33941,-100598665
="3010",351100,16200,334900,27810959
="3013",0,20000,-20000,-269349
="3015",2000,2000,0,-2150
="3016",21000,12000,9000,633700
="3017",18000,20000,-2000,-128098
="3018",1100,1000,100,1360
="3019",15000,3000,12000,887500
="3023",2000,0,2000,514500
="3029",0,3000,-3000,-116099
="3031",5000,1000,4000,64400
="3034",34000,89000,-55000,-22726000
="3035",222000,1177000,-955000,-56946697
="3037",640150,721000,-80850,-9860102
="3038",0,1000,-1000,-17899
="3040",0,1000,-1000,-39650
="3042",13000,38000,-25000,-2094496
="3044",106000,9000,97000,12813000
="3045",0,5000,-5000,-483899
="3047",2000,10000,-8000,-100451
="3048",1000,1000,0,-201
="3049",0,3000,-3000,-29849
="3055",150,0,150,4570
="3057",1,0,1,10
="3058",2000,1000,1000,12651
="3059",26001,167000,-140999,-4381916
="3060",0,2000,-2000,-28300
="3062",16000,9000,7000,128199
="3071",0,2000,-2000,-51000
="3078",1000,6000,-5000,-210399
="3081",10000,2000,8000,2364500
="3083",0,1000,-1000,-58900
="3086",0,91,-91,-6979
="3092",14000,62000,-48000,-3042098
="3094",5000,2000,3000,75100
="3105",5000,41000,-36000,-16498500
="3114",3000,0,3000,70050
="3128",0,10000,-10000,-170749
="3131",7000,71000,-64000,-25423500
="3138",12000,47000,-35000,-8801000
="3141",22000,79000,-57000,-2364299
="3147",0,1000,-1000,-31799
="3149",0,10000,-10000,-280000
="3152",0,11000,-11000,-5199000
="3164",1150,1900,-750,-15955
="3169",0,2,-2,-116
="3178",57000,126000,-69000,-4190002
="3189",157000,116000,41000,3446196
="3202",10000,0,10000,173750
="3209",2000,0,2000,44700
="3211",1000,0,1000,88300
="3213",0,11000,-11000,-550399
="3217",1000,41000,-40000,-4756000
="3218",17000,10000,7000,1723500
="3221",0,10000,-10000,-201000
="3227",9000,15000,-6000,-1143500
="3228",26100,135000,-108900,-29814600
="3230",0,27000,-27000,-168998
="3231",12000,46050,-34050,-1057445
="3232",0,4000,-4000,-58448
="3234",0,1000,-1000,-36849
="3236",1,0,1,25
="3252",0,1000,-1000,-16399
="3257",3001,7000,-3999,-296127
="3260",69000,39000,30000,2159500
="3264",70000,97000,-27000,-1177100
="3265",15000,0,15000,433999
="3272",9000,3000,6000,342399
="3287",79000,6000,73000,1880601
="3293",90000,34040,55960,47749920
="3296",3000,3000,0,-599
="3305",3000,0,3000,89599
="3312",35001,0,35001,523763
="3317",1,0,1,45
="3322",5000,0,5000,62249
="3323",0,1000,-1000,-46750
="3324",33000,83045,-50045,-10892490
="3325",2,0,2,52
="3339",2000,0,2000,28299
="3362",20,0,20,690
="3373",44000,3000,41000,3232998
="3374",122000,113000,9000,1858500
="3376",4000,6000,-2000,-260000
="3380",2000,4000,-2000,-71048
="3406",51000,84000,-33000,-16773000
="3413",155200,202000,-46800,-12293800
="3432",2000,40000,-38000,-463448
="3437",10100,1000,9100,301979
="3443",43000,69000,-26000,-10890000
="3450",1010,1000,10,329
="3466",229,1000,-771,-8851
="3479",5000,0,5000,260299
="3481",281000,235000,46000,645500
="3483",0,20000,-20000,-1599500
="3484",38000,25000,13000,873700
="3490",0,1000,-1000,-29450
="3492",0,4000,-4000,-70000
="3498",2000,0,2000,81249
="3504",1000,3000,-2000,-109898
="3508",19001,0,19001,407573
="3515",1000,2000,-1000,-147000
="3520",1000,0,1000,13850
="3522",2000,1000,1000,10349
="3526",70000,105050,-35050,-3642903
="3527",2000,3000,-1000,-99699
="3529",15070,49000,-33930,-24086480
="3530",2000,3000,-1000,-117500
="3532",11350,6000,5350,803450
="3533",22000,6000,16000,8747000
="3540",0,3000,-3000,-185900
="3545",31002,45000,-13998,-1390006
="3546",4000,2000,2000,209000
="3552",44260,56000,-11740,-3199640
="3556",4,0,4,226
="3563",2000,2000,0,-500
="3576",2280,10000,-7720,-99688
="3587",21000,124000,-103000,-11027500
="3588",0,4000,-4000,-238500
="3591",25000,0,25000,438498
="3593",1,0,1,11
="3596",47000,2000,45000,4161295
="3597",1000,76000,-75000,-2029245
="3605",3001,5000,-1999,-84510
="3615",0,1000,-1000,-21299
="3622",0,4000,-4000,-129549
="3624",1000,0,1000,28399
="3625",105000,67000,38000,1004753
="3630",1000,1000,0,-1500
="3632",300,0,300,2831
="3646",23,0,23,518
="3653",9000,12000,-3000,-882000
="3661",15000,11000,4000,3541000
="3665",14000,109004,-95004,-27771676
="3666",5000,63601,-58601,-3487854
="3669",42000,52000,-10000,-850001
="3673",0,1000,-1000,-43150
="3675",1000,1000,0,-801
="3680",49100,102000,-52900,-18893500
="3682",60001,10000,50001,479315
="3685",13000,0,13000,387199
="3686",0,1000,-1000,-16500
="3689",100,36000,-35900,-1026839
="3691",21000,18000,3000,680500
="3694",31000,3000,28000,769298
="3702",76000,46000,30000,1341547
="3703",100,20000,-19900,-396459
="3704",182000,31000,151000,5696648
="3706",1000,4000,-3000,-88376
="3707",34000,57800,-23800,-1149073
="3708",18000,7000,11000,1566000
="3709",0,1000,-1000,-21850
="3711",364035,2998000,-2633965,-269867343
="3712",1000,0,1000,26549
="3714",89394,507244,-417850,-36035153
="4102",40000,12000,28000,798301
="4105",6000,0,6000,388400
="4106",150,0,150,4117
="4108",92000,1000,91000,2411701
="4114",124000,40518,83482,2148351
="4116",0,2000,-2000,-66000
="4119",2330,1000,1330,127596
="4121",1,0,1,19
="4123",25000,3000,22000,1374299
="4128",2000,2000,0,301
="4129",130,0,130,4328
="4130",1000,0,1000,26549
="4133",2000,1000,1000,55498
="4141",1000,1000,0,-250
="4142",22000,15000,7000,364897
="4152",2000,0,2000,146800
="4157",2100,2000,100,1596
="4160",1100,1000,100,1871
="4162",0,22000,-22000,-1094999
="4163",0,1000,-1000,-92599
="4167",0,10000,-10000,-291000
="4171",6000,6000,0,6500
="4173",3000,0,3000,66000
="4188",0,2000,-2000,-38799
="4306",112,0,112,1624
="4402",1,0,1,4
="4417",2000,2000,0,-400
="4420",0,10,-10,-252
="4439",0,2000,-2000,-285000
="4526",100,0,100,1525
="4528",4000,0,4000,209000
="4532",0,30,-30,-601
="4534",50,0,50,426
="4540",2000,34000,-32000,-1847597
="4551",31000,11000,20000,3546500
="4555",0,1000,-1000,-49150
="4576",51000,32000,19000,2179500
="4609",0,1000,-1000,-7650
="4702",2000,0,2000,24100
="4722",1000,1000,0,-350
="4726",0,6000,-6000,-187799
="4735",1000,3000,-2000,-181699
="4736",53000,13000,40000,7246500
="4739",0,1000,-1000,-62500
="4743",1500,1300,200,39100
="4746",2000,0,2000,90400
="4760",5000,30000,-25000,-3147000
="4763",1000,0,1000,121000
="4766",3000,0,3000,453000
="4906",351000,0,351000,9675699
="4909",0,4000,-4000,-86000
="4912",20000,3000,17000,2290000
="4915",104000,30000,74000,4132099
="4927",55000,13000,42000,2920898
="4933",1000,0,1000,39250
="4935",7000,15000,-8000,-823500
="4938",13520,51403,-37883,-2948884
="4943",31000,4000,27000,2088400
="4952",4000,2000,2000,81301
="4953",0,46000,-46000,-4268598
="4956",0,2000,-2000,-39900
="4958",1012000,9000,1003000,121163000
="4960",2000,2000,0,-200
="4961",530000,1152000,-622000,-88020000
="4966",3000,5000,-2000,-2855000
="4967",76001,4000,72001,3210745
="4968",36000,72000,-36000,-22040000
="4972",50,0,50,1417
="4976",82000,79000,3000,342500
="4989",0,10000,-10000,-231099
="4991",0,1000,-1000,-53000
="5011",244000,13000,231000,7851849
="5014",6000,17000,-11000,-157098
="5203",11000,0,11000,1119500
="5210",1,0,1,7
="5211",100,0,100,1500
="5212",1,0,1,57
="5215",1000,2000,-1000,-136500
="5223",41000,2000,39000,3055099
="5227",12108,0,12108,165212
="5243",3000,19000,-16000,-1037000
="5251",1000,1000,0,-462
="5258",287,110,177,3708
="5269",1281,3000,-1719,-3064200
="5272",1,0,1,22
="5274",0,2000,-2000,-4090000
="5278",1000,0,1000,139000
="5285",5000,1000,4000,280698
="5288",4000,0,4000,460000
="5289",0,67,-67,-11088
="5306",8000,19000,-11000,-2277500
="5309",10000,0,10000,349150
="5328",0,16000,-16000,-212997
="5347",643000,254000,389000,50325500
="5353",1000,0,1000,15850
="5371",180000,53000,127000,5059204
="5386",67000,7000,60000,3669602
="5388",0,1000,-1000,-73300
="5425",9000,9000,0,3400
="5432",1000,0,1000,19149
="5434",13000,0,13000,1651000
="5438",1,0,1,12
="5439",70000,0,70000,3695598
="5443",3000,2000,1000,44050
="5450",0,1000,-1000,-16299
="5457",0,1000,-1000,-92400
="5469",7000,1000,6000,252501
="5471",11000,17100,-6100,-426980
="5474",9000,2000,7000,1289000
="5483",164000,272000,-108000,-18981762
="5484",283000,4000,279000,4520301
="5488",23000,0,23000,152798
="5498",6000,2000,4000,65800
="5521",0,10000,-10000,-95000
="5522",53000,0,53000,2732196
="5529",7000,359000,-352000,-4294096
="5604",0,1000,-1000,-66199
="5607",4000,11000,-7000,-186950
="5608",33000,65000,-32000,-347649
="5609",3000,0,3000,173399
="5701",0,3000,-3000,-6299
="5820",0,79,-79,-963
="5871",4000,1000,3000,504000
="5876",2000,3000,-1000,-38950
="5880",20000,15000,5000,98251
="6015",11000,5000,6000,80049
="6016",2000,0,2000,27500
="6104",1000,16000,-15000,-1015999
="6108",0,2000,-2000,-42200
="6112",3000,0,3000,131349
="6116",812000,259000,553000,6956250
="6118",0,1000,-1000,-13350
="6120",0,1000,-1000,-12600
="6121",1000,6000,-5000,-1839500
="6122",2000,0,2000,23200
="6125",12000,6000,6000,139999
="6126",49000,35000,14000,372246
="6127",15000,16000,-1000,-25500
="6129",3000,14000,-11000,-188351
="6134",0,1,-1,-17
="6138",2000,0,2000,165500
="6139",3000,3000,0,-601
="6141",0,2000,-2000,-57900
="6142",1,0,1,8
="6147",20000,65000,-45000,-3456200
="6150",27000,4190,22810,2251035
="6152",0,2030,-2030,-23335
="6153",75000,35000,40000,1407150
="6155",0,1000,-1000,-25500
="6160",1,0,1,13
="6161",1000,0,1000,18700
="6163",0,3000,-3000,-45300
="6165",0,5000,-5000,-207649
="6166",4000,0,4000,216399
="6168",6000,4000,2000,34901
="6173",5000,4000,1000,70999
="6175",12000,79000,-67000,-2388550
="6176",5000,13005,-8005,-970607
="6182",50000,102000,-52000,-2080552
="6185",114,0,114,1476
="6187",65000,25000,40000,4828000
="6188",39000,173000,-134000,-5269700
="6190",73000,39000,34000,611800
="6191",0,13166,-13166,-310533
="6196",19330,64000,-44670,-5568430
="6201",1000,0,1000,40000
="6202",22000,1000,21000,1544200
="6203",23000,5000,18000,1464898
="6208",12005,1000,11005,427994
="6209",1000,0,1000,33650
="6213",2000,2000,0,1000
="6214",5000,1000,4000,337301
="6215",84000,204000,-120000,-2333898
="6217",0,10100,-10100,-374620
="6219",0,44000,-44000,-750199
="6223",54000,73000,-19000,-2409000
="6224",2000,0,2000,214000
="6225",200,0,200,642
="6226",26000,24000,2000,17161
="6230",0,13000,-13000,-2813000
="6231",1000,0,1000,92500
="6233",11000,25000,-14000,-541249
="6237",76000,130000,-54000,-5148502
="6239",385000,536000,-151000,-15565000
="6243",5001,0,5001,82966
="6244",1000,0,1000,30899
="6247",156,0,156,1492
="6251",50000,2000,48000,936201
="6257",164050,112000,52050,2651909
="6266",0,16000,-16000,-306000
="6269",21050,18000,3050,380150
="6271",76000,84000,-8000,-1818500
="6274",52000,26000,26000,2983000
="6278",22000,50000,-28000,-3589000
="6279",14000,19000,-5000,-554500
="6282",4000,0,4000,113199
="6283",1000,7000,-6000,-239399
="6284",488000,134000,354000,29453389
="6285",20000,7000,13000,1005498
="6288",1000,6000,-5000,-161249
="6289",1,0,1,3
="6290",108000,32000,76000,4067398
="6404",2,0,2,9
="6411",10000,16020,-6020,-637160
="6412",1000,0,1000,69000
="6414",19000,5000,14000,3635000
="6415",3,10,-7,-18965
="6416",0,1000,-1000,-125000
="6417",6000,0,6000,443400
="6419",0,1000,-1000,-15949
="6432",5000,0,5000,187000
="6435",2000,2000,0,1000
="6438",7000,2000,5000,420498
="6441",3000,74000,-71000,-9822000
="6443",26010,38000,-11990,-415109
="6446",0,20000,-20000,-1824998
="6449",3001,0,3001,165857
="6451",8000,1000,7000,958000
="6456",52000,49000,3000,374000
="6461",2000,0,2000,40000
="6462",1000,3000,-2000,-301500
="6469",2000,0,2000,186399
="6477",2000,2000,0,1602
="6485",14000,0,14000,570400
="6488",38000,71025,-33025,-24495950
="6492",1000,4000,-3000,-597000
="6494",1000,1000,0,700
="6496",1000,1000,0,-525
="6499",2000,0,2000,98099
="6504",8050,8050,0,3850
="6505",1000,0,1000,94400
="6510",4000,13000,-9000,-8620000
="6515",200,0,200,94200
="6516",0,13000,-13000,-1035197
="6525",0,10000,-10000,-712198
="6531",61061,101011,-39950,-29238264
="6532",0,6000,-6000,-342400
="6533",163391,270010,-106619,-43948208
="6535",1000,0,1000,32099
="6538",1000,0,1000,168500
="6547",11000,29153,-18153,-1960329
="6548",61000,60000,1000,87899
="6552",0,5000,-5000,-330998
="6560",29000,0,29000,2441499
="6576",0,13000,-13000,-1153998
="6582",3000,3221,-221,-33155
="6589",1000,0,1000,40500
="6591",1000,0,1000,60200
="6603",56000,10000,46000,657501
="6605",1000,1000,0,-300
="6640",1000,2000,-1000,-64099
="6643",4000,5000,-1000,-408500
="6655",0,1000,-1000,-48950
="6669",1001,17000,-15999,-13620154
="6670",0,1000,-1000,-164000
="6672",93000,25000,68000,5091700
="6679",0,1000,-1000,-261000
="6683",15000,9000,6000,2351000
="6697",0,1000,-1000,-38400
="6706",5000,64,4936,798760
="6732",5185,3050,2135,1740925
="6743",0,1000,-1000,-118500
="6747",8000,0,8000,1218000
="6756",0,24000,-24000,-6990000
="6762",0,50,-50,-13100
="711143",10000,38000,-28000,-68221
="711479",49000,171000,-122000,-175057
="711517",20000,0,20000,24000
="711562",30000,250000,-220000,-41598
="711607",100000,0,100000,3999
="711673",20000,0,20000,24800
="711700",28000,0,28000,108300
="711850",0,10000,-10000,-12200
="711936",79000,0,79000,165947
="712014",100000,2000,98000,81130
="712015",1000,0,1000,1000
="712199",342000,1000,341000,128266
="712326",761000,200000,561000,280561
="712327",2000,0,2000,400
="712363",3000,0,3000,1439
="712370",175000,80000,95000,110054
="712605",5000,0,5000,4840
="712606",90000,172000,-82000,-83929
="712612",260000,0,260000,171117
="712615",110000,0,110000,86900
="712628",25000,0,25000,3750
="712630",0,20000,-20000,-5500
="712633",40000,0,40000,24098
="712688",35000,0,35000,9899
="712916",503000,666000,-163000,-240555
="712920",0,39000,-39000,-17298
="712922",5000,13000,-8000,-17230
="712979",0,20000,-20000,-20299
="712980",0,3000,-3000,-3899
="712981",0,15000,-15000,-13899
="712982",271000,0,271000,144709
="713036",168000,0,168000,465578
="713040",2000,0,2000,3680
="713042",13000,261000,-248000,-107249
="713074",63000,40000,23000,11590
="713085",10000,0,10000,5699
="713182",1000,10000,-9000,-2169
="713183",0,34000,-34000,-45950
="713184",533000,310000,223000,120932
="713242",110000,0,110000,20899
="713284",253000,0,253000,199329
="713317",43000,0,43000,27479
="713325",11000,0,11000,31660
="713326",18000,23000,-5000,-10101
="713327",33000,9000,24000,22720
="713386",0,50000,-50000,-37999
="713388",0,10000,-10000,-2500
="713404",0,145000,-145000,-227650
="713514",1000,1000,0,-81
="713515",103000,250000,-147000,-65060
="713516",0,30000,-30000,-12000
="713517",0,5000,-5000,-1700
="713587",0,1000,-1000,-209
="713589",0,15000,-15000,-2849
="713648",0,300000,-300000,-75999
="713649",10000,5000,5000,8099
="713651",14000,0,14000,21388
="713653",50000,0,50000,15000
="713675",234000,635000,-401000,-110270
="713676",3000,0,3000,5239
="713677",180000,0,180000,1799
="713725",2000,0,2000,6699
="713821",44000,119000,-75000,-96941
="713833",20000,48000,-28000,-64229
="713888",200000,0,200000,7999
="713939",360000,450000,-90000,-32799
="713977",10000,0,10000,1000
="714030",100000,2000,98000,58920
="714031",0,20000,-20000,-4899
="714153",316000,0,316000,606727
="714211",0,10000,-10000,-5600
="714212",20000,20000,0,-4599
="714236",50000,0,50000,91899
="714237",49000,88000,-39000,-93225
="714238",20000,2000,18000,13140
="714239",2000,0,2000,690
="714241",50000,0,50000,2999
="714254",6000,0,6000,1729
="714272",20000,10000,10000,3550
="714384",20000,27000,-7000,-13684
="714431",116000,6000,110000,73881
="714489",0,199000,-199000,-135989
="714516",722000,765000,-43000,-51546
="714517",57000,8000,49000,80129
="714518",133000,77000,56000,47549
="714620",268000,20000,248000,327489
="714622",122000,448000,-326000,-478306
="714624",0,504000,-504000,-252029
="714649",10000,0,10000,47899
="714685",163000,75000,88000,37142
="714686",10000,0,10000,47199
="714712",295000,130000,165000,340570
="714714",0,55000,-55000,-19249
="714741",0,2056000,-2056000,-1171518
="714742",0,30000,-30000,-27199
="714795",135000,0,135000,121498
="714806",11000,0,11000,12210
="714856",669000,230000,439000,318889
="714858",15000,0,15000,11399
="714860",125000,0,125000,150390
="714861",0,10000,-10000,-45799
="714887",9000,0,9000,2520
="714889",10000,12000,-2000,-779
="714949",20000,0,20000,63400
="715011",10000,20000,-10000,-4870
="715012",29000,0,29000,23779
="715067",35000,159000,-124000,-296275
="715070",84000,60000,24000,30489
="715072",147000,448000,-301000,-349898
="715073",18000,5000,13000,98199
="715116",3000,0,3000,5970
="715159",460000,253000,207000,141620
="715161",0,99000,-99000,-345548
="715162",0,20000,-20000,-82600
="715163",60000,0,60000,211497
="715164",5000,0,5000,16849
="715180",120000,0,120000,75998
="715181",76000,3000,73000,233453
="715239",426000,0,426000,696386
="715285",0,74000,-74000,-76756
="715286",2000,44000,-42000,-20259
="715287",68000,4000,64000,87519
="715288",0,18000,-18000,-13500
="715328",0,10000,-10000,-31400
="715356",46000,25000,21000,36025
="715417",161000,61000,100000,266099
="715520",80000,4000,76000,64721
="715553",5000,2000,3000,2181
="715555",3000,0,3000,2400
="715609",88000,6000,82000,145169
="715633",0,27000,-27000,-36720
="715657",360000,30000,330000,404788
="715658",74000,0,74000,66979
="715659",39000,161000,-122000,-73589
="715660",506000,500000,6000,-11981
="715661",61000,19000,42000,70970
="715662",6000,75000,-69000,-115819
="715691",59000,0,59000,47430
="715692",64000,0,64000,50459
="715694",76000,0,76000,133858
="715743",6000,0,6000,13110
="715781",11000,19000,-8000,-10485
="715790",5000,0,5000,5849
="715800",0,3000,-3000,-6239
="715813",139000,1000,138000,225107
="715814",0,267000,-267000,-135969
="715815",220000,6000,214000,510661
="715855",5000,0,5000,1000
="715901",4000,8000,-4000,-8459
="715935",103000,30000,73000,99522
="715971",0,296000,-296000,-241967
="716032",3000,377000,-374000,-380868
="716034",87000,0,87000,67499
="716035",100000,7000,93000,249681
="716037",130000,6000,124000,241659
="716090",0,1000,-1000,-3509
="716110",70000,0,70000,97299
="716111",27000,5000,22000,25488
="716112",19000,28000,-9000,-17890
="716137",128000,466000,-338000,-317530
="716295",43000,10000,33000,54380
="716296",39000,0,39000,61230
="716297",15000,0,15000,20550
="716298",179000,188000,-9000,-47986
="716300",16000,0,16000,79577
="716325",0,50000,-50000,-97000
="716347",0,4000,-4000,-5559
="716357",0,28000,-28000,-26599
="716358",20000,35000,-15000,-46999
="716368",315000,83000,232000,450319
="716369",296000,65000,231000,532491
="716370",295000,465000,-170000,-252671
="716384",6000,0,6000,4500
="716424",0,20000,-20000,-28199
="716433",33000,361000,-328000,-345759
="716493",10000,0,10000,10399
="716507",47000,209000,-162000,-124030
="716508",0,102000,-102000,-82400
="716509",0,129000,-129000,-268319
="716590",36000,0,36000,49119
="716591",0,5000,-5000,-5450
="716594",191000,73000,118000,124048
="716595",0,30000,-30000,-58146
="716596",5000,37000,-32000,-62477
="716643",10000,0,10000,17539
="716668",50000,93000,-43000,-104799
="716677",145000,40000,105000,115300
="716685",20000,0,20000,14199
="716718",20000,0,20000,22999
="716759",5000,20000,-15000,-16601
="716761",107000,0,107000,84530
="716816",200000,25000,175000,137111
="716837",29000,333000,-304000,-419318
="716838",0,13000,-13000,-10179
="716857",0,50000,-50000,-203599
="716905",65000,75000,-10000,-5788
="716907",431000,264000,167000,270000
="716908",163000,669000,-506000,-751557
="716953",79000,27000,52000,39201
="716954",557000,27000,530000,709129
="716955",204000,410000,-206000,-154711
="716956",745000,703000,42000,26577
="716957",208000,15000,193000,138860
="716958",355000,117000,238000,287089
="716998",372000,246000,126000,75138
="716999",88000,5000,83000,66167
="717001",0,185000,-185000,-108678
="717013",10000,0,10000,11499
="717024",7000,52000,-45000,-40129
="717086",240000,15000,225000,188187
="717087",101000,0,101000,152489
="717095",1000,0,1000,1389
="717101",5000,1000,4000,2989
="717102",242000,208000,34000,9099
="717103",80000,55000,25000,27999
="717159",10000,83000,-73000,-217318
="717192",4000,0,4000,48000
="717203",0,6000,-6000,-12000
="717204",678000,435000,243000,389570
="717208",83000,20000,63000,94079
="717209",6000,0,6000,10440
="717210",40000,26000,14000,18230
="717305",109000,133000,-24000,-7176
="717307",0,50000,-50000,-24500
="717310",0,2000,-2000,-1500
="717311",34000,15000,19000,20420
="717321",30000,45000,-15000,-28402
="717351",107000,55000,52000,48279
="717352",12000,105000,-93000,-53679
="717353",320000,604000,-284000,-472527
="717354",80000,59000,21000,13782
="717355",0,128000,-128000,-91439
="717356",100000,2000,98000,48941
="717358",147000,21000,126000,84600
="717359",108000,15000,93000,47208
="717360",0,110000,-110000,-110499
="717361",110000,5000,105000,85900
="717363",1256000,1736000,-480000,-564178
="717364",99000,86000,13000,12380
="717365",1000,80000,-79000,-84858
="717420",60000,0,60000,136298
="717423",0,150000,-150000,-143999
="717459",97000,69000,28000,17840
="717460",10000,123000,-113000,-76741
="717461",125000,235000,-110000,-152771
="717464",211000,178000,33000,17110
="717465",61000,20000,41000,25439
="717466",241000,0,241000,255959
="717467",0,175000,-175000,-99749
="717468",904000,635000,269000,182802
="717469",345000,132000,213000,222860
="717475",10000,0,10000,17599
="717476",70000,0,70000,148098
="717500",20000,0,20000,50600
="717509",103000,56000,47000,80598
="717513",207000,66000,141000,165728
="717514",318000,367000,-49000,-60941
="717515",0,50000,-50000,-31000
="717516",0,16000,-16000,-10208
="717517",92000,0,92000,69359
="717518",289000,1245000,-956000,-1033607
="717519",167000,0,167000,106879
="717520",199000,252000,-53000,-31188
="717522",21000,40000,-19000,-9101
="717523",123000,59000,64000,82230
="717524",484000,146000,338000,301710
="717525",5000,7000,-2000,-3640
="717526",64000,76000,-12000,-21018
="717531",60000,0,60000,265200
="717566",87000,74000,13000,6361
="717570",169000,82000,87000,123439
="717588",0,40000,-40000,-54400
="717601",253000,406000,-153000,-111360
="717602",46000,43000,3000,1620
="717603",5000,0,5000,4250
="717604",14000,10000,4000,4020
="717605",96000,5000,91000,89080
="717606",60000,0,60000,31199
="717607",30000,45000,-15000,-8900
="717609",90000,4000,86000,69148
="717635",1000,0,1000,860
="717636",134000,190000,-56000,-37902
="717639",294000,110000,184000,208157
="717640",82000,20000,62000,63969
="717683",413000,240000,173000,254349
="717684",0,70000,-70000,-38099
="717685",333000,58000,275000,223528
="717686",3000,90000,-87000,-61279
="717687",0,9000,-9000,-7019
="717688",1000,7000,-6000,-5160
="717689",80000,0,80000,81118
="717734",250000,0,250000,110499
="717735",1046000,439000,607000,558368
="717736",0,70000,-70000,-44598
="717737",30000,10000,20000,18498
="717738",102000,88000,14000,16209
="717739",19000,114000,-95000,-151110
="717740",9000,3000,6000,12880
="717741",50000,110000,-60000,-63750
="717742",402000,31000,371000,365459
="717773",74000,71000,3000,-3998
="717774",0,60000,-60000,-58800
="717775",30000,49000,-19000,-16589
="717776",100000,494000,-394000,-357005
="717777",0,15000,-15000,-9000
="717778",35000,15000,20000,9299
="717779",104000,60000,44000,49873
="717780",10000,90000,-80000,-63039
="717816",263000,496000,-233000,-231407
="717817",0,41000,-41000,-29478
="717818",61000,428000,-367000,-409360
="717819",31000,227000,-196000,-131201
="717820",73000,0,73000,43929
="717846",25000,30000,-5000,-5549
="717851",0,25000,-25000,-28249
="717859",0,90000,-90000,-45598
="717860",31000,86000,-55000,-43908
="717861",40000,0,40000,38599
="717862",37000,30000,7000,6358
="717950",5000,139000,-134000,-120516
="717951",0,201000,-201000,-156779
="717956",0,10000,-10000,-6100
="717957",450000,1176000,-726000,-833859
="717958",0,50000,-50000,-37999
="717959",0,77000,-77000,-58848
="717960",10000,20000,-10000,-6000
="717961",0,2000,-2000,-1220
="717962",0,10000,-10000,-9200
="717963",120000,40000,80000,69449
="718039",0,207000,-207000,-173278
="718041",0,145000,-145000,-138036
="718042",0,10000,-10000,-20799
="718043",0,250000,-250000,-331527
="718045",0,15000,-15000,-9749
="718048",0,25000,-25000,-17149
="73425P",0,70000,-70000,-2099
="73597P",0,700000,-700000,-263989
="73653P",0,15000,-15000,-9300
="73655P",20000,50000,-30000,-15799
="73686P",0,110000,-110000,-119400
="73689P",0,60000,-60000,-51600
="73717P",70000,86000,-16000,-25581
="73729P",0,10000,-10000,-13200
="73748P",5000,17000,-12000,-20841
="73754P",101000,1000,100000,75999
="73758P",0,60000,-60000,-92999
="73759P",0,30000,-30000,-40800
="73764P",20000,20000,0,201
="73774P",208000,221000,-13000,-11711
="73789P",0,60000,-60000,-43800
="73794P",0,50000,-50000,-19499
="73799P",641000,185000,456000,201540
="73803P",20000,129000,-109000,-89298
="73804P",10000,0,10000,6800
="73805P",187000,161000,26000,14210
="73809P",0,1000,-1000,-1080
="73826P",0,63000,-63000,-55399
="7556",3000,12000,-9000,-1159500
="8011",0,48000,-48000,-989049
="8016",6200,50000,-43800,-7518550
="8021",0,3000,-3000,-82448
="8024",114000,0,114000,2314950
="8027",0,1000,-1000,-83599
="8028",8000,8000,0,2400
="8033",9000,5000,4000,80300
="8034",0,2000,-2000,-35599
="8040",5000,0,5000,110249
="8042",0,2000,-2000,-89650
="8044",1000,1150,-150,-11789
="8046",287000,117000,170000,38714500
="8049",0,3000,-3000,-64500
="8054",5000,5000,0,-1250
="8064",1,0,1,15
="8067",1,0,1,9
="8069",132150,107000,25150,1314847
="8070",32000,24000,8000,255699
="8076",2000,2000,0,-151
="8080",2,0,2,19
="8081",25000,226000,-201000,-40474500
="8084",151000,52000,99000,9419799
="8086",213001,427423,-214422,-36543312
="8088",2000,2000,0,-1000
="8096",40000,11000,29000,383600
="8103",1000,0,1000,33700
="8105",0,2000,-2000,-23600
="8110",1000,0,1000,13449
="8111",0,1000,-1000,-15949
="8112",0,1000,-1000,-35799
="8114",0,5,-5,-388
="8150",21000,11000,10000,359548
="8163",4000,5000,-1000,-43848
="8171",0,5000,-5000,-199249
="8176",1000,1000,0,-157
="8182",0,1000,-1000,-27500
="8183",2000,88000,-86000,-1951748
="8210",200,100,100,7670
="8213",10000,150000,-140000,-6316599
="8215",27000,17000,10000,291451
="8261",2000,2000,0,-501
="8271",1000,0,1000,39049
="8299",13001,29000,-15999,-6571591
="8341",250,0,250,55250
="8358",629000,770000,-141000,-7541398
="8383",0,1000,-1000,-38599
="8390",0,6000,-6000,-177099
="8403",10000,1000,9000,291500
="8406",0,1000,-1000,-133500
="8421",67,0,67,620
="8422",50,0,50,8025
="8423",100,0,100,1735
="8436",17000,15000,2000,437000
="8454",25,7000,-6975,-5797325
="8462",10,0,10,1395
="8464",0,12000,-12000,-4546500
="8477",0,6,-6,-202
="8905",0,2000,-2000,-28899
="8929",100,747,-647,-13425
="8930",538,0,538,7209
="8933",100,4492,-4392,-45656
="8996",12000,10000,2000,127402
="9103",71000,97000,-26000,-804248
="9105",12424,17000,-4576,-16455
="911616",2000,0,2000,3619
="911868",0,1000,-1000,-1279
="912398",2371,11800,-9429,-37264
="9802",172000,1000,171000,20012000
="9902",1,0,1,10
="9904",2000,7000,-5000,-141399
="9905",1000,0,1000,22100
="9907",0,210000,-210000,-2141999
="9914",18000,23000,-5000,-1353000
="9917",1,0,1,87
="9919",11000,11000,0,-3901
="9921",0,4000,-4000,-1153000
="9924",1000,0,1000,43650
="9933",57000,4000,53000,1865547
="9934",0,69000,-69000,-1026948
="9935",2000,0,2000,53549
="9938",8000,39000,-31000,-2411000
="9939",1000,0,1000,58599
="9945",3000,6500,-3500,-137751
="9955",0,4000,-4000,-72499
="9958",244000,56000,188000,20429500
