="0050",185442,11007,174435,22847500
="0051",2000,0,2000,90000
="0052",1000,0,1000,119500
="0056",130100,38000,92100,2811255
="0061",1000,0,1000,25340
="006205",70000,20000,50000,2024249
="006207",10000,10000,0,-1200
="006208",260000,255000,5000,369400
="00632R",1208000,199000,1009000,6725528
="00635U",45000,0,45000,1116154
="00636",100,10000,-9900,-287787
="00637L",3721000,6642000,-2921000,-89648259
="00638R",5000,50000,-45000,-337150
="00642U",18000,98000,-80000,-713503
="00646",0,5000,-5000,-163299
="00647L",3000,0,3000,155700
="00650L",0,5000,-5000,-146000
="00664R",0,500000,-500000,-3775000
="00670L",1000,0,1000,84599
="00674R",100000,0,100000,1316499
="00675L",1000,0,1000,38000
="00677U",680000,697000,-17000,-64341
="00679B",0,8000,-8000,-345058
="00682U",0,53000,-53000,-956358
="00683L",20000,914000,-894000,-14950211
="00687B",46000,55000,-9000,-407608
="00688L",50000,50000,0,0
="00689R",50000,50000,0,0
="00692",2090,0,2090,67397
="00694B",50000,50000,0,0
="00695B",50000,50000,0,0
="00696B",100000,104000,-4000,-181149
="00697B",50000,50000,0,0
="00701",6000,0,6000,132598
="00703",0,5000,-5000,-130850
="00708L",10000,276000,-266000,-7522180
="00712",21000,0,21000,264309
="00713",62000,0,62000,2194246
="00715L",24000,91000,-67000,-350750
="00717",31000,8000,23000,382608
="00718B",136000,98000,38000,748459
="00719B",50000,50000,0,0
="00720B",87000,40000,47000,2114530
="00721B",50000,50000,0,0
="00722B",81000,55000,26000,1225672
="00723B",50000,52000,-2000,-88480
="00724B",50000,50000,0,0
="00728",5000,0,5000,139868
="00730",0,4000,-4000,-75800
="00733",100000,100000,0,0
="00735",1000,0,1000,33939
="00737",100,0,100,3187
="00738U",21000,12000,9000,232700
="00751B",53000,55000,-2000,-93088
="00752",0,5000,-5000,-154700
="00754B",51000,51000,0,0
="00755B",51000,54000,-3000,-136539
="00756B",52000,51000,1000,46979
="00757",2000,0,2000,90599
="00762",1000,0,1000,35409
="00764B",50000,50000,0,0
="00765B",50000,50000,0,0
="00772B",70000,70000,0,0
="00773B",70000,70000,0,0
="00795B",70000,70000,0,0
="00796B",70000,70000,0,0
="00830",2000,6000,-4000,-104648
="00847B",70000,70000,0,0
="00848B",70000,70000,0,0
="00849B",72000,70000,2000,74220
="00850",6000,10000,-4000,-124639
="00861",1000,698000,-697000,-19133955
="00862B",70000,70000,0,0
="00863B",70000,70000,0,0
="00864B",70000,70000,0,0
="00868B",50000,50000,0,0
="00869B",50000,50000,0,0
="00870B",50000,50000,0,0
="00871B",50000,50000,0,0
="00876",6000,1104000,-1098000,-30701717
="00878",2000,4000,-2000,-33169
="00881",188000,787000,-599000,-10032346
="020011",8000,8000,0,61
="020018",77000,6000,71000,875579
="020019",52000,186000,-134000,-1735410
="020021",675000,667000,8000,86229
="020022",805000,0,805000,4330849
="03064P",0,1000,-1000,-9
="03395P",0,406000,-406000,-438660
="03396P",62000,0,62000,7198
="03572P",150000,0,150000,35999
="04512P",0,205000,-205000,-22499
="04513P",160000,89000,71000,40241
="04638P",20000,0,20000,17999
="04674P",32000,0,32000,7699
="04826P",3000,2000,1000,1410
="04860P",0,1000,-1000,-509
="04861P",9000,0,9000,10900
="04985P",0,6000,-6000,-2140
="05006P",0,55000,-55000,-52307
="05070P",10000,0,10000,10599
="05128P",41000,19000,22000,26550
="05129P",6000,0,6000,4440
="05144P",0,60000,-60000,-38898
="05161P",55000,447000,-392000,-374048
="05162P",39000,5000,34000,35360
="05237P",86000,187000,-101000,-105791
="05297P",3000,10000,-7000,-6980
="05298P",0,3000,-3000,-1380
="05299P",3000,12000,-9000,-10470
="05342P",4000,0,4000,4280
="05422P",215000,793000,-578000,-209400
="05447P",5000,0,5000,750
="05481P",1000,29000,-28000,-28840
="05594P",11000,3000,8000,7709
="05595P",0,37000,-37000,-44048
="05632P",0,13000,-13000,-14040
="05697P",2175000,698000,1477000,1340129
="05698P",2000,0,2000,1539
="05699P",0,493000,-493000,-688526
="05706P",0,48000,-48000,-54845
="05707P",10000,15000,-5000,-11150
="05749P",2000,2000,0,-19
="05750P",0,51000,-51000,-44887
="05776P",0,5000,-5000,-5000
="05777P",0,44000,-44000,-44189
="060347",123000,10000,113000,2890
="060736",10000,0,10000,8999
="061087",17000,0,17000,35032
="061289",30000,310000,-280000,-97600
="061292",12000,20000,-8000,-4600
="062122",248000,12000,236000,305248
="062526",0,1000,-1000,-2579
="062527",268000,0,268000,6358
="062586",1000,20000,-19000,-25748
="062679",3000,0,3000,2550
="062684",32000,0,32000,34660
="063057",489000,32000,457000,449575
="063134",0,32000,-32000,-62767
="063145",0,5000,-5000,-2099
="063201",51000,10000,41000,38800
="063337",3000,0,3000,7579
="063347",12000,50000,-38000,-41270
="063436",55000,0,55000,69409
="063439",9000,0,9000,11160
="063444",0,49000,-49000,-36839
="063452",1000,6000,-5000,-11189
="063536",80000,0,80000,72299
="063662",50000,30000,20000,28500
="063668",0,200000,-200000,-43999
="063788",2000,15000,-13000,-5010
="063927",15000,10000,5000,2549
="064039",1000,0,1000,2579
="064057",10000,0,10000,299
="064137",22000,0,22000,6600
="064145",0,50000,-50000,-83499
="064148",3000,0,3000,5239
="064162",6000,4000,2000,1632
="064241",0,50000,-50000,-50499
="064242",755000,0,755000,40399
="064453",0,50000,-50000,-18999
="064563",0,10000,-10000,-7900
="064710",0,117000,-117000,-67979
="064714",0,45000,-45000,-24950
="064715",0,30000,-30000,-15299
="064719",51000,0,51000,282498
="064720",33000,3000,30000,10890
="064721",639000,10000,629000,230139
="064724",1000,0,1000,219
="064819",0,2000,-2000,-2680
="064821",3000,0,3000,25800
="064822",5000,0,5000,33499
="064829",120000,0,120000,77589
="064843",60000,0,60000,15599
="064911",1000,0,1000,360
="064915",10000,0,10000,3300
="064917",52000,5000,47000,56591
="064918",45000,0,45000,10350
="064919",3000,0,3000,939
="064921",0,1000,-1000,-1019
="064925",1000,0,1000,270
="065034",140000,0,140000,1399
="065063",30000,0,30000,899
="065185",0,10000,-10000,-3899
="065186",30000,0,30000,13800
="065187",2000,0,2000,10100
="065188",4000,0,4000,280
="065296",11000,0,11000,53269
="065315",100000,0,100000,2999
="065338",10000,0,10000,13099
="065344",0,71000,-71000,-165494
="065451",0,100000,-100000,-23999
="065532",0,12000,-12000,-2100
="065539",5000,0,5000,350
="065541",300000,160000,140000,28000
="065678",10000,0,10000,51999
="065679",10000,0,10000,69499
="065683",2000,55000,-53000,-33408
="065685",50000,84000,-34000,-10939
="065686",0,676000,-676000,-139959
="065889",15000,43000,-28000,-55010
="065892",1000,0,1000,2150
="065895",50000,0,50000,15299
="065945",10000,0,10000,30698
="065950",35000,100000,-65000,-50450
="065952",2000,0,2000,4719
="065957",135000,26000,109000,60810
="066005",1000,1000,0,-69
="066009",10000,0,10000,20000
="066010",0,5000,-5000,-500
="066198",171000,5000,166000,243510
="066203",314000,121000,193000,119057
="066205",8000,0,8000,6069
="066213",0,230000,-230000,-56099
="066216",50000,0,50000,315000
="066217",10000,20000,-10000,-5500
="066422",0,30000,-30000,-12600
="066456",141000,0,141000,73748
="066458",2000,10000,-8000,-6640
="066460",16000,40000,-24000,-8531
="066466",10000,0,10000,9100
="066471",301000,50000,251000,94439
="066524",1000,26000,-25000,-38588
="066525",276000,12000,264000,274087
="066526",709000,1147000,-438000,-315200
="066529",19000,0,19000,6769
="067105",0,50000,-50000,-12500
="067143",2000,41000,-39000,-142038
="067149",83000,330000,-247000,-209500
="067150",806000,49000,757000,1094387
="067151",233000,0,233000,256117
="067152",181000,0,181000,108289
="067156",12000,0,12000,3119
="067276",362000,30000,332000,179268
="067278",4000,0,4000,2339
="067279",0,10000,-10000,-3600
="067369",200000,0,200000,77654
="067370",21000,2000,19000,20911
="067371",10000,0,10000,18500
="067373",5000,0,5000,8100
="067376",2000,0,2000,9840
="067378",6000,0,6000,22709
="067503",2000,0,2000,620
="067505",21000,0,21000,5250
="067510",1000,244000,-243000,-135556
="067515",0,120000,-120000,-17800
="067643",20000,0,20000,1000
="067644",6000,0,6000,6299
="067766",0,5000,-5000,-9488
="067768",2000,0,2000,4320
="067770",15000,0,15000,93149
="067774",130000,0,130000,29599
="067831",10000,0,10000,76500
="067832",10000,20000,-10000,-20999
="067834",2000,1000,1000,7000
="067836",17000,0,17000,41160
="067837",49000,49000,0,-491
="068045",3000,0,3000,3360
="068048",1160000,0,1160000,290000
="068057",14000,0,14000,8880
="068128",1000,0,1000,3559
="068129",469000,490000,-21000,-3943
="068131",5000,10000,-5000,-7748
="068217",111000,15000,96000,234370
="068219",33000,0,33000,59318
="068220",1136000,352000,784000,1146989
="068221",13000,39000,-26000,-32520
="068223",2000,5000,-3000,-1691
="068224",0,28000,-28000,-4809
="068260",0,70000,-70000,-41299
="068383",78000,49000,29000,74350
="068386",1000,0,1000,3119
="068387",130000,8000,122000,522620
="068388",10000,0,10000,5000
="068390",69000,45000,24000,26610
="068391",135000,632000,-497000,-50779
="068395",0,15000,-15000,-1949
="068396",2000,0,2000,8039
="068511",591000,368000,223000,518259
="068512",41000,0,41000,34850
="068515",0,2000,-2000,-2380
="068516",114000,0,114000,45699
="068519",10000,0,10000,22999
="068521",9000,23000,-14000,-5550
="068592",42000,122000,-80000,-137221
="068593",0,20000,-20000,-46199
="068665",5000,5000,0,-809
="068668",0,10000,-10000,-27300
="068669",11000,24000,-13000,-23108
="068670",510000,277000,233000,198039
="068673",149000,0,149000,192217
="068674",690000,371000,319000,186229
="068764",4000,2000,2000,7219
="068766",8000,0,8000,12439
="068767",0,2000,-2000,-6260
="068769",0,113000,-113000,-32469
="068771",0,201000,-201000,-20100
="068842",2000,0,2000,7199
="068844",1000,0,1000,2490
="068848",20000,0,20000,35599
="068852",270000,381000,-111000,-36259
="068853",100000,0,100000,203999
="068854",149000,10000,139000,9530
="068882",3000,0,3000,5669
="069030",172000,10000,162000,338600
="069032",0,262000,-262000,-39300
="069035",10000,0,10000,2199
="069040",25000,0,25000,14798
="069092",0,1000,-1000,-2680
="069094",15000,215000,-200000,-106446
="069095",13000,142000,-129000,-112480
="069096",3000,0,3000,1110
="069097",151000,270000,-119000,-46659
="069098",159000,0,159000,177899
="069099",301000,78000,223000,243337
="069103",0,20000,-20000,-2399
="069105",55000,0,55000,135000
="069106",34000,2000,32000,59380
="069190",114000,372000,-258000,-258369
="069192",5000,175000,-170000,-54900
="069193",420000,73000,347000,157522
="069287",0,150000,-150000,-30499
="069396",0,50000,-50000,-7000
="069397",288000,68000,220000,244199
="069402",81000,151000,-70000,-221855
="069405",20000,1000,19000,48070
="069406",50000,0,50000,67000
="069407",0,43000,-43000,-164068
="069408",0,17000,-17000,-1019
="069409",30000,25000,5000,3901
="069411",3000,0,3000,1169
="069412",30000,151000,-121000,-58599
="069414",3496000,1106000,2390000,1205969
="069416",48000,40000,8000,2370
="069417",0,50000,-50000,-3500
="069446",0,10000,-10000,-12999
="069448",11000,0,11000,7688
="069449",355000,1308000,-953000,-200159
="069612",3000,6000,-3000,-7811
="069613",0,200000,-200000,-20000
="069615",1000,3000,-2000,-10080
="069616",32000,0,32000,176000
="069618",163000,104000,59000,23362
="069619",30000,10000,20000,31498
="069622",20000,0,20000,23899
="069691",485000,1154000,-669000,-810361
="069693",154000,176000,-22000,-21032
="069823",301000,8000,293000,107821
="069927",187000,40000,147000,69806
="069929",0,10000,-10000,-15900
="069930",463000,113000,350000,348741
="069933",20000,0,20000,12999
="070127",5000,0,5000,7850
="070133",427000,462000,-35000,-37468
="070135",0,50000,-50000,-27500
="070136",528000,5000,523000,302440
="070138",1000,2000,-1000,-490
="070143",20000,0,20000,2800
="070146",9000,0,9000,11160
="070147",55000,93000,-38000,-43099
="070148",49000,155000,-106000,-32919
="070245",30000,30000,0,1900
="070250",181000,58000,123000,147860
="070251",0,272000,-272000,-28299
="070252",1304000,289000,1015000,699140
="070255",460000,562000,-102000,-18759
="070318",0,2200000,-2200000,-292999
="070374",10000,0,10000,13400
="070376",144000,107000,37000,18850
="070426",0,10000,-10000,-10900
="070428",1000,1000,0,-50
="070430",41000,20000,21000,14081
="070444",1000,56000,-55000,-13209
="070445",5000,201000,-196000,-114659
="070531",0,100000,-100000,-35599
="070533",10000,6000,4000,640
="070534",71000,5000,66000,188999
="070536",0,104000,-104000,-84359
="070539",0,99000,-99000,-73180
="070605",5000,0,5000,11250
="070606",195000,0,195000,81407
="070608",252000,0,252000,152099
="070609",50000,0,50000,38499
="070632",0,998000,-998000,-169660
="070746",0,10000,-10000,-7400
="070794",0,10000,-10000,-4399
="070840",0,2359000,-2359000,-689099
="070857",128000,61000,67000,49070
="070858",14000,0,14000,6020
="070859",105000,0,105000,45099
="070860",1625000,1682000,-57000,-17460
="070861",65000,0,65000,26349
="070862",5000,105000,-100000,-21049
="070864",1009000,38000,971000,348050
="070865",0,3000,-3000,-2010
="070867",180000,60000,120000,35900
="071123",0,10000,-10000,-2000
="071124",40000,0,40000,25598
="071129",0,1000,-1000,-1610
="071131",32000,10000,22000,6080
="071206",22000,8000,14000,261298
="071210",0,1000,-1000,-11800
="071214",0,1000,-1000,-2269
="071215",0,1000,-1000,-2319
="071218",176000,309000,-133000,-80501
="071220",115000,169000,-54000,-12531
="071221",50000,0,50000,65799
="071222",3000,6000,-3000,-3109
="071223",11000,14000,-3000,-3039
="071224",1000,0,1000,1250
="071225",0,56000,-56000,-100238
="071252",2000,0,2000,13899
="071319",3000,4000,-1000,-3390
="071321",10000,47000,-37000,-24781
="071324",100000,0,100000,46999
="071333",24000,0,24000,61919
="071334",40000,609000,-569000,-550449
="071335",5000,0,5000,8349
="071446",29000,30000,-1000,-1009
="071447",150000,240000,-90000,-40500
="071448",119000,178000,-59000,-132125
="071457",25000,20000,5000,16251
="071567",25000,0,25000,15500
="071569",0,7000,-7000,-6309
="071571",51000,70000,-19000,-10010
="071572",165000,0,165000,105507
="071708",271000,0,271000,194299
="071710",263000,49000,214000,115028
="071843",0,2000,-2000,-9680
="071845",0,182000,-182000,-80468
="071890",15000,17000,-2000,-5100
="072046",26000,0,26000,120029
="072047",55000,22000,33000,107460
="072051",234000,208000,26000,12249
="072112",0,3000,-3000,-36000
="072122",19000,0,19000,22048
="072254",20000,0,20000,7400
="072300",20000,5000,15000,4000
="072305",20000,0,20000,44400
="072306",174000,7000,167000,155328
="072308",0,30000,-30000,-8399
="072309",5000,0,5000,2500
="072310",0,37000,-37000,-12370
="072313",126000,30000,96000,73479
="072402",1000,0,1000,550
="072403",5000,12000,-7000,-29140
="072406",0,12000,-12000,-15359
="072409",6000,54000,-48000,-57491
="072410",339000,180000,159000,111794
="072411",112000,0,112000,91839
="072412",5000,299000,-294000,-244119
="072462",19000,6000,13000,21758
="072556",10000,0,10000,15099
="072557",0,20000,-20000,-27000
="072559",124000,69000,55000,79118
="072560",207000,64000,143000,121610
="072561",10000,140000,-130000,-141499
="072562",229000,483000,-254000,-267089
="072568",15000,284000,-269000,-336029
="072625",299000,0,299000,62789
="072633",499000,0,499000,735770
="072634",0,593000,-593000,-600365
="072635",1000,0,1000,660
="072638",226000,0,226000,194260
="072639",2000,0,2000,7500
="072708",14000,0,14000,67200
="072711",0,708000,-708000,-691725
="072808",49000,38000,11000,24313
="072812",2000,16000,-14000,-24360
="072813",267000,620000,-353000,-549968
="072953",15000,0,15000,14550
="072964",426000,557000,-131000,-132468
="072968",118000,187000,-69000,-108398
="072971",7000,16000,-9000,-25569
="072972",277000,0,277000,438537
="072973",27000,31000,-4000,-8569
="073027",183000,283000,-100000,-94900
="073029",0,10000,-10000,-19700
="073031",466000,332000,134000,40381
="073032",0,125000,-125000,-79999
="073035",357000,770000,-413000,-674349
="073036",1000,62000,-61000,-49441
="073037",937000,346000,591000,238847
="073038",40000,179000,-139000,-166158
="073039",0,95000,-95000,-63450
="073040",0,40000,-40000,-45698
="073094",2000,0,2000,10399
="073096",20000,0,20000,11399
="073100",0,83000,-83000,-59760
="073102",80000,106000,-26000,-25840
="073103",220000,87000,133000,89769
="073104",0,5000,-5000,-5000
="073105",30000,57000,-27000,-21880
="073106",100000,0,100000,64898
="073377",0,5000,-5000,-4600
="073382",0,8000,-8000,-13279
="073383",5000,4000,1000,1811
="073388",26000,15000,11000,10879
="073390",953000,30000,923000,831337
="073488",10000,20000,-10000,-6100
="073491",0,1000,-1000,-870
="073492",15000,10000,5000,14351
="073493",100000,105000,-5000,-4999
="073496",0,306000,-306000,-341228
="073497",0,12000,-12000,-54789
="073500",2000,45000,-43000,-47300
="073502",310000,356000,-46000,-17329
="073503",20000,0,20000,10800
="073572",2000,0,2000,1840
="073615",324000,4000,320000,927068
="073616",17000,47000,-30000,-114176
="073619",0,300000,-300000,-58999
="073735",499000,331000,168000,135780
="073737",11000,0,11000,27170
="073740",0,1000,-1000,-2890
="073741",31000,5000,26000,58850
="073742",4000,0,4000,16520
="073743",1000,21000,-20000,-42799
="073744",0,19000,-19000,-18360
="073745",13000,1000,12000,23030
="073747",261000,190000,71000,29830
="073748",0,10000,-10000,-20799
="073808",56000,21000,35000,55182
="073809",60000,0,60000,30000
="073810",304000,0,304000,543558
="073811",130000,74000,56000,76580
="073813",0,7000,-7000,-9310
="073981",0,20000,-20000,-9800
="073982",20000,12000,8000,10910
="073984",156000,31000,125000,192431
="073985",0,20000,-20000,-64400
="074062",14000,0,14000,38699
="074063",2000,0,2000,1320
="074064",155000,0,155000,94550
="074065",33000,14000,19000,21489
="074067",13000,36000,-23000,-44282
="074068",110000,43000,67000,103322
="074069",0,2000,-2000,-1720
="074165",2000,0,2000,1580
="074167",85000,4000,81000,199596
="074170",8000,153000,-145000,-165228
="074171",0,4000,-4000,-2519
="074255",33000,0,33000,24420
="074257",0,303000,-303000,-301268
="074258",15000,0,15000,20100
="074343",17000,0,17000,39188
="074344",131000,20000,111000,310790
="074347",106000,197000,-91000,-187488
="074348",0,1000,-1000,-6699
="074349",245000,36000,209000,322829
="074350",454000,74000,380000,499650
="074351",0,5000,-5000,-5450
="074352",10000,30000,-20000,-7700
="074353",36000,51000,-15000,-31740
="074354",85000,102000,-17000,-37421
="074444",8000,2000,6000,17320
="074447",369000,20000,349000,420090
="074448",0,646000,-646000,-408657
="074450",0,67000,-67000,-57408
="074451",0,22000,-22000,-41029
="074453",242000,235000,7000,-20359
="074454",214000,26000,188000,228890
="074491",0,10000,-10000,-26300
="074493",0,5000,-5000,-11499
="074495",104000,228000,-124000,-140341
="074496",10000,0,10000,19700
="074498",92000,10000,82000,53980
="074680",1000,164000,-163000,-314904
="074681",40000,215000,-175000,-273788
="074685",6000,17000,-11000,-47179
="074686",0,20000,-20000,-84598
="074687",200000,43000,157000,261438
="074690",0,31000,-31000,-94297
="074758",2000,1000,1000,3999
="074784",0,22000,-22000,-82437
="074785",0,4000,-4000,-18000
="074787",1000,4000,-3000,-5260
="074788",63000,0,63000,277648
="074789",45000,4000,41000,155340
="074790",0,135000,-135000,-255607
="074791",0,6000,-6000,-8278
="074792",0,246000,-246000,-279527
="074794",225000,105000,120000,339410
="074795",62000,10000,52000,126421
="074796",15000,0,15000,42899
="074800",6000,70000,-64000,-161009
="074801",38000,293000,-255000,-396867
="074802",4000,6000,-2000,-3509
="074803",5000,0,5000,9499
="074804",58000,1000,57000,84530
="074806",50000,10000,40000,88850
="074807",148000,87000,61000,114419
="074810",0,200000,-200000,-281997
="074811",10000,0,10000,13799
="074812",22000,13000,9000,9981
="074813",0,162000,-162000,-230180
="074814",0,10000,-10000,-28299
="074817",20000,0,20000,28699
="074818",0,2000,-2000,-4409
="074819",288000,52000,236000,365439
="074894",0,7000,-7000,-28218
="074895",8000,0,8000,26959
="074899",212000,0,212000,320119
="074900",2000,69000,-67000,-132897
="074902",111000,154000,-43000,-35229
="074903",0,100000,-100000,-92000
="074906",0,10000,-10000,-3799
="074907",1000,0,1000,3759
="074908",246000,1000,245000,328638
="075049",0,20000,-20000,-31800
="075050",0,25000,-25000,-25499
="075051",100000,67000,33000,54520
="075052",0,77000,-77000,-229566
="075054",0,296000,-296000,-615796
="075066",0,3000,-3000,-10619
="075170",0,21000,-21000,-59639
="075171",0,25000,-25000,-49750
="075172",73000,1000,72000,133180
="075173",0,8000,-8000,-13700
="075174",0,32000,-32000,-39680
="075240",5000,0,5000,13450
="075243",25000,189000,-164000,-326139
="075245",94000,60000,34000,60059
="075396",163000,122000,41000,38260
="075397",4000,11000,-7000,-24541
="075398",71000,0,71000,345158
="075399",119000,166000,-47000,-51139
="075400",136000,9000,127000,397676
="075401",75000,50000,25000,85699
="075402",100000,0,100000,232999
="075404",5000,0,5000,8949
="075412",75000,0,75000,45000
="075513",41000,18000,23000,46679
="075515",60000,0,60000,37799
="075517",73000,19000,54000,200598
="075640",13000,0,13000,73748
="075642",220000,113000,107000,265950
="075693",10000,0,10000,22999
="075694",0,150000,-150000,-111050
="075697",11000,101000,-90000,-133592
="075699",50000,0,50000,129999
="075700",12000,10000,2000,3319
="075701",7000,15000,-8000,-29699
="075826",39000,348000,-309000,-344688
="075827",0,38000,-38000,-148399
="075829",0,124000,-124000,-134909
="075830",47000,0,47000,47939
="075831",0,689000,-689000,-995796
="075843",0,100000,-100000,-77999
="075864",0,20000,-20000,-97399
="075964",69000,47000,22000,86859
="075966",30000,0,30000,79800
="075968",8000,43000,-35000,-161969
="075969",30000,126000,-96000,-75409
="075970",25000,245000,-220000,-325536
="075971",128000,118000,10000,34141
="075972",183000,25000,158000,212569
="075973",1000,0,1000,4349
="076050",10000,0,10000,11799
="076055",0,20000,-20000,-42399
="076056",0,44000,-44000,-207615
="076057",1104000,195000,909000,918231
="076059",10000,0,10000,7599
="076060",2000,0,2000,5139
="076061",0,3000,-3000,-7859
="076062",187000,10000,177000,159299
="076063",9000,0,9000,13140
="076064",330000,543000,-213000,-278799
="076107",98000,0,98000,166879
="076180",17000,0,17000,61880
="076181",0,1000,-1000,-4440
="076182",12000,6000,6000,21600
="076184",158000,58000,100000,261728
="076185",10000,0,10000,25799
="076290",10000,146000,-136000,-94080
="076291",1000,12000,-11000,-18329
="076292",33000,20000,13000,9389
="076405",50000,0,50000,56000
="076406",17000,6000,11000,28662
="076407",0,57000,-57000,-49590
="076408",1000,41000,-40000,-37859
="076409",1000,0,1000,4429
="076410",130000,18000,112000,228961
="076411",216000,681000,-465000,-573111
="076412",35000,0,35000,47600
="076413",43000,10000,33000,36571
="076414",46000,13000,33000,38499
="076415",59000,15000,44000,39609
="076416",99000,128000,-29000,-38728
="076417",0,12000,-12000,-19320
="076418",0,157000,-157000,-240476
="076420",256000,30000,226000,323448
="076421",89000,136000,-47000,-52941
="076550",5000,37000,-32000,-38030
="076551",255000,280000,-25000,-84496
="076587",0,2000,-2000,-2960
="076648",41000,44000,-3000,-3022
="076652",112000,123000,-11000,-12331
="076653",3000,0,3000,3300
="076654",119000,37000,82000,85788
="076655",81000,147000,-66000,-156826
="076845",30000,55000,-25000,-59572
="076912",70000,295000,-225000,-202869
="076913",2000,10000,-8000,-26231
="076914",0,7000,-7000,-8540
="076915",4000,110000,-106000,-258299
="076918",67000,8000,59000,135879
="076922",1000,71000,-70000,-68460
="076923",0,24000,-24000,-13440
="077060",0,121000,-121000,-76229
="077061",70000,375000,-305000,-294669
="077065",320000,153000,167000,221431
="077066",25000,1166000,-1141000,-2160593
="077067",76000,176000,-100000,-191899
="077068",74000,64000,10000,9961
="077103",125000,539000,-414000,-1069037
="077104",1000,1000,0,-81
="077105",2930000,49000,2881000,7016029
="077107",0,76000,-76000,-59349
="077108",199000,101000,98000,197298
="077109",10000,141000,-131000,-190367
="077110",20000,79000,-59000,-41889
="077217",10000,0,10000,14400
="077275",179000,254000,-75000,-126478
="077276",140000,81000,59000,80241
="077277",28000,9000,19000,51302
="077278",2000,41000,-39000,-61227
="077280",47000,18000,29000,22831
="077281",119000,25000,94000,126940
="077412",5000,8000,-3000,-15518
="077457",7000,0,7000,57199
="077573",0,40000,-40000,-25199
="077585",112000,227000,-115000,-75378
="077586",71000,156000,-85000,-195848
="077587",114000,81000,33000,69379
="077588",236000,172000,64000,226627
="077591",1000,0,1000,5050
="077592",442000,40000,402000,263038
="077594",0,13000,-13000,-12430
="077595",192000,16000,176000,191860
="077596",0,1000,-1000,-1740
="077647",119000,111000,8000,9178
="077649",31000,10000,21000,48640
="077650",0,20000,-20000,-17000
="077652",537000,0,537000,606809
="077653",0,161000,-161000,-202957
="077654",0,250000,-250000,-233608
="077655",20000,15000,5000,4109
="077656",2000,43000,-41000,-73230
="077657",0,10000,-10000,-18999
="077658",98000,112000,-14000,-31253
="077659",10000,68000,-58000,-132660
="077765",9000,0,9000,24480
="077810",0,79000,-79000,-107658
="077811",40000,302000,-262000,-264109
="077812",8000,38000,-30000,-56101
="077921",10000,0,10000,24800
="077941",0,15000,-15000,-24848
="077942",20000,109000,-89000,-103589
="077944",50000,169000,-119000,-113377
="077945",53000,429000,-376000,-426186
="077946",33000,265000,-232000,-403868
="078006",1000,0,1000,1820
="078025",1000,0,1000,2309
="078038",10000,37000,-27000,-74608
="078087",342000,568000,-226000,-475462
="078089",278000,40000,238000,411839
="078090",7000,66000,-59000,-118298
="078091",7000,84000,-77000,-144420
="078092",10000,98000,-88000,-52300
="078094",10000,10000,0,-1701
="078095",33000,60000,-27000,-73598
="078096",0,16000,-16000,-32938
="078097",0,167000,-167000,-220087
="078098",0,74000,-74000,-80640
="078099",31000,80000,-49000,-66211
="078363",1000,0,1000,2000
="078461",1245000,291000,954000,1377521
="078462",371000,417000,-46000,-77802
="078464",0,311000,-311000,-327289
="078466",8000,166000,-158000,-340819
="078469",41000,15000,26000,43688
="078470",38000,14000,24000,44741
="078471",1000,3000,-2000,-2500
="078472",1000,3000,-2000,-2410
="078473",41000,10000,31000,41580
="078474",0,18000,-18000,-13859
="078475",0,45000,-45000,-69299
="078476",0,250000,-250000,-244316
="078477",24000,51000,-27000,-61600
="078599",0,10000,-10000,-11599
="078610",0,10000,-10000,-9200
="078638",0,2000,-2000,-5000
="078699",0,10000,-10000,-6100
="078718",301000,807000,-506000,-649639
="078719",20000,6000,14000,53529
="078720",97000,287000,-190000,-428020
="078721",307000,357000,-50000,-107649
="078723",0,10000,-10000,-14400
="078724",15000,14000,1000,960
="078725",68000,0,68000,103359
="078846",20000,0,20000,39079
="078847",13000,0,13000,24829
="078848",1516000,864000,652000,579242
="078849",10000,11000,-1000,-2979
="078850",169000,10000,159000,289460
="078851",14000,0,14000,19599
="078853",4000,11000,-7000,-31070
="078854",0,225000,-225000,-280828
="078855",5000,19000,-14000,-54510
="078856",6000,15000,-9000,-29839
="078942",4000,0,4000,12600
="078943",1000,1000,0,-61
="078944",425000,527000,-102000,-243991
="078945",153000,30000,123000,130230
="078946",0,329000,-329000,-383439
="078947",20000,22000,-2000,-3080
="079090",0,31000,-31000,-36258
="079091",497000,20000,477000,501599
="079152",10000,0,10000,13300
="079189",1000,0,1000,1570
="079285",28000,28000,0,1961
="079286",11000,246000,-235000,-280419
="079287",0,130000,-130000,-100099
="079288",146000,115000,31000,55961
="079289",758000,457000,301000,430709
="079290",28000,384000,-356000,-338307
="079291",4000,203000,-199000,-341138
="079386",0,5000,-5000,-13099
="079425",0,12000,-12000,-13200
="079426",472000,76000,396000,513480
="079427",20000,0,20000,17999
="079428",6000,0,6000,4789
="079429",9000,0,9000,26629
="079430",4000,86000,-82000,-139941
="079431",176000,0,176000,123199
="079432",46000,0,46000,28979
="079433",267000,360000,-93000,-120776
="079434",0,30000,-30000,-27300
="079435",369000,404000,-35000,-92917
="079457",0,135000,-135000,-231467
="079468",0,30000,-30000,-38099
="079583",44000,20000,24000,41819
="079584",273000,612000,-339000,-378314
="079585",5000,2000,3000,6919
="079586",0,400000,-400000,-251999
="079600",0,50000,-50000,-90499
="079727",18000,103000,-85000,-96908
="079728",244000,0,244000,284878
="079729",103000,5000,98000,119928
="079730",179000,895000,-716000,-719548
="079732",122000,330000,-208000,-366789
="079733",6000,48000,-42000,-67510
="079734",20000,20000,0,-1401
="079735",2000,0,2000,4578
="079736",181000,370000,-189000,-196867
="079737",205000,8000,197000,241170
="079738",13000,100000,-87000,-190860
="079740",517000,382000,135000,167151
="079741",50000,348000,-298000,-426627
="079742",371000,72000,299000,665440
="079743",100000,380000,-280000,-176357
="079744",20000,35000,-15000,-13351
="079745",200000,1095000,-895000,-875848
="079830",50000,0,50000,86438
="079868",274000,186000,88000,105382
="079869",2000,0,2000,1159
="079870",0,107000,-107000,-79180
="079871",280000,1653000,-1373000,-2872292
="079872",31000,44000,-13000,-13950
="079873",35000,79000,-44000,-118411
="079979",34000,165000,-131000,-108699
="079980",112000,26000,86000,163999
="079981",418000,1917000,-1499000,-2448059
="079983",1000,78000,-77000,-82918
="079984",17000,187000,-170000,-241521
="079985",135000,281000,-146000,-124339
="080012",0,2000,-2000,-4679
="080097",0,200000,-200000,-105999
="080164",0,10000,-10000,-6000
="080165",306000,361000,-55000,-80993
="080166",0,2000,-2000,-1720
="080167",24000,0,24000,27599
="080168",27000,80000,-53000,-54649
="080169",118000,0,118000,92498
="080170",80000,573000,-493000,-468019
="080171",0,100000,-100000,-113999
="080172",68000,0,68000,58100
="080174",73000,30000,43000,56529
="080175",72000,74000,-2000,-1021
="080176",11000,5000,6000,8529
="080177",74000,310000,-236000,-532066
="080178",36000,233000,-197000,-443926
="080180",401000,158000,243000,262509
="080181",14000,151000,-137000,-137518
="080182",1034000,110000,924000,901090
="080183",0,100000,-100000,-68000
="080184",30000,17000,13000,24291
="080185",65000,0,65000,139330
="080186",40000,423000,-383000,-414190
="080187",3000,0,3000,4470
="080205",73000,6000,67000,249028
="080342",2000,0,2000,1279
="080343",22000,5000,17000,18909
="080344",200000,330000,-130000,-157448
="080345",66000,3000,63000,75570
="080347",2000,124000,-122000,-102520
="080348",51000,235000,-184000,-420181
="080349",103000,183000,-80000,-101286
="080351",0,191000,-191000,-180068
="080352",22000,26000,-4000,-3188
="080540",0,40000,-40000,-29400
="080541",23000,111000,-88000,-68691
="080542",0,65000,-65000,-43100
="080543",34000,821000,-787000,-694588
="080544",0,64000,-64000,-32019
="080545",20000,97000,-77000,-93781
="080546",91000,563000,-472000,-416994
="080547",13000,268000,-255000,-400915
="080594",0,112000,-112000,-102979
="080595",0,10000,-10000,-7200
="080596",27000,46000,-19000,-17220
="080597",20000,0,20000,16799
="080600",149000,474000,-325000,-234259
="080601",3000,0,3000,1500
="080602",90000,226000,-136000,-140100
="080603",315000,127000,188000,217501
="080604",2000,0,2000,959
="080696",162000,0,162000,282757
="080846",66000,0,66000,62909
="080857",81000,5000,76000,73380
="080859",15000,87000,-72000,-66589
="080860",1000,40000,-39000,-42380
="080861",294000,75000,219000,355479
="080863",50000,15000,35000,23800
="080864",150000,520000,-370000,-315808
="080865",0,10000,-10000,-11900
="080867",16000,305000,-289000,-387051
="080868",0,115000,-115000,-77979
="080869",39000,0,39000,26470
="080870",20000,18000,2000,1540
="081016",103000,11000,92000,86699
="081020",294000,231000,63000,76771
="081024",51000,951000,-900000,-817868
="081025",0,173000,-173000,-109908
="081026",0,499000,-499000,-244510
="081213",60000,2000,58000,55409
="081214",0,219000,-219000,-150659
="081215",0,10000,-10000,-8199
="081216",0,183000,-183000,-129929
="081217",0,200000,-200000,-122329
="081218",178000,192000,-14000,-17551
="081219",52000,181000,-129000,-102328
="081220",170000,101000,69000,74600
="081221",35000,87000,-52000,-56669
="081222",0,387000,-387000,-341134
="081223",0,218000,-218000,-214136
="081224",6000,0,6000,5160
="081225",402000,162000,240000,325050
="081226",389000,0,389000,371424
="081227",50000,10000,40000,25999
="081228",9000,0,9000,8370
="081229",30000,100000,-70000,-42800
="081231",22000,117000,-95000,-46189
="081232",23000,29000,-6000,-5532
="081233",0,40000,-40000,-24599
="081234",100000,150000,-50000,-75176
="081236",0,41000,-41000,-29930
="081258",20000,0,20000,30999
="081270",0,126000,-126000,-113549
="081271",0,7000,-7000,-4479
="081272",153000,0,153000,174239
="081273",15000,26000,-11000,-5719
="081274",0,5000,-5000,-3650
="081276",24000,10000,14000,14560
="081278",129000,66000,63000,76270
="081279",5000,170000,-165000,-112798
="081281",29000,0,29000,31110
="081282",40000,0,40000,45599
="081283",11000,71000,-60000,-67410
="081284",0,6000,-6000,-5388
="081285",0,157000,-157000,-166806
="081286",20000,2000,18000,11021
="081287",7000,96000,-89000,-107819
="081288",25000,166000,-141000,-117109
="081289",55000,174000,-119000,-185978
="081351",60000,0,60000,118100
="081408",0,5000,-5000,-6200
="081428",8000,15000,-7000,-7840
="081432",0,10000,-10000,-7500
="081433",30000,99000,-69000,-44928
="081434",80000,95000,-15000,-8600
="081436",256000,2376000,-2120000,-2545176
="081438",402000,857000,-455000,-522369
="081439",0,2000,-2000,-1559
="081440",0,168000,-168000,-132428
="081441",0,20000,-20000,-10599
="081442",50000,14000,36000,42000
="081443",120000,664000,-544000,-422470
="081446",0,75000,-75000,-93278
="081447",7000,45000,-38000,-53219
="081448",0,40000,-40000,-37398
="081449",472000,151000,321000,343699
="081450",14000,115000,-101000,-108052
="081451",0,87000,-87000,-98319
="081707",10000,0,10000,8100
="081709",17000,859000,-842000,-821254
="081710",93000,642000,-549000,-515578
="081711",0,137000,-137000,-125967
="081712",0,449000,-449000,-368866
="081713",0,80000,-80000,-71797
="081714",0,158000,-158000,-125938
="081715",40000,21000,19000,24961
="081717",0,80000,-80000,-69499
="081718",0,27000,-27000,-23409
="081719",10000,0,10000,8549
="081720",0,76000,-76000,-64838
="081721",0,11000,-11000,-12979
="081722",0,937000,-937000,-867620
="081723",5000,261000,-256000,-278190
="081724",0,76000,-76000,-97666
="081725",40000,338000,-298000,-263028
="081726",0,1000,-1000,-689
="081727",0,166000,-166000,-140478
="081944",0,10000,-10000,-7799
="081945",0,272000,-272000,-283835
="081946",0,1000,-1000,-1820
="081947",0,109000,-109000,-114867
="081950",0,33000,-33000,-33508
="081951",0,6000,-6000,-5648
="081952",0,60000,-60000,-51999
="081954",0,42000,-42000,-34658
="081956",0,20000,-20000,-14400
="081959",0,3000,-3000,-2539
="1101",5000,9000,-4000,-172600
="1103",1,0,1,19
="1104",16250,100,16150,367333
="1201",2,0,2,42
="1203",2,1000,-998,-36078
="1210",63000,25000,38000,1924799
="1213",1000,0,1000,7059
="1215",1000,0,1000,73500
="1216",294000,0,294000,19729997
="1217",2,2000,-1998,-18881
="1218",2000,20000,-18000,-502100
="1219",10000,0,10000,203999
="1225",0,2000,-2000,-73400
="1227",3150,10,3140,188825
="1229",0,1000,-1000,-41799
="1301",9000,40000,-31000,-3058899
="1303",211000,16000,195000,14410399
="1304",2000,10000,-8000,-178901
="1305",16000,11000,5000,137601
="1307",0,6000,-6000,-130200
="1309",10000,23000,-13000,-454250
="1310",6000,0,6000,105499
="1312",3001,18000,-14999,-350177
="1313",7000,8000,-1000,-17099
="1314",47000,25000,22000,237048
="1316",2002,0,2002,23372
="1319",0,11000,-11000,-434647
="1321",1000,0,1000,37150
="1325",2000,4000,-2000,-163298
="1326",58000,0,58000,4985698
="1336",1002,0,1002,25801
="1337",2002,0,2002,17816
="1338",1000,59000,-58000,-3952697
="1340",100,0,100,1200
="1402",95000,8000,87000,2475548
="1414",12000,0,12000,155799
="1416",100,0,100,1155
="1417",2,0,2,22
="1418",2,0,2,14
="1423",2,0,2,34
="1434",6000,0,6000,182799
="1435",0,105000,-105000,-2902095
="1440",5150,0,5150,72300
="1444",3000,3000,0,-150
="1445",0,100000,-100000,-1116098
="1447",19000,250,18750,168189
="1449",0,10000,-10000,-252150
="1452",1,9000,-8999,-153883
="1454",12000,0,12000,102600
="1455",13000,3000,10000,100850
="1457",0,1000,-1000,-15149
="1459",0,2000,-2000,-17319
="1460",4100,0,4100,38380
="1464",2,0,2,36
="1466",50,4000,-3950,-67927
="1474",0,3000,-3000,-38099
="1476",76000,72000,4000,1908000
="1477",4000,7000,-3000,-567000
="1503",2,0,2,98
="1504",7000,5000,2000,57153
="1506",2,1,1,9
="1507",1,0,1,61
="1513",88002,114000,-25998,-1278552
="1514",2,5000,-4998,-129595
="1515",0,7000,-7000,-528699
="1517",2,0,2,27
="1519",2000,1000,1000,49350
="1521",0,2000,-2000,-109800
="1522",0,5000,-5000,-125000
="1524",809000,6000,803000,9034000
="1525",0,6000,-6000,-446099
="1527",9002,301000,-291998,-13450155
="1528",1,0,1,10
="1531",214,2000,-1786,-22540
="1533",54000,47000,7000,379249
="1536",37002,4000,33002,3979244
="1537",2000,1000,1000,141500
="1538",1002,0,1002,8066
="1539",160,0,160,3072
="1540",2,0,2,32
="1560",6000,1100,4900,337550
="1565",1000,0,1000,289500
="1568",53000,81000,-28000,-776646
="1580",2000,0,2000,175400
="1582",1000,1000,0,-100
="1584",15000,0,15000,175999
="1586",138000,37048,100952,5147524
="1587",0,2000,-2000,-49000
="1589",4338,4000,338,31541
="1590",1000,58000,-57000,-58320000
="1597",17000,416000,-399000,-39968199
="1598",22000,63000,-41000,-5170000
="1604",1,0,1,25
="1605",5000,8000,-3000,-56450
="1608",13000,1000,12000,169549
="1609",1000,0,1000,19200
="1611",0,17000,-17000,-238850
="1612",14000,15287,-1287,-23273
="1614",0,4000,-4000,-146800
="1701",1002,0,1002,22945
="1702",2,0,2,93
="1708",2,0,2,46
="1710",126,1000,-874,-17230
="1711",2,0,2,33
="1712",2,19000,-18998,-412257
="1714",0,1000,-1000,-10100
="1717",5000,0,5000,186099
="1718",22500,0,22500,229073
="1720",1000,2000,-1000,-37299
="1722",610000,0,610000,33172999
="1725",1000,0,1000,16200
="1726",2000,0,2000,141600
="1730",3000,0,3000,211500
="1733",2000,165,1835,41313
="1734",2000,0,2000,58500
="1736",2000,0,2000,192798
="1737",2,0,2,65
="1760",1002,0,1002,78357
="1762",8002,1000,7002,406018
="1773",3000,1000,2000,217000
="1784",2,0,2,78
="1785",69002,265000,-195998,-9564901
="1786",2,0,2,118
="1789",2000,0,2000,54349
="1802",10000,38000,-28000,-513149
="1805",3000,14000,-11000,-141900
="1806",0,21000,-21000,-151790
="1809",1100,0,1100,12914
="1810",10000,0,10000,95980
="1815",1252,11000,-9748,-132548
="1817",63000,0,63000,2102398
="1904",0,115000,-115000,-3772499
="1905",0,1000,-1000,-11100
="1906",200,0,200,3440
="1907",0,45000,-45000,-1231999
="1909",16000,11000,5000,111198
="2002",36010,31010,5000,132899
="2006",12000,127000,-115000,-4220600
="2007",7000,2000,5000,45229
="2008",4000,0,4000,69000
="2009",76000,134000,-58000,-1730693
="2010",0,5000,-5000,-66750
="2014",232000,145000,87000,1487149
="2017",0,1000,-1000,-11600
="2020",0,30000,-30000,-583999
="2023",5100,4000,1100,14325
="2024",2,0,2,31
="2025",2,0,2,5
="2027",19000,48000,-29000,-883299
="2028",16000,0,16000,392000
="2029",30,0,30,705
="2031",1002,0,1002,39077
="2032",2000,0,2000,29799
="2034",6000,30000,-24000,-668949
="2038",67000,51000,16000,325750
="2049",33000,30100,2900,1434400
="2064",1000,0,1000,14550
="2101",31000,3000,28000,1149048
="2102",21000,0,21000,373799
="2103",1000,0,1000,21000
="2104",10000,0,10000,237500
="2105",1000,0,1000,43250
="2106",31000,0,31000,1018147
="2107",0,3000,-3000,-75149
="2108",0,10000,-10000,-597999
="2201",25100,3000,22100,1036516
="2204",0,3000,-3000,-152099
="2206",15002,13100,1902,76829
="2208",7100,788,6312,169772
="2231",52000,64069,-12069,-2524990
="2233",0,2000,-2000,-178000
="2239",12000,65000,-53000,-6192500
="2241",1000,0,1000,64000
="2247",1000,1000,0,-1000
="2301",1000,25000,-24000,-1276699
="2302",0,1000,-1000,-23899
="2303",10289238,7705324,2583914,131338259
="2305",0,1000,-1000,-9409
="2308",69565,609044,-539479,-166020941
="2312",371002,125000,246002,3144325
="2313",44002,69000,-24998,-1117760
="2314",0,4000,-4000,-134800
="2316",2,0,2,61
="2317",265551,1018575,-753024,-81044130
="2323",50002,0,50002,456617
="2324",350000,54000,296000,6425748
="2327",71030,160120,-89090,-52114340
="2328",493000,156010,336990,11839193
="2329",97000,79000,18000,293100
="2330",208138,361655,-153517,-88604998
="2331",57000,138000,-81000,-1927350
="2332",15002,7000,8002,221604
="2337",84150,677000,-592850,-23597408
="2338",3000,10000,-7000,-287999
="2340",4002,15000,-10998,-276698
="2342",4002,2000,2002,69424
="2344",217002,1179345,-962343,-27698154
="2345",5100,67121,-62021,-18173670
="2347",5000,0,5000,238999
="2348",1000,0,1000,87699
="2349",1000,0,1000,10600
="2351",165000,447000,-282000,-25119506
="2352",7000,7000,0,301
="2353",160000,94000,66000,1649749
="2354",48997,5000,43997,2710216
="2355",57000,18000,39000,1437300
="2356",5000,57000,-52000,-1235301
="2357",12062,31000,-18938,-5376574
="2359",10000,4000,6000,112099
="2360",2000,5000,-3000,-541500
="2363",4100,3000,1100,19725
="2367",34002,32000,2002,47594
="2368",100000,652000,-552000,-28218199
="2369",10000,21000,-11000,-157601
="2371",19132,21000,-1868,-43955
="2373",0,2100,-2100,-184299
="2374",0,2000,-2000,-29600
="2375",32000,3000,29000,2772900
="2376",9000,295000,-286000,-22409200
="2377",30000,32000,-2000,-277000
="2379",205013,22000,183013,78018068
="2382",93000,405100,-312100,-26233799
="2383",7000,1000,6000,961500
="2387",5300,2000,3300,209960
="2388",4000,2000,2000,113101
="2392",97010,52000,45010,2180231
="2393",35000,9000,26000,1174949
="2395",0,1000,-1000,-347000
="2399",5000,7000,-2000,-33399
="2401",3027000,348120,2678880,54225119
="2402",1002,2000,-998,-17765
="2404",23001,2000,21001,4641222
="2405",13000,0,13000,156000
="2406",3000,0,3000,65850
="2408",260000,1550000,-1290000,-118193999
="2409",92000,773000,-681000,-9623450
="2412",250000,4001,245999,27182890
="2413",20000,20000,0,-1850
="2415",18000,0,18000,566697
="2417",9032,11000,-1968,-97737
="2419",0,4000,-4000,-100200
="2420",0,4000,-4000,-135800
="2421",4000,0,4000,211399
="2423",0,6000,-6000,-145099
="2425",0,6000,-6000,-175799
="2426",20000,10000,10000,165499
="2428",3000,26000,-23000,-4097000
="2430",1000,0,1000,20600
="2431",2,0,2,24
="2436",66002,171000,-104998,-5208449
="2439",0,28000,-28000,-4115500
="2440",0,70000,-70000,-1019949
="2441",141000,5000,136000,7799595
="2442",32000,0,32000,356199
="2444",2000,0,2000,29299
="2449",82000,48000,34000,1223950
="2454",64005,186093,-122088,-103101495
="2455",112002,75000,37002,4471737
="2456",42122,32000,10122,1144284
="2457",176002,36000,140002,2572585
="2458",65000,551100,-486100,-79416300
="2459",0,11000,-11000,-510900
="2461",10002,0,10002,179284
="2464",35000,1000,34000,1528800
="2465",2,0,2,43
="2467",11309,19448,-8139,-356429
="2471",6002,126000,-119998,-3298094
="2472",83000,636000,-553000,-40211596
="2474",4000,0,4000,830500
="2477",10000,32000,-22000,-815698
="2478",30010,8000,22010,1912772
="2480",25002,0,25002,1681233
="2481",131007,90000,41007,2235088
="2484",52002,233000,-180998,-4686043
="2485",1002,1000,2,-11
="2486",27000,6000,21000,414750
="2489",1400,2693,-1293,-15222
="2492",71010,726000,-654990,-158919585
="2493",6002,0,6002,214871
="2497",0,4000,-4000,-156348
="2498",107080,1000,106080,3203489
="2504",103002,300000,-196998,-4771952
="2505",79273,125546,-46273,-1655319
="2509",10000,0,10000,182500
="2515",2052,71000,-68948,-658473
="2516",2,0,2,10
="2520",4000,125000,-121000,-4051948
="2530",0,12000,-12000,-167099
="2535",2,1000,-998,-27196
="2536",0,2000,-2000,-45099
="2538",0,5000,-5000,-52199
="2540",1000,0,1000,68900
="2542",3100,0,3100,142700
="2547",0,50000,-50000,-615000
="2601",40002,31000,9002,94522
="2603",3914150,4463864,-549714,-21761362
="2605",86000,37300,48700,1051025
="2606",302000,202000,100000,4010049
="2607",14000,10000,4000,72650
="2608",0,3000,-3000,-135899
="2609",3641800,2622000,1019800,29019961
="2610",12300,119000,-106700,-1159025
="2611",56000,91000,-35000,-440200
="2612",0,1000,-1000,-34400
="2614",5000,0,5000,84250
="2615",263000,858323,-595323,-29413142
="2616",1,0,1,32
="2617",0,5000,-5000,-106599
="2618",6000,442000,-436000,-5574950
="2633",2000,0,2000,61149
="2634",544,0,544,15713
="2637",1000,16000,-15000,-399148
="2641",31000,15000,16000,197350
="2643",0,1000,-1000,-67500
="2707",1000,0,1000,134000
="2722",1000,0,1000,26450
="2723",0,11000,-11000,-1653500
="2727",30000,2000,28000,3972000
="2731",0,2000,-2000,-142600
="2801",3,40,-37,-661
="2809",51000,0,51000,2060399
="2812",2,0,2,22
="2823",10750,2598,8152,186472
="2834",6000,3000,3000,29290
="2836",2000,627,1373,14622
="2841",2,0,2,14
="2845",0,797,-797,-8607
="2850",0,112,-112,-4272
="2855",104000,170470,-66470,-1471102
="2867",10000,0,10000,86599
="2880",0,51448,-51448,-941498
="2881",45700,98000,-52300,-2486827
="2882",60300,202000,-141700,-6032500
="2883",331000,255830,75170,755978
="2884",4000,12215,-8215,-208643
="2885",123900,198998,-75098,-1625848
="2886",1134,4213,-3079,-92422
="2887",1000,11469,-10469,-139687
="2888",234317,494510,-260193,-2284012
="2889",1000,1000,0,-50
="2890",1000,2655,-1655,-19330
="2891",31420,12591,18829,373543
="2892",1000,3362,-2362,-50582
="2903",0,10000,-10000,-232999
="2912",1000,0,1000,271000
="2913",2,0,2,35
="2915",51000,1289,49711,3530351
="2926",0,1000,-1000,-79699
="2929",0,19000,-19000,-284348
="2939",8000,0,8000,239349
="3003",16000,4000,12000,571650
="3005",1000,0,1000,49099
="3006",158600,129438,29162,1905877
="3008",1021,3000,-1979,-5955590
="3011",1000,0,1000,6869
="3013",0,1000,-1000,-14899
="3014",1005,17000,-15995,-1141946
="3016",57000,37000,20000,1448400
="3017",4000,74000,-70000,-4663896
="3018",1000,900,100,1455
="3019",33002,22000,11002,890061
="3022",0,43000,-43000,-2389097
="3023",1000,86000,-85000,-21673000
="3024",10002,1000,9002,95720
="3025",1002,1000,2,-227
="3026",9200,5000,4200,520200
="3027",902,5000,-4098,-81136
="3029",1000,8000,-7000,-267000
="3030",1000,0,1000,56400
="3034",78000,134000,-56000,-21529000
="3035",8000,13000,-5000,-252650
="3036",100,5000,-4900,-203834
="3037",125002,307000,-181998,-17099310
="3041",44000,0,44000,1304397
="3042",222000,33000,189000,15464203
="3044",3000,177000,-174000,-21506000
="3045",800000,6,799994,79209405
="3047",2,60000,-59998,-779975
="3048",3000,12000,-9000,-218600
="3049",0,332284,-332284,-3655515
="3050",2000,100000,-98000,-1716548
="3051",2,0,2,12
="3052",2,1000,-998,-12674
="3058",2,0,2,20
="3059",770000,183631,586369,21522586
="3060",0,2000,-2000,-30500
="3062",54152,51000,3152,71397
="3071",2000,0,2000,49000
="3078",2002,14000,-11998,-533311
="3081",2000,19000,-17000,-5403500
="3090",1002,5000,-3998,-211097
="3092",30000,42000,-12000,-702197
="3094",1002,1000,2,-154
="3095",2,0,2,5
="3105",138300,104150,34150,14285850
="3114",7000,0,7000,163799
="3122",7000,0,7000,118399
="3128",0,1000,-1000,-17399
="3131",6000,16000,-10000,-4138500
="3138",47000,6000,41000,9332000
="3141",0,2000,-2000,-80400
="3149",23002,16000,7002,186005
="3152",13000,60000,-47000,-21752500
="3169",2001,1000,1001,56355
="3189",135000,58005,76995,6848063
="3205",2,0,2,65
="3206",10000,1000,9000,334547
="3209",2,1000,-998,-22904
="3211",1000,1000,0,-99
="3213",5000,0,5000,251899
="3217",58000,301000,-243000,-26298500
="3218",13000,1000,12000,3249000
="3221",2000,0,2000,45799
="3226",0,1000,-1000,-66500
="3227",97000,14000,83000,15920500
="3228",72000,6000,66000,13012000
="3229",2,0,2,12
="3230",0,2000,-2000,-13699
="3231",13000,5000,8000,247551
="3234",2,5000,-4998,-198919
="3257",0,1000,-1000,-81500
="3260",196000,97000,99000,7506195
="3264",193000,48000,145000,5795302
="3268",903,0,903,14448
="3272",1152,2000,-848,-43461
="3285",1000,0,1000,20950
="3287",0,22000,-22000,-633698
="3288",2000,0,2000,28000
="3293",7000,76050,-69050,-54940100
="3296",160000,0,160000,3261948
="3297",10000,2000,8000,146298
="3305",0,1000,-1000,-27649
="3312",1,0,1,14
="3313",2,22000,-21998,-259727
="3317",2002,0,2002,98648
="3322",117000,0,117000,1374750
="3323",4000,37000,-33000,-1585649
="3324",40002,16000,24002,5421953
="3325",1000,17000,-16000,-416298
="3339",7000,0,7000,112349
="3346",0,1000,-1000,-48000
="3354",111,0,111,1498
="3362",10,0,10,357
="3373",2,3000,-2998,-236241
="3374",122240,186000,-63760,-12696810
="3376",3000,6000,-3000,-397500
="3379",1000,0,1000,12250
="3380",9001,3000,6001,233435
="3388",0,7000,-7000,-488600
="3402",2,7000,-6998,-215889
="3406",90050,226950,-136900,-67811850
="3413",20000,17000,3000,716500
="3419",0,1000,-1000,-19850
="3432",57000,6000,51000,779701
="3437",38000,108000,-70000,-2506198
="3441",2,0,2,53
="3443",56999,141000,-84001,-33252899
="3450",1002,1000,2,538
="3455",8000,0,8000,422997
="3466",2000,1300,700,8436
="3479",2,0,2,112
="3481",1879000,94730,1784270,24116880
="3483",233000,42000,191000,14979600
="3484",14000,17000,-3000,-197501
="3490",2,0,2,64
="3491",2,0,2,147
="3492",78000,15000,63000,1262502
="3498",0,1000,-1000,-48299
="3501",1000,1000,0,900
="3504",2000,0,2000,117000
="3508",11000,43000,-32000,-788948
="3512",10000,0,10000,284100
="3515",5000,5000,0,13000
="3520",1000,0,1000,15199
="3521",10000,0,10000,181499
="3522",1000,46000,-45000,-594050
="3526",1000,29000,-28000,-2524697
="3527",2,0,2,199
="3529",12000,27000,-15000,-9874000
="3530",1000,1000,0,500
="3532",17112,3000,14112,2053127
="3533",53000,41000,12000,7431000
="3535",1002,101000,-99998,-1874012
="3536",1000,0,1000,4440
="3540",13001,0,13001,821659
="3543",0,11000,-11000,-365348
="3545",341800,421000,-79200,-6245390
="3546",2000,0,2000,219000
="3548",47,2000,-1953,-155640
="3550",0,10000,-10000,-153999
="3552",221100,196700,24400,6800618
="3558",0,2000,-2000,-214500
="3564",0,2000,-2000,-51650
="3567",2,0,2,60
="3576",2000,0,2000,27799
="3580",1002,3000,-1998,-122679
="3581",64000,0,64000,1472148
="3583",15000,152000,-137000,-9101100
="3587",1000,1000,0,-100
="3588",11012,6000,5012,323969
="3591",3000,0,3000,59449
="3596",3000,1000,2000,193000
="3597",83000,0,83000,2008600
="3605",20135,13000,7135,322675
="3615",0,1000,-1000,-23850
="3617",0,2000,-2000,-173000
="3622",1000,2000,-1000,-35951
="3624",23000,16000,7000,221051
="3625",21000,113000,-92000,-1940899
="3632",136,0,136,1373
="3646",2,165,-163,-3618
="3653",110100,3000,107100,30445100
="3661",14000,65000,-51000,-41863000
="3665",140000,2000,138000,37192500
="3666",0,50885,-50885,-3406925
="3669",0,3000,-3000,-217199
="3673",23100,4000,19100,868159
="3675",0,3000,-3000,-220599
="3679",1000,0,1000,108500
="3680",54000,5000,49000,13831500
="3682",1,0,1,10
="3685",21000,0,21000,443100
="3686",2,36000,-35998,-645815
="3687",2,0,2,99
="3689",150,0,150,4567
="3691",104000,44000,60000,13824000
="3702",299002,15068,283934,12366069
="3703",16000,0,16000,331698
="3704",1203000,919000,284000,13208751
="3706",60002,59000,1002,16462
="3707",93002,67000,26002,1085330
="3711",298100,198000,100100,8963449
="3712",0,5000,-5000,-149400
="3713",0,1000,-1000,-45700
="3714",56000,45009,10991,938602
="4105",1002,0,1002,68236
="4106",150,0,150,4175
="4108",2002,8000,-5998,-166946
="4111",2,0,2,47
="4113",2,0,2,25
="4116",0,4000,-4000,-136199
="4119",42000,97000,-55000,-5122399
="4121",10000,10000,0,749
="4123",3000,0,3000,204899
="4128",3022,5000,-1978,-119564
="4129",152,0,152,5472
="4133",1000,5000,-4000,-199599
="4142",53000,3000,50000,2549699
="4157",0,3000,-3000,-63300
="4160",1,0,1,24
="4163",0,3000,-3000,-291200
="4167",44000,5000,39000,1253699
="4174",1,1000,-999,-129372
="4190",0,1000,-1000,-90500
="4205",0,4,-4,-392
="4306",101,0,101,1575
="4414",3000,0,3000,30599
="4420",0,130,-130,-3315
="4438",1000,0,1000,105000
="4526",0,1000,-1000,-15149
="4528",2000,4000,-2000,-114499
="4530",11000,2000,9000,104550
="4532",10000,65000,-55000,-1220749
="4534",150,0,150,1385
="4536",50000,0,50000,7956000
="4549",0,2000,-2000,-159800
="4551",2000,3000,-1000,-175000
="4555",2000,0,2000,99199
="4561",0,20000,-20000,-596698
="4564",10000,0,10000,302699
="4571",3000,44000,-41000,-3556491
="4576",4000,4000,0,-2998
="4702",120000,0,120000,1452000
="4711",5000,0,5000,72700
="4714",1,0,1,11
="4716",1,0,1,16
="4720",0,2000,-2000,-32099
="4721",1000,1000,0,1299
="4728",2000,0,2000,163899
="4735",1000,1000,0,299
="4736",14000,0,14000,2629000
="4739",2,0,2,138
="4741",0,2000,-2000,-54000
="4743",11122,2000,9122,1944255
="4744",0,10000,-10000,-284149
="4745",15000,0,15000,476999
="4755",1000,0,1000,64099
="4760",19000,208000,-189000,-20580500
="4766",0,39000,-39000,-6104500
="4904",0,13,-13,-803
="4906",7000,0,7000,211899
="4908",2001,0,2001,58828
="4912",0,9000,-9000,-1191500
="4915",1000,0,1000,48700
="4919",42000,5100,36900,1747766
="4927",6002,43000,-36998,-2546862
="4931",0,50000,-50000,-1125000
="4933",15000,0,15000,602250
="4934",6000,0,6000,171000
="4935",7000,72000,-65000,-7078500
="4938",62006,26000,36006,2412701
="4939",10000,2000,8000,173200
="4943",1000,5000,-4000,-328599
="4946",1000,4000,-3000,-133800
="4952",13000,6000,7000,318849
="4953",27001,2000,25001,2476099
="4956",13000,13000,0,-4652
="4958",9000,17000,-8000,-942500
="4960",5000,0,5000,54899
="4961",14000,12000,2000,245000
="4966",5000,53000,-48000,-58105000
="4967",85000,75000,10000,598502
="4968",50000,56000,-6000,-3342000
="4971",84000,2000,82000,4609900
="4972",2000,0,2000,56700
="4973",24001,15000,9001,238227
="4976",233000,292000,-59000,-5138299
="4977",3000,0,3000,350000
="4979",1000,5000,-4000,-100550
="4991",0,2000,-2000,-104398
="4999",81000,16000,65000,3364600
="5014",0,2000,-2000,-31100
="5203",0,36000,-36000,-3887500
="5210",0,108000,-108000,-831554
="5211",1000,1000,0,-205
="5212",1,0,1,52
="5213",50,0,50,862
="5215",2000,1000,1000,128500
="5220",0,1000,-1000,-39299
="5223",40000,2000,38000,2775800
="5227",10001,700,9301,146026
="5230",1,0,1,26
="5234",0,2000,-2000,-170000
="5243",66000,93000,-27000,-1847397
="5251",1001,990,11,7
="5269",8000,11000,-3000,-5365000
="5272",2000,0,2000,45099
="5274",176,5000,-4824,-10465720
="5285",8000,0,8000,580599
="5288",1000,0,1000,116000
="5289",5001,10000,-4999,-859828
="5299",1001,0,1001,123626
="5301",0,15000,-15000,-152798
="5306",64000,27000,37000,6914500
="5309",18001,86000,-67999,-2456111
="5314",1,0,1,6
="5328",309000,59000,250000,3689352
="5347",4000,35000,-31000,-3633500
="5351",4000,6000,-2000,-46299
="5355",1,0,1,7
="5371",140000,0,140000,5436498
="5383",36000,0,36000,736999
="5386",3000,6000,-3000,-247401
="5388",8000,1000,7000,552599
="5403",0,9000,-9000,-528300
="5410",0,1000,-1000,-21299
="5425",27000,693000,-666000,-38589792
="5426",0,3000,-3000,-32250
="5434",39,0,39,4768
="5438",1,0,1,12
="5439",26000,0,26000,1399898
="5443",35000,44000,-9000,-427601
="5452",0,51000,-51000,-595148
="5457",4000,6000,-2000,-202800
="5465",3000,0,3000,55050
="5469",6000,7000,-1000,-41450
="5471",17002,20000,-2998,-179966
="5475",1,0,1,3
="5478",1001,7000,-5999,-630895
="5481",0,1000,-1000,-14500
="5483",40001,306100,-266099,-45531231
="5484",2002,5000,-2998,-48118
="5488",30001,2000,28001,190465
="5498",50000,0,50000,844999
="5512",50001,0,50001,505010
="5521",12100,0,12100,120023
="5523",3000,0,3000,52199
="5529",4000,172000,-168000,-2047848
="5531",5000,0,5000,75749
="5608",412000,635000,-223000,-2823450
="5706",0,4000,-4000,-121000
="5864",12000,0,12000,196398
="5871",0,40,-40,-6760
="5876",0,1000,-1000,-42450
="5880",9002,344,8658,175872
="5904",5,0,5,2900
="6005",6020,20000,-13980,-205900
="6015",149000,208000,-59000,-847651
="6016",108001,57000,51001,812615
="6020",0,190000,-190000,-4199945
="6021",0,2000,-2000,-46599
="6026",141000,46000,95000,1129299
="6104",20000,96000,-76000,-5611895
="6108",2,1000,-998,-22055
="6111",1001,0,1001,72572
="6112",1000,0,1000,43950
="6116",408000,22000,386000,4746047
="6118",349000,2000,347000,4528249
="6120",1200,2000,-800,-11511
="6121",4075,4231,-156,-89251
="6123",92,0,92,3795
="6125",2000,0,2000,58350
="6126",2001,5000,-2999,-71428
="6127",53000,204000,-151000,-3855398
="6129",35000,175000,-140000,-2475149
="6133",12000,0,12000,120799
="6136",0,7000,-7000,-122849
="6138",1,5000,-4999,-426415
="6139",3000,49000,-46000,-1474150
="6140",0,169000,-169000,-3510696
="6141",1000,0,1000,31200
="6142",2,2000,-1998,-17682
="6147",6000,32000,-26000,-1794602
="6150",34000,4000,30000,3574000
="6151",1000,0,1000,26000
="6152",12002,1000,11002,137022
="6153",120002,63000,57002,2140978
="6155",4000,10,3990,107478
="6156",1,0,1,19
="6158",1000,1000,0,-250
="6161",1,12000,-11999,-236381
="6164",243000,81000,162000,2073301
="6168",2000,0,2000,36299
="6169",1,0,1,29
="6173",57000,77000,-20000,-1397094
="6175",55000,198000,-143000,-5685899
="6176",8002,329000,-320998,-37491263
="6179",0,7000,-7000,-243599
="6180",4000,3000,1000,69899
="6182",102000,42000,60000,2565995
="6183",2,0,2,95
="6185",1,0,1,13
="6187",24000,224000,-200000,-21261000
="6188",11001,0,11001,418537
="6189",2,0,2,71
="6191",15000,49000,-34000,-882849
="6192",0,1000,-1000,-67900
="6195",0,1000,-1000,-52200
="6196",35380,36000,-620,-54730
="6197",2,2000,-1998,-75374
="6201",0,1000,-1000,-39900
="6202",19000,1000,18000,1352198
="6203",51000,41000,10000,904801
="6205",17000,1000,16000,706801
="6207",3000,56000,-53000,-1601597
="6208",0,174000,-174000,-6707898
="6209",1002,0,1002,38374
="6213",15000,27000,-12000,-1738000
="6214",2,1000,-998,-87525
="6215",10000,12000,-2000,-30949
="6217",84000,20000,64000,2528050
="6219",2000,7000,-5000,-118399
="6221",0,2000,-2000,-88000
="6223",255200,17000,238200,28853800
="6224",113002,57000,56002,5443198
="6226",2002,5000,-2998,-32679
="6229",1,0,1,29
="6230",1000,3000,-2000,-448000
="6231",0,1000,-1000,-99000
="6233",71001,18000,53001,1751334
="6234",1,10000,-9999,-223527
="6235",36000,24000,12000,256752
="6237",232000,95000,137000,11221600
="6239",4002,2000,2002,193495
="6243",5000,3000,2000,35400
="6244",0,5101,-5101,-175346
="6245",1000,10000,-9000,-636400
="6246",1,0,1,15
="6257",106000,22000,84000,3956751
="6261",6100,2000,4100,260278
="6269",7007,18000,-10993,-1350143
="6270",0,2000,-2000,-41200
="6271",168000,27000,141000,27533000
="6274",4000,51000,-47000,-6038500
="6275",0,2000,-2000,-48000
="6278",5000,40000,-35000,-4335500
="6279",29000,13000,16000,1832500
="6282",2,2000,-1998,-59391
="6283",49000,56000,-7000,-377898
="6284",75250,283000,-207750,-16975594
="6285",6000,12000,-6000,-484798
="6287",0,1000,-1000,-7000
="6288",17000,19000,-2000,-68400
="6290",2000,51000,-49000,-2589698
="6411",46001,2000,44001,4708110
="6412",7025,0,7025,498261
="6414",12000,26748,-14748,-3651874
="6415",1000,4000,-3000,-7665000
="6417",1000,3000,-2000,-144499
="6426",1000,3000,-2000,-218000
="6432",23000,7000,16000,630698
="6435",2000,0,2000,261000
="6438",2000,2000,0,-600
="6441",13000,11000,2000,290500
="6442",0,2000,-2000,-61200
="6443",48010,63000,-14990,-596855
="6449",78001,16000,62001,3731657
="6451",6000,37000,-31000,-4545500
="6456",22000,23000,-1000,-119500
="6457",9000,55000,-46000,-5305500
="6462",29048,29000,48,2986
="6470",30001,8000,22001,1199557
="6477",13434,5234,8200,549578
="6485",2000,2000,0,2400
="6488",42000,33000,9000,6953000
="6491",0,1000,-1000,-269500
="6494",0,10000,-10000,-572099
="6496",2100,1950,150,3899
="6505",32000,0,32000,3253500
="6508",1000,91,909,27352
="6509",1020,4000,-2980,-78572
="6510",24000,28000,-4000,-3119000
="6516",0,9000,-9000,-735399
="6525",18000,0,18000,1220900
="6531",157000,58000,99000,52764000
="6533",16000,107000,-91000,-33583500
="6538",6000,33000,-27000,-4895000
="6547",0,1000,-1000,-99599
="6558",0,15000,-15000,-732249
="6560",1000,0,1000,90400
="6573",1000,0,1000,16899
="6576",2000,0,2000,170600
="6578",0,3000,-3000,-65399
="6579",0,2000,-2000,-146399
="6582",3000,2000,1000,149000
="6589",2000,12000,-10000,-419748
="6591",41001,6000,35001,2200662
="6596",0,3000,-3000,-149299
="6603",0,2000,-2000,-25299
="6605",0,1000,-1000,-64000
="6640",3000,1000,2000,143798
="6643",0,3000,-3000,-1027000
="6655",0,1000,-1000,-48049
="6668",0,2000,-2000,-128199
="6669",6000,22000,-16000,-11301000
="6672",1000,0,1000,68099
="6679",167000,23000,144000,37752500
="6683",11000,44063,-33063,-12141121
="6698",9000,1000,8000,424596
="6706",5000,4000,1000,153000
="6712",2000,2000,0,-6000
="6715",2000,1000,1000,127000
="6716",8000,0,8000,544000
="6732",67000,13070,53930,39082645
="6743",3000,1000,2000,228500
="6756",3000,2000,1000,294000
="6762",0,1000,-1000,-267000
="6803",250,0,250,54725
="711112",0,20000,-20000,-35999
="711479",0,2000,-2000,-4148
="711562",4000,78000,-74000,-14499
="711673",27000,21000,6000,6441
="711677",0,2000,-2000,-2259
="711700",50000,11000,39000,147037
="711701",10000,0,10000,3100
="711702",5000,82000,-77000,-56260
="711703",20000,2000,18000,16379
="711896",0,4000,-4000,-1000
="711905",2000,0,2000,12599
="711938",0,60000,-60000,-40599
="711943",130000,10000,120000,14300
="712015",0,1000,-1000,-1250
="712018",0,107000,-107000,-59920
="712020",50000,0,50000,46500
="712021",5000,0,5000,2549
="712045",20000,0,20000,14269
="712147",40000,50000,-10000,-7501
="712148",0,4000,-4000,-2519
="712194",0,100000,-100000,-18999
="712195",20000,0,20000,2199
="712199",170000,0,170000,65628
="712231",5000,0,5000,7880
="712262",5000,32000,-27000,-26038
="712264",0,240000,-240000,-219399
="712326",47000,12000,35000,32349
="712369",0,50000,-50000,-10000
="712370",25000,0,25000,16500
="712403",6000,0,6000,3360
="712503",10000,0,10000,3199
="712605",215000,35000,180000,111143
="712610",30000,0,30000,6900
="712612",3000,5000,-2000,-771
="712615",209000,81000,128000,161183
="712616",88000,133000,-45000,-94392
="712630",90000,128000,-38000,-23960
="712810",0,30000,-30000,-38598
="712916",766000,1436000,-670000,-604700
="712921",0,200000,-200000,-43999
="712922",263000,262000,1000,-25198
="712923",87000,11000,76000,30790
="712979",0,200000,-200000,-222000
="712980",50000,4000,46000,64147
="712981",683000,1126000,-443000,-435570
="712982",0,3000,-3000,-1020
="713038",0,100000,-100000,-14000
="713039",11000,0,11000,14319
="713040",42000,0,42000,81138
="713042",50000,132000,-82000,-45558
="713074",3000,215000,-212000,-128350
="713085",10000,0,10000,3700
="713182",50000,10000,40000,14400
="713183",2000,65000,-63000,-48549
="713184",3000,180000,-177000,-51830
="713226",160000,10000,150000,103558
="713241",0,15000,-15000,-4050
="713242",0,10000,-10000,-3100
="713324",1000,5000,-4000,-830
="713325",44000,1000,43000,133349
="713327",2820000,1784000,1036000,410858
="713349",0,105000,-105000,-85799
="713352",3000,30000,-27000,-8699
="713404",0,20000,-20000,-24800
="713465",10000,0,10000,6050
="713514",0,1756000,-1756000,-315149
="713517",0,107000,-107000,-31699
="713587",2000,40000,-38000,-11620
="713647",4000,4000,0,0
="713649",13000,2000,11000,21431
="713651",575000,0,575000,610835
="713653",402000,30000,372000,193480
="713654",40000,50000,-10000,-2000
="713675",102000,649000,-547000,-253548
="713676",67000,76000,-9000,-13142
="713677",5000,0,5000,350
="713725",10000,0,10000,20199
="713939",0,22000,-22000,-7799
="713977",0,50000,-50000,-9000
="713979",3000,0,3000,5490
="714011",10000,0,10000,2399
="714012",0,16000,-16000,-4219
="714035",5000,0,5000,14069
="714082",200000,0,200000,3999
="714153",370000,10000,360000,534701
="714211",55000,0,55000,71648
="714212",9000,37000,-28000,-129671
="714213",27000,35000,-8000,-40972
="714214",2000,0,2000,7039
="714236",100000,0,100000,130598
="714237",6000,19000,-13000,-21900
="714239",20000,0,20000,8199
="714240",5000,0,5000,12999
="714272",211000,26000,185000,75900
="714277",0,20000,-20000,-49000
="714320",50000,0,50000,43000
="714324",29000,0,29000,58869
="714384",20000,0,20000,24330
="714386",8000,0,8000,1519
="714431",0,181000,-181000,-126699
="714489",0,191000,-191000,-165159
="714513",35000,325000,-290000,-241748
="714514",0,225000,-225000,-192699
="714516",10000,425000,-415000,-204736
="714517",1000,29000,-28000,-27600
="714518",160000,0,160000,89000
="714620",50000,50000,0,-3387
="714621",209000,0,209000,668675
="714622",48000,320000,-272000,-395937
="714647",68000,35000,33000,43170
="714648",0,16000,-16000,-27840
="714649",26000,0,26000,73839
="714685",0,20000,-20000,-9800
="714712",3000,84000,-81000,-107999
="714713",7000,0,7000,10280
="714720",0,6000,-6000,-9480
="714741",0,16000,-16000,-10078
="714742",5000,0,5000,4650
="714795",47000,31000,16000,20088
="714856",0,26000,-26000,-27950
="714857",89000,0,89000,45389
="714858",291000,447000,-156000,-170941
="714859",40000,68000,-28000,-23058
="714861",20000,0,20000,103999
="714887",10000,59000,-49000,-22488
="714889",0,9000,-9000,-6929
="714897",0,43000,-43000,-63640
="714949",21000,30000,-9000,-24402
="714950",1000,0,1000,1799
="714995",183000,1000,182000,128969
="715011",50000,34000,16000,8221
="715012",320000,0,320000,348800
="715013",57000,111000,-54000,-42571
="715043",15000,0,15000,17549
="715067",34000,257000,-223000,-328429
="715068",92000,59000,33000,63826
="715069",66000,43000,23000,39819
="715070",141000,118000,23000,29181
="715071",0,15000,-15000,-34348
="715072",17000,426000,-409000,-526160
="715073",4000,1000,3000,21600
="715115",99000,79000,20000,14400
="715116",256000,60000,196000,389880
="715118",0,199000,-199000,-125369
="715159",193000,659000,-466000,-328729
="715161",3000,0,3000,10799
="715163",60000,258000,-198000,-436772
="715164",295000,10000,285000,635909
="715180",291000,14000,277000,254450
="715181",46000,101000,-55000,-104077
="715210",0,7000,-7000,-12459
="715239",91000,82000,9000,9047
="715250",50000,0,50000,54500
="715285",0,5000,-5000,-5778
="715287",204000,389000,-185000,-191540
="715288",0,36000,-36000,-38520
="715356",0,1000,-1000,-1929
="715395",0,5000,-5000,-12500
="715478",12000,13000,-1000,-1110
="715519",0,67000,-67000,-54678
="715520",0,59000,-59000,-55228
="715521",5000,0,5000,2949
="715534",0,10000,-10000,-15700
="715549",1000,0,1000,930
="715552",4000,15000,-11000,-28760
="715553",0,205000,-205000,-170149
="715554",0,103000,-103000,-74339
="715555",0,83000,-83000,-77178
="715556",0,9000,-9000,-19228
="715609",13000,255000,-242000,-291488
="715657",11000,152000,-141000,-153249
="715658",0,71000,-71000,-70819
="715660",28000,37000,-9000,-35201
="715661",398000,23000,375000,662618
="715662",164000,131000,33000,52571
="715692",0,305000,-305000,-256248
="715693",23000,59000,-36000,-64571
="715694",45000,22000,23000,46011
="715743",100000,13000,87000,150857
="715780",15000,29000,-14000,-14980
="715781",100000,90000,10000,1460
="715813",36000,24000,12000,22978
="715815",15000,135000,-120000,-197622
="715872",2000,0,2000,1899
="715901",3000,1000,2000,3680
="715935",15000,168000,-153000,-202910
="715939",10000,0,10000,13899
="715971",98000,462000,-364000,-382605
="715972",106000,70000,36000,51781
="716032",288000,743000,-455000,-581516
="716033",608000,10000,598000,505850
="716034",741000,107000,634000,670818
="716035",79000,7000,72000,150819
="716036",3000,26000,-23000,-33550
="716037",56000,14000,42000,74658
="716081",0,5000,-5000,-9300
="716110",10000,10000,0,-999
="716111",52000,60000,-8000,-14077
="716112",47000,124000,-77000,-128359
="716137",11000,100000,-89000,-85329
="716188",11000,0,11000,14029
="716251",13000,25000,-12000,-38950
="716295",33000,93000,-60000,-128417
="716296",44000,72000,-28000,-57217
="716297",5000,99000,-94000,-157100
="716298",7000,0,7000,12030
="716300",1000,0,1000,5599
="716316",1000,0,1000,1710
="716325",12000,0,12000,22679
="716358",45000,45000,0,6301
="716368",166000,5000,161000,328307
="716369",49000,319000,-270000,-662352
="716370",80000,370000,-290000,-551139
="716381",10000,10000,0,-2351
="716432",0,20000,-20000,-25098
="716433",70000,147000,-77000,-99519
="716507",0,15000,-15000,-15648
="716508",3000,12000,-9000,-9339
="716591",2000,15000,-13000,-15159
="716592",0,2000,-2000,-2059
="716593",0,20000,-20000,-26890
="716594",173000,26000,147000,165279
="716595",34000,23000,11000,7731
="716596",9000,35000,-26000,-40007
="716605",2000,0,2000,2799
="716643",11000,37000,-26000,-34848
="716653",0,20000,-20000,-8999
="716677",0,547000,-547000,-696366
="716679",0,11000,-11000,-13969
="716680",10000,7000,3000,3270
="716761",24000,0,24000,21039
="716816",1145000,1288000,-143000,-94699
="716837",25000,24000,1000,1890
="716905",202000,468000,-266000,-245337
="716907",58000,119000,-61000,-53058
="716908",0,3000,-3000,-2669
="716939",0,20000,-20000,-36600
="716953",10000,0,10000,8299
="716954",461000,14000,447000,736899
="716955",70000,134000,-64000,-62028
="716956",0,16000,-16000,-13448
="716957",0,120000,-120000,-97000
="716958",387000,342000,45000,53670
="716997",0,95000,-95000,-70300
="716998",0,55000,-55000,-53350
="716999",55000,349000,-294000,-324500
="717000",32000,0,32000,34560
="717001",6000,0,6000,4199
="717024",0,5000,-5000,-4270
="717086",100000,43000,57000,47202
="717087",0,9000,-9000,-14400
="717088",2000,6000,-4000,-6021
="717102",3000,0,3000,2519
="717103",22000,200000,-178000,-209241
="717197",130000,0,130000,579100
="717203",83000,55000,28000,57158
="717204",641000,581000,60000,104441
="717205",0,7000,-7000,-21299
="717206",15000,0,15000,9900
="717207",10000,0,10000,5400
="717208",103000,43000,60000,97029
="717209",5000,5000,0,-840
="717210",158000,167000,-9000,-20860
="717306",2000,0,2000,1620
="717307",12000,100000,-88000,-59180
="717308",0,10000,-10000,-8100
="717309",30000,0,30000,26399
="717310",0,4000,-4000,-3279
="717311",80000,23000,57000,53841
="717333",100000,0,100000,319000
="717351",2000,0,2000,1779
="717352",24000,50000,-26000,-16761
="717353",56000,34000,22000,38651
="717355",0,5000,-5000,-4199
="717356",0,80000,-80000,-54998
="717358",0,76000,-76000,-73226
="717359",70000,402000,-332000,-239528
="717360",30000,20000,10000,8560
="717362",0,499000,-499000,-349299
="717363",35000,39000,-4000,-4797
="717364",282000,80000,202000,265980
="717417",1000,0,1000,1580
="717459",0,52000,-52000,-50838
="717460",961000,271000,690000,646810
="717461",54000,381000,-327000,-474455
="717465",0,46000,-46000,-29899
="717468",147000,95000,52000,34030
="717469",203000,240000,-37000,-29259
="717474",120000,0,120000,247899
="717515",0,23000,-23000,-20469
="717518",10000,1093000,-1083000,-1250365
="717519",0,226000,-226000,-210396
="717520",0,189000,-189000,-143488
="717521",0,10000,-10000,-8899
="717523",0,169000,-169000,-186359
="717524",30000,68000,-38000,-34658
="717525",0,246000,-246000,-270135
="717526",0,51000,-51000,-50438
="717531",58000,25000,33000,152101
="717570",0,278000,-278000,-249043
="73597P",0,200000,-200000,-124000
="73604P",54000,256000,-202000,-284228
="73653P",0,10000,-10000,-8100
="73654P",32000,4000,28000,16439
="73655P",32000,67000,-35000,-19148
="73679P",549000,50000,499000,507979
="73686P",10000,0,10000,11900
="73689P",199000,0,199000,197010
="73691P",14000,10000,4000,3540
="73692P",7000,50000,-43000,-80201
="73693P",22000,70000,-48000,-138901
="73729P",5000,0,5000,5400
="73731P",146000,7000,139000,205441
="73740P",64000,0,64000,73178
="73755P",22000,3000,19000,21449
="73774P",5000,13000,-8000,-11950
="73789P",100000,0,100000,82999
="73796P",100000,0,100000,31099
="73799P",110000,777000,-667000,-291148
="73803P",109000,435000,-326000,-265778
="73804P",20000,20000,0,-199
="73805P",5000,310000,-305000,-203378
="73809P",0,19000,-19000,-21199
="7556",3000,15000,-12000,-1258000
="8011",1,2000,-1999,-49672
="8016",55100,5000,50100,8493449
="8021",1,3000,-2999,-84220
="8024",0,5000,-5000,-73249
="8027",8000,0,8000,732396
="8028",0,4000,-4000,-217900
="8034",5000,3000,2000,40351
="8038",2001,0,2001,77538
="8039",1,0,1,55
="8040",2,1301,-1299,-28887
="8043",528000,19325,508675,16714240
="8044",5000,1000,4000,355399
="8046",191000,431000,-240000,-51862500
="8049",1,7000,-6999,-141380
="8050",1,0,1,38
="8054",3000,0,3000,63599
="8064",2000,0,2000,33299
="8066",1,0,1,56
="8068",1000,0,1000,26600
="8069",10000,47000,-37000,-1759598
="8070",24000,12000,12000,383498
="8076",2000,0,2000,62099
="8081",3001,8000,-4999,-851327
="8084",44000,0,44000,4175600
="8086",286000,136000,150000,21482000
="8088",75000,56000,19000,656698
="8091",0,1000,-1000,-73300
="8093",3000,0,3000,34750
="8096",1,0,1,12
="8097",60000,0,60000,903000
="8099",24000,0,24000,753599
="8103",1,3000,-2999,-106165
="8105",8000,11000,-3000,-34050
="8112",1,11000,-10999,-383814
="8121",1,6000,-5999,-110580
="8150",234000,212000,22000,884352
="8155",1000,0,1000,119000
="8163",12001,2000,10001,443093
="8171",8001,10000,-1999,-87207
="8183",169001,347000,-177999,-4327271
="8210",1000,0,1000,83699
="8213",0,5000,-5000,-227250
="8215",1000,0,1000,27600
="8222",1040,1000,40,302
="8240",0,2000,-2000,-69850
="8249",0,2000,-2000,-39400
="8255",7000,5000,2000,250000
="8261",8000,4000,4000,215002
="8271",88001,18000,70001,2866788
="8277",170000,0,170000,1725499
="8284",1000,1000,0,601
="8299",270000,32100,237900,89702800
="8349",1000,0,1000,70599
="8358",126000,246000,-120000,-6208596
="8367",5000,0,5000,167000
="8383",1000,1000,0,-400
="8390",0,9000,-9000,-299850
="8406",0,300,-300,-43050
="8409",1000,0,1000,20100
="8410",103000,0,103000,4779200
="8416",0,30000,-30000,-3981000
="8421",100,0,100,944
="8429",1000,0,1000,9399
="8431",0,2000,-2000,-129099
="8436",1000,3000,-2000,-401500
="8454",1000,1000,0,7000
="8472",1000,0,1000,68000
="8477",1,0,1,37
="8916",2000,0,2000,79699
="8924",1000,33000,-32000,-1983399
="8932",4000,1000,3000,57649
="8936",1,0,1,24
="8937",4000,0,4000,64800
="8938",0,13000,-13000,-533000
="8942",2000,17000,-15000,-922300
="8996",1001,1000,1,-141
="9103",10000,0,10000,277000
="9105",30000,0,30000,117600
="911608",10000,0,10000,39600
="911868",2000,82000,-80000,-126940
="912398",1000,990,10,-64
="9802",1000,0,1000,111000
="9902",287000,1000,286000,3488798
="9904",178000,14000,164000,4980648
="9907",5000,1000,4000,45950
="9911",2000,0,2000,102699
="9914",8000,13000,-5000,-1238000
="9917",1,0,1,88
="9919",0,41000,-41000,-1219247
="9921",4000,2000,2000,575000
="9933",110,0,110,4119
="9938",59000,248000,-189000,-14048603
="9940",0,1000,-1000,-28950
="9941",4000,1020,2980,328810
="9945",5700,9000,-3300,-133510
="9949",0,365,-365,-4558
="9951",0,2000,-2000,-197000
="9958",7400,3000,4400,464950
