="0050",55780,90250,-34470
="0052",1000,1000,0
="0056",15165,1000,14165
="006205",0,20000,-20000
="006208",252220,240000,12220
="00632R",200000,390000,-190000
="00633L",0,5000,-5000
="00634R",30000,0,30000
="00635U",16000,0,16000
="00637L",1472000,43000,1429000
="00638R",6000,0,6000
="00639",1000,0,1000
="00642U",211000,137000,74000
="00653L",0,21000,-21000
="00664R",50000,0,50000
="00671R",8000,0,8000
="00677U",196000,2609000,-2413000
="00680L",2000,0,2000
="00681R",1000,0,1000
="00682U",0,36000,-36000
="00683L",0,230000,-230000
="00687B",50000,50000,0
="00688L",50000,50000,0
="00689R",50000,50000,0
="00692",1050,3000,-1950
="00693U",23000,0,23000
="00694B",50000,50000,0
="00695B",50000,50000,0
="00696B",100000,102000,-2000
="00697B",50000,50000,0
="00708L",14000,46000,-32000
="00715L",2237000,63000,2174000
="00718B",100000,100000,0
="00719B",50000,50000,0
="00720B",51000,50000,1000
="00721B",50000,50000,0
="00722B",50000,50000,0
="00723B",50000,50000,0
="00724B",50000,66000,-16000
="00728",3000,0,3000
="00733",100000,100000,0
="00737",0,1000,-1000
="00738U",29000,105000,-76000
="00740B",0,5000,-5000
="00751B",40000,52000,-12000
="00754B",50000,50000,0
="00755B",66000,54000,12000
="00756B",50000,52000,-2000
="00757",0,10,-10
="00758B",0,30000,-30000
="00764B",57000,50000,7000
="00765B",50000,50000,0
="00772B",50000,50000,0
="00773B",50000,50000,0
="00795B",50000,68000,-18000
="00796B",25000,25000,0
="00830",0,350,-350
="00847B",50000,50000,0
="00848B",25000,25000,0
="00849B",25000,25000,0
="00862B",50000,52000,-2000
="00863B",25000,25000,0
="00864B",25000,25000,0
="00868B",50000,50000,0
="00869B",50000,50000,0
="00870B",50000,50000,0
="00871B",50000,50000,0
="00876",0,209000,-209000
="00877",32000,0,32000
="00878",180,12000,-11820
="00881",106210,109000,-2790
="01007T",0,1000,-1000
="020003",0,1000,-1000
="020011",12000,10000,2000
="020015",6000,0,6000
="020016",3000,1000,2000
="020018",64000,12000,52000
="020019",124000,58000,66000
="020020",5000,0,5000
="020021",1062000,558000,504000
="020022",0,1000,-1000
="03482B",0,20000,-20000
="03488B",5000,0,5000
="03649P",0,8000,-8000
="04439P",0,50000,-50000
="04513P",145000,105000,40000
="04686P",0,80000,-80000
="04826P",0,21000,-21000
="04833P",0,10000,-10000
="04860P",0,7000,-7000
="04985P",86000,100000,-14000
="05006P",933000,1412000,-479000
="05070P",50000,0,50000
="05128P",64000,10000,54000
="05129P",0,28000,-28000
="05143P",0,13000,-13000
="05144P",0,120000,-120000
="05158P",0,200000,-200000
="05160P",100000,0,100000
="05161P",186000,178000,8000
="05238P",0,10000,-10000
="05265P",0,50000,-50000
="05297P",0,36000,-36000
="05342P",35000,31000,4000
="05422P",0,100000,-100000
="05481P",61000,120000,-59000
="05482P",20000,101000,-81000
="05547P",10000,0,10000
="05570P",0,120000,-120000
="05594P",51000,0,51000
="05595P",518000,608000,-90000
="05632P",28000,0,28000
="05641P",0,5000,-5000
="05697P",0,7000,-7000
="05698P",50000,261000,-211000
="05699P",4000,65000,-61000
="05707P",60000,0,60000
="05750P",0,12000,-12000
="05760P",0,300000,-300000
="05772P",0,500000,-500000
="05774P",105000,0,105000
="05776P",20000,453000,-433000
="05777P",401000,388000,13000
="05786P",0,74000,-74000
="05829P",0,209000,-209000
="05858P",0,80000,-80000
="05868P",0,350000,-350000
="05906P",63000,49000,14000
="05907P",0,250000,-250000
="05908P",10000,102000,-92000
="05925P",0,400000,-400000
="05955P",0,168000,-168000
="05969P",100000,0,100000
="05973P",2000,6000,-4000
="05978P",0,200000,-200000
="06032P",51000,92000,-41000
="06058P",2000,0,2000
="06104P",0,50000,-50000
="06113P",50000,51000,-1000
="06136P",0,4000,-4000
="06152P",1000,55000,-54000
="06205P",50000,5000,45000
="06206P",0,23000,-23000
="063057",657000,121000,536000
="063337",0,1000,-1000
="064448",70000,0,70000
="064453",117000,1000,116000
="064462",14000,0,14000
="064710",35000,57000,-22000
="064712",4000,0,4000
="064714",40000,0,40000
="064718",9000,0,9000
="064719",15000,0,15000
="064720",10000,0,10000
="064721",5000,0,5000
="064827",2000,0,2000
="064915",10000,0,10000
="064923",18000,0,18000
="064927",86000,0,86000
="065037",10000,0,10000
="065336",10000,0,10000
="065679",2000,0,2000
="065686",55000,0,55000
="065889",21000,0,21000
="065890",2000,0,2000
="065946",10000,0,10000
="065952",5000,0,5000
="065957",90000,0,90000
="066197",0,40000,-40000
="066198",20000,10000,10000
="066203",16000,23000,-7000
="066217",5000,0,5000
="066456",50000,0,50000
="066460",0,52000,-52000
="066467",1000,0,1000
="066524",104000,0,104000
="066525",78000,2000,76000
="066526",390000,184000,206000
="066529",6000,0,6000
="067149",0,31000,-31000
="067151",72000,0,72000
="067154",5000,0,5000
="067156",0,20000,-20000
="067276",20000,0,20000
="067279",18000,0,18000
="067368",5000,5000,0
="067373",0,10000,-10000
="067515",22000,0,22000
="067767",10000,0,10000
="067831",1000,0,1000
="067832",10000,0,10000
="067835",290000,0,290000
="068057",25000,0,25000
="068128",3000,0,3000
="068129",0,45000,-45000
="068130",0,20000,-20000
="068131",33000,0,33000
="068217",9000,0,9000
="068219",1000,0,1000
="068220",130000,7000,123000
="068221",836000,258000,578000
="068224",40000,15000,25000
="068383",63000,32000,31000
="068388",27000,0,27000
="068389",10000,0,10000
="068390",16000,10000,6000
="068392",7000,0,7000
="068514",34000,1000,33000
="068515",56000,27000,29000
="068519",80000,0,80000
="068521",20000,0,20000
="068670",806000,1493000,-687000
="068673",5000,0,5000
="068674",30000,0,30000
="068767",21000,0,21000
="068768",0,70000,-70000
="068769",0,113000,-113000
="068771",1253000,0,1253000
="068843",9000,48000,-39000
="068848",54000,10000,44000
="068849",0,53000,-53000
="068852",0,20000,-20000
="069040",50000,0,50000
="069095",0,39000,-39000
="069097",2000,0,2000
="069099",110000,43000,67000
="069101",10000,0,10000
="069105",16000,0,16000
="069106",12000,0,12000
="069190",50000,121000,-71000
="069191",60000,1000,59000
="069192",5000,10000,-5000
="069193",200000,110000,90000
="069396",109000,0,109000
="069397",165000,0,165000
="069402",0,2000,-2000
="069412",10000,0,10000
="069414",865000,2942000,-2077000
="069415",0,5000,-5000
="069416",135000,54000,81000
="069418",0,1000,-1000
="069446",11000,0,11000
="069448",30000,123000,-93000
="069449",1576000,926000,650000
="069544",594000,0,594000
="069615",25000,0,25000
="069618",172000,159000,13000
="069622",193000,0,193000
="069691",390000,0,390000
="069824",3000,0,3000
="069927",4000,0,4000
="069930",15000,0,15000
="070020",0,65000,-65000
="070133",20000,3000,17000
="070134",1882000,340000,1542000
="070135",30000,0,30000
="070136",400000,0,400000
="070147",10000,0,10000
="070148",0,150000,-150000
="070204",499000,0,499000
="070245",0,294000,-294000
="070248",20000,34000,-14000
="070250",45000,219000,-174000
="070251",10000,0,10000
="070255",553000,842000,-289000
="070258",0,20000,-20000
="070376",20000,0,20000
="070426",15000,256000,-241000
="070428",4000,18000,-14000
="070430",40000,2000,38000
="070444",851000,15000,836000
="070445",40000,15000,25000
="070531",10000,0,10000
="070533",70000,2000,68000
="070534",40000,30000,10000
="070538",5000,0,5000
="070606",116000,0,116000
="070608",40000,3000,37000
="070800",0,40000,-40000
="070858",3000,0,3000
="070859",50000,0,50000
="070866",24000,25000,-1000
="070867",10000,20000,-10000
="070913",21000,0,21000
="071123",0,10000,-10000
="071127",10000,0,10000
="071129",24000,0,24000
="071130",0,20000,-20000
="071131",0,8000,-8000
="071217",0,2000,-2000
="071220",2469000,362000,2107000
="071222",0,10000,-10000
="071438",0,10000,-10000
="071445",10000,370000,-360000
="071446",64000,41000,23000
="071447",570000,0,570000
="071448",41000,0,41000
="071568",20000,0,20000
="071569",12000,0,12000
="071710",200000,10000,190000
="071783",20000,0,20000
="071846",20000,10000,10000
="071890",40000,0,40000
="072046",10000,0,10000
="072047",24000,4000,20000
="072049",203000,140000,63000
="072123",200000,0,200000
="072124",15000,0,15000
="072300",100000,0,100000
="072303",1000,0,1000
="072306",60000,50000,10000
="072307",16000,0,16000
="072308",20000,0,20000
="072403",2000,0,2000
="072404",103000,140000,-37000
="072409",3000,0,3000
="072410",20000,15000,5000
="072411",50000,0,50000
="072462",0,1000,-1000
="072482",0,10000,-10000
="072559",223000,210000,13000
="072560",10000,0,10000
="072562",237000,191000,46000
="072566",0,4000,-4000
="072568",1000,0,1000
="072625",0,14000,-14000
="072711",0,12000,-12000
="072712",12000,31000,-19000
="072812",5000,1000,4000
="072964",0,308000,-308000
="072971",10000,5000,5000
="073027",164000,338000,-174000
="073028",54000,0,54000
="073029",0,3000,-3000
="073031",724000,359000,365000
="073036",3000,0,3000
="073037",50000,15000,35000
="073038",0,3000,-3000
="073039",28000,0,28000
="073040",0,4000,-4000
="073095",5000,0,5000
="073097",0,10000,-10000
="073100",5000,0,5000
="073101",2000,0,2000
="073102",114000,32000,82000
="073103",9000,0,9000
="073104",17000,0,17000
="073105",5000,5000,0
="073106",33000,20000,13000
="073315",0,10000,-10000
="073369",0,100000,-100000
="073377",0,121000,-121000
="073388",152000,0,152000
="073490",215000,0,215000
="073493",30000,30000,0
="073497",1000,10000,-9000
="073500",0,100000,-100000
="073502",410000,60000,350000
="073614",0,10000,-10000
="073615",56000,41000,15000
="073616",50000,15000,35000
="073720",10000,0,10000
="073735",0,500000,-500000
="073737",0,10000,-10000
="073741",2000,6000,-4000
="073745",10000,0,10000
="073747",138000,172000,-34000
="073808",25000,31000,-6000
="073809",33000,3000,30000
="073811",334000,131000,203000
="073859",20000,25000,-5000
="073878",20000,0,20000
="073981",0,70000,-70000
="073982",346000,28000,318000
="073984",4000,30000,-26000
="074060",26000,93000,-67000
="074062",30000,0,30000
="074063",10000,0,10000
="074067",0,305000,-305000
="074068",0,73000,-73000
="074069",100000,0,100000
="074169",345000,10000,335000
="074170",45000,51000,-6000
="074257",4000,0,4000
="074258",0,135000,-135000
="074343",10000,0,10000
="074347",705000,501000,204000
="074349",1000,0,1000
="074350",51000,0,51000
="074352",125000,79000,46000
="074353",22000,0,22000
="074354",115000,9000,106000
="074409",0,15000,-15000
="074447",11000,31000,-20000
="074448",0,10000,-10000
="074450",123000,0,123000
="074451",7000,25000,-18000
="074453",88000,52000,36000
="074454",14000,2000,12000
="074455",20000,0,20000
="074496",108000,0,108000
="074497",0,50000,-50000
="074498",210000,20000,190000
="074535",0,5000,-5000
="074681",15000,336000,-321000
="074685",6000,0,6000
="074687",51000,242000,-191000
="074690",44000,0,44000
="074787",0,200000,-200000
="074790",20000,0,20000
="074791",13000,0,13000
="074794",412000,108000,304000
="074795",16000,0,16000
="074796",57000,42000,15000
="074803",0,11000,-11000
="074804",63000,3000,60000
="074807",57000,20000,37000
="074809",102000,0,102000
="074810",101000,0,101000
="074814",30000,0,30000
="074819",353000,148000,205000
="074896",0,50000,-50000
="074897",60000,8000,52000
="074898",11000,0,11000
="074901",20000,8000,12000
="074902",30000,0,30000
="074904",15000,0,15000
="074908",204000,37000,167000
="075051",153000,114000,39000
="075052",20000,0,20000
="075133",0,5000,-5000
="075167",158000,124000,34000
="075168",10000,0,10000
="075171",1000,0,1000
="075173",98000,0,98000
="075174",178000,0,178000
="075243",1000,531000,-530000
="075245",0,51000,-51000
="075396",10000,0,10000
="075398",30000,40000,-10000
="075401",80000,100000,-20000
="075402",5000,0,5000
="075409",2000,0,2000
="075410",0,124000,-124000
="075411",0,193000,-193000
="075513",60000,10000,50000
="075533",5000,0,5000
="075534",0,1000,-1000
="075642",71000,82000,-11000
="075694",80000,0,80000
="075696",69000,0,69000
="075697",0,251000,-251000
="075698",0,207000,-207000
="075826",43000,0,43000
="075827",10000,0,10000
="075829",292000,0,292000
="075840",0,300000,-300000
="075964",6000,0,6000
="075966",90000,0,90000
="075967",1000,0,1000
="075968",39000,3000,36000
="075969",55000,18000,37000
="075970",222000,375000,-153000
="075971",47000,0,47000
="075972",35000,402000,-367000
="076027",10000,0,10000
="076050",0,40000,-40000
="076055",60000,0,60000
="076057",2000,1000,1000
="076060",20000,30000,-10000
="076061",56000,0,56000
="076062",0,21000,-21000
="076063",424000,0,424000
="076064",433000,279000,154000
="076107",0,400000,-400000
="076181",4000,4000,0
="076182",10000,4000,6000
="076184",33000,0,33000
="076185",0,45000,-45000
="076232",0,20000,-20000
="076289",116000,75000,41000
="076290",80000,207000,-127000
="076291",22000,0,22000
="076292",50000,21000,29000
="076406",5000,0,5000
="076410",11000,0,11000
="076416",127000,13000,114000
="076417",138000,0,138000
="076418",346000,50000,296000
="076419",152000,0,152000
="076420",10000,5000,5000
="076421",113000,0,113000
="076543",0,60000,-60000
="076550",2000,100000,-98000
="076551",43000,37000,6000
="076652",137000,0,137000
="076653",282000,52000,230000
="076912",2000,2000,0
="076915",120000,4000,116000
="076916",8000,29000,-21000
="076917",128000,0,128000
="076923",11000,0,11000
="076941",1000,0,1000
="077006",0,10000,-10000
="077061",0,15000,-15000
="077063",20000,0,20000
="077065",253000,14000,239000
="077066",1000,0,1000
="077068",23000,0,23000
="077069",0,52000,-52000
="077103",35000,13000,22000
="077105",23000,2000,21000
="077107",60000,0,60000
="077108",190000,29000,161000
="077110",150000,0,150000
="077276",530000,70000,460000
="077278",12000,0,12000
="077280",104000,0,104000
="077281",506000,89000,417000
="077412",0,1000,-1000
="077585",9000,25000,-16000
="077587",51000,0,51000
="077590",1000,0,1000
="077591",57000,122000,-65000
="077592",2000,0,2000
="077595",40000,9000,31000
="077646",0,49000,-49000
="077647",131000,71000,60000
="077649",95000,10000,85000
="077651",318000,238000,80000
="077652",180000,278000,-98000
="077655",4000,0,4000
="077656",150000,24000,126000
="077657",79000,0,79000
="077658",37000,0,37000
="077659",54000,0,54000
="077810",21000,40000,-19000
="077811",20000,0,20000
="077812",46000,0,46000
="077942",198000,335000,-137000
="077944",655000,515000,140000
="077945",76000,0,76000
="077946",80000,10000,70000
="078038",5000,0,5000
="078087",186000,0,186000
="078089",220000,110000,110000
="078090",1000,77000,-76000
="078095",53000,16000,37000
="078096",33000,25000,8000
="078097",0,51000,-51000
="078098",0,173000,-173000
="078099",1000,881000,-880000
="078461",327000,0,327000
="078462",131000,0,131000
="078463",156000,0,156000
="078464",3000,0,3000
="078466",1607000,92000,1515000
="078469",107000,83000,24000
="078470",35000,64000,-29000
="078471",8000,10000,-2000
="078473",12000,5000,7000
="078476",43000,319000,-276000
="078527",0,20000,-20000
="078699",4000,0,4000
="078718",40000,16000,24000
="078719",11000,1000,10000
="078720",2000,20000,-18000
="078721",29000,0,29000
="078723",1000,0,1000
="078724",2000,0,2000
="078726",1000,0,1000
="078845",1000,0,1000
="078848",291000,779000,-488000
="078849",102000,2000,100000
="078850",0,10000,-10000
="078851",33000,5000,28000
="078853",247000,293000,-46000
="078854",32000,24000,8000
="078855",2000,31000,-29000
="078856",186000,21000,165000
="078857",0,10000,-10000
="078942",10000,0,10000
="078943",8000,10000,-2000
="078944",173000,107000,66000
="078945",0,23000,-23000
="078946",163000,0,163000
="078947",32000,15000,17000
="078949",228000,635000,-407000
="079065",20000,0,20000
="079090",16000,2000,14000
="079091",1000,0,1000
="079285",153000,0,153000
="079286",75000,0,75000
="079287",80000,633000,-553000
="079288",22000,14000,8000
="079289",550000,24000,526000
="079290",0,70000,-70000
="079425",215000,374000,-159000
="079426",295000,2000,293000
="079427",30000,0,30000
="079428",301000,384000,-83000
="079429",1042000,106000,936000
="079430",98000,16000,82000
="079433",36000,0,36000
="079434",24000,151000,-127000
="079435",33000,0,33000
="079457",0,28000,-28000
="079582",0,127000,-127000
="079583",50000,10000,40000
="079584",15000,40000,-25000
="079586",0,60000,-60000
="079613",3000,0,3000
="079632",0,100000,-100000
="079727",142000,389000,-247000
="079728",229000,49000,180000
="079729",151000,52000,99000
="079730",147000,33000,114000
="079731",103000,0,103000
="079732",14000,0,14000
="079733",10000,0,10000
="079734",91000,38000,53000
="079736",100000,1000,99000
="079737",24000,5000,19000
="079738",0,497000,-497000
="079739",10000,0,10000
="079740",186000,16000,170000
="079741",0,12000,-12000
="079742",266000,348000,-82000
="079743",500000,224000,276000
="079745",221000,17000,204000
="079830",47000,0,47000
="079868",162000,648000,-486000
="079871",0,540000,-540000
="079872",4000,200000,-196000
="079873",0,12000,-12000
="079878",38000,12000,26000
="079908",3000,0,3000
="079979",0,155000,-155000
="079980",251000,0,251000
="079981",219000,666000,-447000
="079982",0,3000,-3000
="079983",20000,21000,-1000
="079984",12000,6000,6000
="079985",16000,103000,-87000
="080033",10000,0,10000
="080161",117000,0,117000
="080162",0,410000,-410000
="080163",1000,0,1000
="080165",20000,0,20000
="080166",175000,137000,38000
="080167",232000,5000,227000
="080168",22000,1000,21000
="080170",243000,80000,163000
="080174",55000,44000,11000
="080175",0,8000,-8000
="080176",161000,151000,10000
="080177",638000,790000,-152000
="080178",19000,418000,-399000
="080180",4000,0,4000
="080181",47000,50000,-3000
="080183",240000,0,240000
="080184",0,1000,-1000
="080186",20000,0,20000
="080205",38000,42000,-4000
="080342",50000,0,50000
="080344",40000,60000,-20000
="080345",40000,0,40000
="080346",111000,0,111000
="080347",128000,0,128000
="080348",2000,15000,-13000
="080349",53000,52000,1000
="080351",220000,0,220000
="080386",0,35000,-35000
="080506",0,200000,-200000
="080540",0,10000,-10000
="080541",168000,45000,123000
="080543",30000,50000,-20000
="080544",116000,15000,101000
="080545",139000,266000,-127000
="080546",248000,0,248000
="080547",10000,0,10000
="080594",56000,273000,-217000
="080595",30000,1000,29000
="080596",142000,60000,82000
="080597",0,455000,-455000
="080598",120000,173000,-53000
="080600",0,110000,-110000
="080601",15000,1000,14000
="080602",166000,21000,145000
="080603",190000,85000,105000
="080609",80000,0,80000
="080753",0,160000,-160000
="080844",496000,0,496000
="080857",50000,10000,40000
="080860",21000,60000,-39000
="080861",27000,0,27000
="080864",58000,144000,-86000
="080865",79000,69000,10000
="080867",52000,136000,-84000
="080868",203000,15000,188000
="080869",113000,1000,112000
="080870",24000,2000,22000
="081017",1000,0,1000
="081019",21000,585000,-564000
="081020",140000,28000,112000
="081021",1000,24000,-23000
="081024",88000,68000,20000
="081025",0,543000,-543000
="081026",0,52000,-52000
="081130",3000,3000,0
="081213",2000,105000,-103000
="081216",33000,0,33000
="081217",45000,86000,-41000
="081218",229000,244000,-15000
="081219",80000,37000,43000
="081220",151000,15000,136000
="081221",42000,3000,39000
="081222",180000,0,180000
="081223",20000,0,20000
="081224",1376000,630000,746000
="081225",341000,584000,-243000
="081226",66000,456000,-390000
="081229",1000,0,1000
="081230",1000,0,1000
="081231",15000,40000,-25000
="081232",0,34000,-34000
="081233",15000,80000,-65000
="081234",25000,0,25000
="081235",430000,201000,229000
="081236",5000,61000,-56000
="081270",0,20000,-20000
="081271",0,7000,-7000
="081272",191000,180000,11000
="081277",0,288000,-288000
="081278",249000,4000,245000
="081279",30000,30000,0
="081281",12000,0,12000
="081283",20000,0,20000
="081285",121000,127000,-6000
="081286",91000,15000,76000
="081287",238000,110000,128000
="081288",10000,0,10000
="081289",355000,35000,320000
="081428",315000,201000,114000
="081429",5000,174000,-169000
="081430",10000,15000,-5000
="081432",5000,0,5000
="081434",0,60000,-60000
="081435",60000,0,60000
="081436",48000,701000,-653000
="081438",40000,40000,0
="081439",121000,91000,30000
="081440",0,69000,-69000
="081442",0,10000,-10000
="081443",270000,216000,54000
="081446",10000,53000,-43000
="081447",128000,0,128000
="081448",40000,0,40000
="081450",102000,0,102000
="081451",62000,90000,-28000
="081452",10000,2000,8000
="081575",0,130000,-130000
="081692",20000,30000,-10000
="081707",20000,117000,-97000
="081708",750000,126000,624000
="081709",178000,90000,88000
="081710",0,25000,-25000
="081711",383000,96000,287000
="081712",1177000,764000,413000
="081715",112000,125000,-13000
="081716",17000,684000,-667000
="081717",20000,67000,-47000
="081718",70000,80000,-10000
="081719",206000,21000,185000
="081720",110000,300000,-190000
="081721",195000,60000,135000
="081722",5000,5000,0
="081723",863000,460000,403000
="081724",215000,20000,195000
="081725",47000,13000,34000
="081726",25000,12000,13000
="081727",22000,4000,18000
="081816",7000,0,7000
="081881",18000,0,18000
="081945",47000,177000,-130000
="081946",127000,203000,-76000
="081947",41000,503000,-462000
="081948",31000,15000,16000
="081949",0,28000,-28000
="081950",2000,18000,-16000
="081951",20000,10000,10000
="081952",155000,971000,-816000
="081953",0,23000,-23000
="081954",40000,0,40000
="081955",0,2000,-2000
="081956",181000,0,181000
="081957",27000,0,27000
="081959",1223000,705000,518000
="081995",0,50000,-50000
="082122",83000,96000,-13000
="082123",2000,53000,-51000
="082124",258000,214000,44000
="082125",90000,0,90000
="082127",148000,40000,108000
="082128",1397000,1258000,139000
="082129",74000,135000,-61000
="082130",3813000,3160000,653000
="082131",262000,40000,222000
="082132",907000,259000,648000
="082133",8000,2000,6000
="082137",40000,59000,-19000
="082138",146000,326000,-180000
="082139",0,1000,-1000
="082140",5000,10000,-5000
="082141",10000,0,10000
="082142",87000,119000,-32000
="082143",300000,0,300000
="082144",928000,985000,-57000
="082145",10000,135000,-125000
="082314",163000,0,163000
="082315",52000,22000,30000
="082318",69000,0,69000
="082319",596000,10000,586000
="082320",23000,56000,-33000
="082321",157000,55000,102000
="082324",1000,3000,-2000
="082325",205000,25000,180000
="082326",0,60000,-60000
="082327",8000,16000,-8000
="082328",0,11000,-11000
="082330",161000,547000,-386000
="082331",252000,234000,18000
="082332",57000,34000,23000
="082333",4000,5000,-1000
="082334",206000,7000,199000
="082335",12000,4000,8000
="082337",0,16000,-16000
="082338",10000,6000,4000
="082340",0,36000,-36000
="082475",53000,0,53000
="082476",71000,50000,21000
="082477",0,10000,-10000
="082478",2000,10000,-8000
="082479",1000,201000,-200000
="082481",2434000,298000,2136000
="082482",566000,1181000,-615000
="082483",30000,0,30000
="082484",0,13000,-13000
="082486",100000,309000,-209000
="082487",482000,6000,476000
="082488",482000,102000,380000
="082489",300000,200000,100000
="082490",0,20000,-20000
="082491",2000,10000,-8000
="082492",126000,0,126000
="082493",124000,22000,102000
="082494",4000,6000,-2000
="082495",177000,118000,59000
="082496",417000,349000,68000
="082497",42000,0,42000
="082498",140000,1019000,-879000
="082499",26000,10000,16000
="082500",4000,0,4000
="082501",21000,2000,19000
="082502",105000,85000,20000
="082503",10000,20000,-10000
="082533",70000,0,70000
="082557",97000,171000,-74000
="082558",210000,15000,195000
="082559",51000,15000,36000
="082560",643000,653000,-10000
="082561",161000,120000,41000
="082562",3000,13000,-10000
="082563",10000,5000,5000
="082564",7000,50000,-43000
="082567",0,10000,-10000
="082568",163000,34000,129000
="082569",149000,111000,38000
="082571",1000,0,1000
="082574",78000,55000,23000
="082575",99000,148000,-49000
="082576",200000,0,200000
="082577",0,66000,-66000
="082578",133000,11000,122000
="082643",5000,0,5000
="082661",230000,484000,-254000
="082665",10000,0,10000
="082749",80000,120000,-40000
="082750",101000,150000,-49000
="082751",2000,31000,-29000
="082752",3000,0,3000
="082754",112000,5000,107000
="082755",150000,17000,133000
="082756",25000,11000,14000
="082757",75000,8000,67000
="082758",223000,416000,-193000
="082760",50000,0,50000
="082764",100000,5000,95000
="082765",119000,5000,114000
="082766",0,463000,-463000
="082767",5000,0,5000
="082768",205000,291000,-86000
="082769",0,41000,-41000
="082770",225000,294000,-69000
="082771",70000,10000,60000
="082772",225000,187000,38000
="082773",647000,534000,113000
="082774",390000,20000,370000
="082775",117000,17000,100000
="082776",215000,102000,113000
="082784",70000,38000,32000
="082785",31000,348000,-317000
="082789",0,1200000,-1200000
="082798",204000,0,204000
="082799",117000,44000,73000
="082923",6000,0,6000
="082924",454000,109000,345000
="082925",175000,9000,166000
="082929",47000,10000,37000
="082933",65000,48000,17000
="082937",546000,198000,348000
="082950",0,100000,-100000
="083197",12000,12000,0
="083198",0,10000,-10000
="083199",995000,128000,867000
="083201",0,5000,-5000
="083203",99000,0,99000
="083204",197000,142000,55000
="083205",774000,244000,530000
="083206",181000,273000,-92000
="083207",1206000,577000,629000
="083208",171000,267000,-96000
="083209",153000,191000,-38000
="083210",239000,66000,173000
="083211",40000,121000,-81000
="083212",355000,455000,-100000
="083213",41000,1000,40000
="083214",0,43000,-43000
="083215",72000,7000,65000
="083216",9000,0,9000
="083217",45000,10000,35000
="083218",0,2000,-2000
="083219",6000,6000,0
="083326",10000,6000,4000
="083327",1559000,92000,1467000
="083329",509000,0,509000
="083330",30000,70000,-40000
="083331",169000,20000,149000
="083333",3000,5000,-2000
="083334",100000,0,100000
="083336",307000,66000,241000
="083338",172000,3422000,-3250000
="083339",0,40000,-40000
="083340",263000,20000,243000
="083341",40000,15000,25000
="083342",169000,6000,163000
="083343",52000,42000,10000
="083344",0,10000,-10000
="083345",40000,35000,5000
="083347",28000,14000,14000
="083349",189000,18000,171000
="083350",751000,0,751000
="083460",529000,104000,425000
="083462",10000,3000,7000
="083463",121000,85000,36000
="083464",800000,181000,619000
="083465",25000,17000,8000
="083470",1000,0,1000
="083471",499000,385000,114000
="083472",55000,50000,5000
="083476",158000,10000,148000
="083477",0,2000,-2000
="083478",0,15000,-15000
="083479",20000,50000,-30000
="083480",200000,104000,96000
="083665",3000,10000,-7000
="083668",218000,160000,58000
="083670",1000,2000,-1000
="083673",50000,15000,35000
="083675",142000,10000,132000
="083677",271000,100000,171000
="083678",0,5000,-5000
="083679",0,6000,-6000
="083680",12000,0,12000
="083682",70000,20000,50000
="083683",2000,0,2000
="083684",2000,9000,-7000
="083687",0,1000,-1000
="083688",125000,0,125000
="083787",10000,2000,8000
="083788",300000,180000,120000
="083789",231000,51000,180000
="083790",198000,0,198000
="083791",75000,14000,61000
="083793",150000,23000,127000
="083796",30000,13000,17000
="083798",15000,0,15000
="083799",98000,104000,-6000
="083800",0,10000,-10000
="084006",85000,10000,75000
="084008",0,410000,-410000
="084010",10000,23000,-13000
="084011",301000,48000,253000
="084012",70000,0,70000
="084014",10000,0,10000
="084015",295000,30000,265000
="084016",200000,0,200000
="084017",0,60000,-60000
="084018",59000,229000,-170000
="084019",0,120000,-120000
="084020",9000,1000,8000
="084022",55000,186000,-131000
="084023",38000,0,38000
="084025",3000,61000,-58000
="084027",0,143000,-143000
="084178",0,10000,-10000
="084230",0,20000,-20000
="084231",10000,265000,-255000
="084232",10000,20000,-10000
="084234",100000,0,100000
="084236",0,30000,-30000
="084237",298000,79000,219000
="084238",32000,41000,-9000
="084239",0,5000,-5000
="084243",2000,1684000,-1682000
="084244",0,10000,-10000
="084245",41000,147000,-106000
="084246",31000,0,31000
="084247",1000,0,1000
="084249",25000,126000,-101000
="084250",37000,0,37000
="084251",60000,0,60000
="084364",0,10000,-10000
="084372",49000,0,49000
="084377",0,53000,-53000
="084378",0,20000,-20000
="084380",0,40000,-40000
="084383",3000,10000,-7000
="084384",200000,10000,190000
="084385",50000,145000,-95000
="084388",0,569000,-569000
="084390",0,80000,-80000
="084424",0,5000,-5000
="084532",0,1000,-1000
="084533",50000,2000,48000
="084535",0,60000,-60000
="084536",84000,55000,29000
="084539",100000,100000,0
="084541",50000,0,50000
="084542",0,91000,-91000
="084545",93000,0,93000
="084546",172000,10000,162000
="084682",0,462000,-462000
="084683",0,2000,-2000
="084685",0,50000,-50000
="084688",0,510000,-510000
="084692",10000,269000,-259000
="084693",0,10000,-10000
="084696",0,87000,-87000
="084701",27000,90000,-63000
="084705",0,130000,-130000
="084707",10000,0,10000
="084709",0,10000,-10000
="084710",13000,0,13000
="084825",0,16000,-16000
="084826",0,10000,-10000
="084827",0,26000,-26000
="084828",0,315000,-315000
="084833",0,8000,-8000
="084834",0,4000,-4000
="084835",0,42000,-42000
="084836",0,693000,-693000
="084837",0,9000,-9000
="084838",0,1000,-1000
="1101",93002,100000,-6998
="1102",0,290000,-290000
="1103",2,0,2
="1104",0,13000,-13000
="1109",2000,0,2000
="1201",2,0,2
="1203",2,0,2
="1210",3000,3000,0
="1213",0,1000,-1000
="1215",2,0,2
="1216",106703,354000,-247297
="1217",3,0,3
="1218",851,50,801
="1219",116,0,116
="1227",0,1000,-1000
="1234",1,0,1
="1236",1,0,1
="1301",1000,9000,-8000
="1303",270000,3200,266800
="1304",9002,48000,-38998
="1305",191001,65000,126001
="1308",3001,15000,-11999
="1309",16001,10030,5971
="1310",1,2000,-1999
="1312",150002,1000,149002
="1314",8003,1000,7003
="1315",1000,0,1000
="1316",2,0,2
="1325",29020,0,29020
="1326",40,16480,-16440
="1336",2,0,2
="1337",3002,13000,-9998
="1338",2,0,2
="1339",0,2000,-2000
="1340",4,0,4
="1341",1,0,1
="1402",10000,1601000,-1591000
="1414",3,2000,-1997
="1416",1,0,1
="1417",1,4000,-3999
="1423",1,0,1
="1435",1,0,1
="1437",0,94,-94
="1440",1,1000,-999
="1444",30030,0,30030
="1445",1,0,1
="1452",1,0,1
="1464",1,0,1
="1474",0,5000,-5000
="1476",105000,11000,94000
="1477",4000,7173,-3173
="1503",1,0,1
="1504",6101,7000,-899
="1506",3,0,3
="1507",2,0,2
="1513",102102,96000,6102
="1514",2,0,2
="1515",0,1000,-1000
="1519",11000,0,11000
="1526",2,0,2
="1527",1000,10000,-9000
="1528",4,0,4
="1533",126000,150000,-24000
="1536",158001,26000,132001
="1540",2,0,2
="1558",0,100,-100
="1560",0,1000,-1000
="1568",11000,10000,1000
="1582",1002,0,1002
="1584",54001,1000,53001
="1589",1000,1000,0
="1592",0,1000,-1000
="1593",8000,1000,7000
="1597",2000,1000,1000
="1598",20200,16000,4200
="1604",3,0,3
="1605",56003,58000,-1997
="1609",26003,23000,3003
="1611",2003,0,2003
="1612",1,0,1
="1616",0,1000,-1000
="1626",0,3000,-3000
="1701",2,0,2
="1702",6002,0,6002
="1707",2001,0,2001
="1708",2,0,2
="1711",3,0,3
="1712",3,2000,-1997
="1714",18000,18000,0
="1717",0,5000,-5000
="1718",7003,0,7003
="1722",12003,3000,9003
="1732",6000,0,6000
="1733",3,0,3
="1734",3,0,3
="1737",3,0,3
="1742",1,0,1
="1752",2000,2000,0
="1760",2002,1000,1002
="1762",1002,3000,-1998
="1781",1,0,1
="1783",1,0,1
="1784",2002,0,2002
="1785",90002,33000,57002
="1786",5002,0,5002
="1788",0,50,-50
="1796",1,0,1
="1802",21037,133000,-111963
="1808",0,13000,-13000
="1815",2,0,2
="1903",1,1000,-999
="1904",3,0,3
="1905",6000,5000,1000
="1906",1000,0,1000
="1907",5001,5000,1
="1909",71000,94000,-23000
="2002",55001,98013,-43012
="2006",62001,41000,21001
="2009",296000,345000,-49000
="2014",126001,49000,77001
="2023",1,0,1
="2024",1,0,1
="2027",8000,33000,-25000
="2028",1001,0,1001
="2030",1,0,1
="2031",1,0,1
="2034",0,1000,-1000
="2035",1,0,1
="2038",3000,9000,-6000
="2049",7000,7000,0
="2101",0,7000,-7000
="2102",1,0,1
="2103",100001,0,100001
="2104",43,0,43
="2105",5000,0,5000
="2106",10000,0,10000
="2107",1,0,1
="2108",1,0,1
="2109",1,5000,-4999
="2201",28000,27000,1000
="2206",1,3000,-2999
="2207",2000,1000,1000
="2208",0,1000,-1000
="2227",4,0,4
="2231",3000,3000,0
="2233",1,0,1
="2239",0,6000,-6000
="2241",0,42,-42
="2247",1000,0,1000
="2301",501000,8000,493000
="2303",1507100,1298100,209000
="2308",10235,6000,4235
="2312",115001,17000,98001
="2313",22001,180000,-157999
="2314",3000,0,3000
="2316",1,0,1
="2317",236880,358896,-122016
="2323",2,0,2
="2324",2000,12770,-10770
="2327",44220,55000,-10780
="2328",658001,240000,418001
="2329",13001,17000,-3999
="2330",137089,729435,-592346
="2331",215000,131000,84000
="2332",5001,3000,2001
="2337",46001,33000,13001
="2338",14001,0,14001
="2340",20,27000,-26980
="2342",1000,0,1000
="2344",718001,394000,324001
="2345",3001,2000,1001
="2347",1000,0,1000
="2349",5001,211,4790
="2351",15000,173009,-158009
="2352",456001,77525,378476
="2353",535001,46000,489001
="2354",123000,91020,31980
="2355",1000,60000,-59000
="2356",3000,2000,1000
="2357",10800,10000,800
="2359",35001,0,35001
="2360",9000,5000,4000
="2363",2000,1000,1000
="2365",1,0,1
="2367",1,8000,-7999
="2368",67001,16000,51001
="2369",17001,18000,-999
="2371",112001,118000,-5999
="2374",1,0,1
="2375",100000,70000,30000
="2376",2001,20000,-17999
="2377",12050,29000,-16950
="2379",61001,39010,21991
="2380",2002,0,2002
="2382",180000,36000,144000
="2383",6000,12000,-6000
="2387",62000,157000,-95000
="2388",1000,2000,-1000
="2392",0,5000,-5000
="2393",413000,2000,411000
="2395",1300,1000,300
="2399",1000,1000,0
="2401",74001,269000,-194999
="2402",5001,4000,1001
="2404",1000,6000,-5000
="2405",1001,0,1001
="2406",12001,1000,11001
="2408",168000,213000,-45000
="2409",4343202,2120036,2223166
="2413",1001,0,1001
="2414",1,0,1
="2415",6000,3000,3000
="2417",1,0,1
="2419",2001,2000,1
="2420",1,0,1
="2421",5050,0,5050
="2424",3000,0,3000
="2425",2000,10000,-8000
="2426",10001,4000,6001
="2428",4000,0,4000
="2430",1,0,1
="2431",1,0,1
="2436",10000,10000,0
="2439",5000,8000,-3000
="2440",0,3000,-3000
="2441",4000,1038,2962
="2442",1000,2000,-1000
="2444",0,1000,-1000
="2449",32000,142000,-110000
="2454",44150,123589,-79439
="2455",6050,71000,-64950
="2456",10000,13000,-3000
="2457",4001,0,4001
="2458",2000,4000,-2000
="2460",6001,6000,1
="2465",1,0,1
="2467",124001,2000,122001
="2471",1,0,1
="2472",6000,0,6000
="2474",3002,75000,-71998
="2476",14000,0,14000
="2478",2000,3000,-1000
="2481",420000,2000,418000
="2484",5001,6000,-999
="2485",26,44000,-43974
="2486",284001,6000,278001
="2491",0,4000,-4000
="2492",23000,32000,-9000
="2493",1,0,1
="2498",3001,3000,1
="2501",2000,0,2000
="2504",30001,1000,29001
="2505",124001,3000,121001
="2506",1,0,1
="2511",80001,0,80001
="2515",2,0,2
="2516",2,0,2
="2520",3001,22000,-18999
="2530",1,0,1
="2534",1,0,1
="2535",1,0,1
="2538",2,0,2
="2540",5000,5000,0
="2543",1000,0,1000
="2546",1,0,1
="2547",1001,0,1001
="2601",0,2000,-2000
="2603",3646000,3035490,610510
="2605",1,0,1
="2606",2000,0,2000
="2607",1000,0,1000
="2608",1,0,1
="2609",9766000,10146750,-380750
="2610",167000,150000,17000
="2612",1,0,1
="2614",1,0,1
="2615",39000,102000,-63000
="2616",1,0,1
="2618",25000,0,25000
="2633",2001,0,2001
="2636",1,0,1
="2640",6000,0,6000
="2705",1,0,1
="2707",0,40000,-40000
="2727",17001,3000,14001
="2801",101,12516,-12415
="2809",2000,0,2000
="2812",362,0,362
="2820",1,0,1
="2823",466000,123000,343000
="2832",1,0,1
="2834",2000,0,2000
="2838",1000,0,1000
="2841",1002,0,1002
="2851",40000,0,40000
="2852",1,0,1
="2855",14100,41000,-26900
="2867",0,5000,-5000
="2880",1,0,1
="2881",83000,211000,-128000
="2881A",25000,0,25000
="2882",19000,35000,-16000
="2883",3002,16256,-13254
="2884",7366,3982000,-3974634
="2885",1051,144000,-142949
="2886",13104,1000,12104
="2887",10001,1000,9001
="2887E",0,36000,-36000
="2887F",4000,0,4000
="2888",1790,0,1790
="2889",201,0,201
="2890",1,2002000,-2001999
="2891",3627001,8000,3619001
="2892",2000,31000,-29000
="2911",1002,950,52
="2913",50001,0,50001
="2915",1000,0,1000
="2923",0,5000,-5000
="3003",1000,14000,-13000
="3005",1000,0,1000
="3006",36001,127100,-91099
="3008",5006,6125,-1119
="3010",149,0,149
="3011",1000,7000,-6000
="3014",3001,2000,1001
="3015",0,3000,-3000
="3016",1000,1000,0
="3017",0,10000,-10000
="3018",2001,2000,1
="3019",37001,21000,16001
="3023",13001,5010,7991
="3024",1,0,1
="3025",5000,5000,0
="3026",0,1000,-1000
="3027",1,0,1
="3028",1,0,1
="3029",0,5000,-5000
="3032",1001,5000,-3999
="3033",1,0,1
="3034",75000,24010,50990
="3035",42001,40000,2001
="3036",5001,36000,-30999
="3037",181000,608000,-427000
="3038",1,0,1
="3041",141,3000,-2859
="3042",148001,33500,114501
="3044",87000,3000,84000
="3045",150000,0,150000
="3047",1,0,1
="3048",1,0,1
="3049",402,5000,-4598
="3050",1,2000,-1999
="3052",1,0,1
="3057",1001,990,11
="3058",1,54000,-53999
="3059",26001,52000,-25999
="3060",2262,0,2262
="3062",53000,70000,-17000
="3066",1000,0,1000
="3078",1,0,1
="3081",19000,10000,9000
="3083",8000,1000,7000
="3090",101,0,101
="3092",3000,35000,-32000
="3094",1,0,1
="3105",32000,45000,-13000
="3115",1,0,1
="3118",1,0,1
="3122",0,22000,-22000
="3128",1,0,1
="3131",5000,1000,4000
="3138",2434,1000,1434
="3141",3000,3000,0
="3149",5000,0,5000
="3152",1025,1000,25
="3163",1,0,1
="3164",15,0,15
="3169",15000,5000,10000
="3176",1000,2000,-1000
="3178",157000,14000,143000
="3189",106000,22000,84000
="3207",2,0,2
="3209",1,0,1
="3211",1,1000,-999
="3213",1,0,1
="3217",40000,17000,23000
="3218",1000,1000,0
="3219",0,1000,-1000
="3227",43000,4042,38958
="3228",81000,15000,66000
="3230",0,1000,-1000
="3231",26000,31848,-5848
="3234",1000,1000,0
="3236",1,0,1
="3257",12001,5000,7001
="3260",5001,11000,-5999
="3264",164000,112000,52000
="3268",1,0,1
="3284",1,0,1
="3285",0,4000,-4000
="3289",1,1000,-999
="3290",1,0,1
="3293",70000,20000,50000
="3296",2000,3000,-1000
="3305",1,4000,-3999
="3311",2,0,2
="3312",1,0,1
="3313",1,0,1
="3317",1,0,1
="3322",11001,25000,-13999
="3323",4001,5000,-999
="3324",4051,152000,-147949
="3325",1,1000,-999
="3346",0,1000,-1000
="3356",1,0,1
="3360",1,0,1
="3362",86035,86000,35
="3363",1,0,1
="3373",4,0,4
="3374",325010,1387000,-1061990
="3376",2000,200000,-198000
="3379",1,0,1
="3380",41001,10000,31001
="3390",1,0,1
="3402",1,0,1
="3406",53200,34000,19200
="3413",1000,20000,-19000
="3419",1,0,1
="3432",4000,0,4000
="3437",38000,3000,35000
="3441",1,0,1
="3443",70000,150000,-80000
="3444",0,1000,-1000
="3450",38,1000,-962
="3481",2687800,417100,2270700
="3483",1001,473,528
="3484",19000,43000,-24000
="3490",12000,0,12000
="3491",3000,0,3000
="3492",7000,0,7000
="3494",2,0,2
="3498",0,2000,-2000
="3504",100000,4000,96000
="3508",1,0,1
="3515",0,2000,-2000
="3518",1,0,1
="3520",1,0,1
="3526",0,5000,-5000
="3527",1,1000,-999
="3529",34000,45050,-11050
="3530",5000,0,5000
="3532",1000,0,1000
="3533",1000,5000,-4000
="3535",1,0,1
="3540",82101,73000,9101
="3545",14020,12000,2020
="3546",0,1000,-1000
="3548",15000,0,15000
="3552",150010,24000,126010
="3556",2,0,2
="3557",0,3000,-3000
="3567",1,0,1
="3576",4201,4000,201
="3580",8000,3000,5000
="3588",10001,0,10001
="3591",6001,0,6001
="3596",2000,2000,0
="3597",41000,51000,-10000
="3605",1,1000,-999
="3607",1,0,1
="3615",0,5000,-5000
="3622",110,0,110
="3624",2000,0,2000
="3625",0,9000,-9000
="3630",1000,93000,-92000
="3631",0,1000,-1000
="3632",262,0,262
="3645",3000,3000,0
="3646",5001,0,5001
="3653",5000,8000,-3000
="3661",5000,74110,-69110
="3665",48000,7000,41000
="3666",9000,0,9000
="3669",133000,8000,125000
="3673",0,4000,-4000
="3675",3000,19000,-16000
="3680",12070,19000,-6930
="3682",2,0,2
="3684",77,1000,-923
="3685",11000,14000,-3000
="3686",1,0,1
="3687",2001,0,2001
="3691",25000,2000,23000
="3702",0,3000,-3000
="3702A",0,2000,-2000
="3703",151000,0,151000
="3704",24000,1000,23000
="3705",0,50000,-50000
="3706",301,40120,-39819
="3707",48000,608000,-560000
="3708",9100,1000,8100
="3710",1,1000000,-999999
="3711",370420,67000,303420
="3712",0,7000,-7000
="3713",1000,0,1000
="3714",66000,5000,61000
="4102",1,0,1
="4105",0,2000,-2000
="4106",39,0,39
="4108",0,3000,-3000
="4109",1,0,1
="4111",1,0,1
="4114",5001,0,5001
="4119",4000,1000,3000
="4120",1000,0,1000
="4121",1,0,1
="4123",2000,2000,0
="4127",1,0,1
="4128",2001,5000,-2999
="4129",119,0,119
="4133",0,1000,-1000
="4142",10001,2000,8001
="4147",0,1000,-1000
="4157",5092,2000,3092
="4160",1001,1147,-146
="4162",0,50000,-50000
="4167",27000,0,27000
="4168",4000,0,4000
="4171",4000,0,4000
="4173",1,0,1
="4306",1,0,1
="4402",2,0,2
="4420",1000,844,156
="4502",1000,1000,0
="4510",1,0,1
="4526",1,0,1
="4528",0,1000,-1000
="4533",1,0,1
="4536",2000,0,2000
="4549",154,0,154
="4561",0,1000,-1000
="4564",0,20000,-20000
="4566",1000,2000,-1000
="4571",0,4000,-4000
="4576",12000,11000,1000
="4580",0,4000,-4000
="4714",1,0,1
="4716",1,0,1
="4721",1000,2000,-1000
="4739",2000,2000,0
="4743",11001,6050,4951
="4760",11000,9000,2000
="4763",0,1000,-1000
="4904",1000,0,1000
="4906",5000,10000,-5000
="4909",1001,0,1001
="4915",48000,154000,-106000
="4919",37000,1000,36000
="4924",7000,0,7000
="4927",0,5000,-5000
="4930",0,3000,-3000
="4934",1001,0,1001
="4935",0,10000,-10000
="4938",9090,6000,3090
="4943",1000,0,1000
="4950",278000,328000,-50000
="4952",4000,3000,1000
="4953",0,1153,-1153
="4958",19000,151000,-132000
="4960",43042,88000,-44958
="4961",669805,591065,78740
="4966",4000,8000,-4000
="4967",104000,4000,100000
="4968",18000,9000,9000
="4972",0,299,-299
="4973",2001,1000,1001
="4974",1000,2000,-1000
="4976",189000,158000,31000
="4979",1,3107,-3106
="4994",1000,0,1000
="5009",1,0,1
="5011",8000,8000,0
="5014",237001,644000,-406999
="5203",5000,0,5000
="5211",30,0,30
="5212",1000,0,1000
="5213",4000,0,4000
="5223",35000,4000,31000
="5227",6,0,6
="5243",24000,41000,-17000
="5251",1,0,1
="5269",1000,6000,-5000
="5272",1,0,1
="5274",0,1000,-1000
="5285",4000,4000,0
="5299",1000,0,1000
="5301",0,1000,-1000
="5306",0,10000,-10000
="5309",4000,7000,-3000
="5315",1,0,1
="5324",1,0,1
="5347",193000,234000,-41000
="5356",1,0,1
="5371",25000,14000,11000
="5386",7000,4000,3000
="5388",1000,0,1000
="5410",1,0,1
="5425",58001,545000,-486999
="5426",1,0,1
="5438",1,0,1
="5439",11000,0,11000
="5443",33001,4000,29001
="5457",17000,0,17000
="5460",1,0,1
="5465",0,4000,-4000
="5468",5000,0,5000
="5469",0,15000,-15000
="5471",7000,10000,-3000
="5474",2000,0,2000
="5478",0,1000,-1000
="5483",34301,31000,3301
="5488",2,8000,-7998
="5490",1,0,1
="5498",0,4000,-4000
="5512",2,0,2
="5521",2,0,2
="5529",6001,2000,4001
="5531",36000,36000,0
="5534",1000,0,1000
="5536",0,4000,-4000
="5546",0,1000,-1000
="5608",22001,10000,12001
="5609",5001,0,5001
="5820",1,0,1
="5871",5000,1000,4000
="5876",1,1000,-999
="5880",61001,1600000,-1538999
="5904",2000,0,2000
="5905",1,0,1
="6005",2001,2000,1
="6015",1,2000,-1999
="6016",2001,0,2001
="6024",30,0,30
="6104",8001,5000,3001
="6108",1,0,1
="6112",1,0,1
="6114",0,6000,-6000
="6116",2285001,385413,1899588
="6121",2000,10000,-8000
="6122",1,0,1
="6125",4001,15000,-10999
="6126",21001,16000,5001
="6127",2001,0,2001
="6128",37,0,37
="6129",1000,19000,-18000
="6133",2,0,2
="6134",1,0,1
="6136",1,0,1
="6141",1000,0,1000
="6142",16002,0,16002
="6143",2001,0,2001
="6146",0,14000,-14000
="6147",19001,19000,1
="6150",67000,50000,17000
="6152",1,0,1
="6153",6001,7000,-999
="6158",1,1000,-999
="6160",1,0,1
="6163",25001,5000,20001
="6164",1,0,1
="6165",1,0,1
="6167",2,0,2
="6168",1,0,1
="6170",1,0,1
="6173",2000,0,2000
="6175",10000,2000,8000
="6176",1000,8000,-7000
="6180",1,0,1
="6182",13001,32000,-18999
="6186",1,0,1
="6187",4000,162000,-158000
="6188",1001,0,1001
="6190",1,0,1
="6191",65001,26000,39001
="6194",0,1000,-1000
="6196",1000,4000,-3000
="6197",1,1000,-999
="6202",7000,15100,-8100
="6203",15000,0,15000
="6205",8000,3000,5000
="6207",1,0,1
="6208",240025,165000,75025
="6209",7000,21000,-14000
="6213",0,456000,-456000
="6214",2000,1000,1000
="6215",1001,0,1001
="6217",5000,11000,-6000
="6223",7000,5000,2000
="6226",2,0,2
="6227",0,5000,-5000
="6229",1,0,1
="6230",0,11000,-11000
="6231",1000,3000,-2000
="6233",104001,63000,41001
="6235",1,0,1
="6237",17001,53000,-35999
="6239",2001,98000,-95999
="6243",2002,2000,2
="6244",5000,7100,-2100
="6245",6000,0,6000
="6246",1,0,1
="6251",1001,0,1001
="6257",3001,123000,-119999
="6265",2,0,2
="6269",5025,12000,-6975
="6271",48000,112000,-64000
="6274",177000,33000,144000
="6278",81000,19000,62000
="6279",14000,1000,13000
="6282",2000,0,2000
="6283",4000,4000,0
="6284",5000,199000,-194000
="6285",7000,6000,1000
="6288",30000,1000,29000
="6290",1001,0,1001
="6405",10000,0,10000
="6411",1000,1000,0
="6412",43000,0,43000
="6414",16000,31000,-15000
="6415",16000,4000,12000
="6417",2000,2000,0
="6426",2000,3000,-1000
="6438",0,6000,-6000
="6441",0,3000,-3000
="6443",261130,66000,195130
="6449",1,0,1
="6451",8000,7000,1000
="6456",4000,38000,-34000
="6462",0,1000,-1000
="6477",53000,53000,0
="6485",25000,38000,-13000
="6488",75000,26000,49000
="6491",34000,50000,-16000
="6496",1000,1000,0
="6499",4000,0,4000
="6504",2000,6000,-4000
="6505",1000,1000,0
="6509",1,0,1
="6515",2000,0,2000
="6516",0,3624,-3624
="6525",1030,0,1030
="6531",49025,46105,2920
="6533",606100,719030,-112930
="6535",1000,0,1000
="6538",5000,1000,4000
="6547",154410,24718,129692
="6548",0,7000,-7000
="6558",0,7000,-7000
="6576",0,21000,-21000
="6582",0,2000,-2000
="6592",0,12000,-12000
="6593",1000,666,334
="6598",1000,0,1000
="6605",1000,1000,0
="6643",0,3000,-3000
="6669",0,4000,-4000
="6670",199000,7000,192000
="6679",4000,2000,2000
="6683",0,3000,-3000
="6698",0,8000,-8000
="6712",0,30000,-30000
="6715",5000,0,5000
="6732",120,2000,-1880
="6733",7000,4000,3000
="6743",1000,0,1000
="6747",1000,0,1000
="6762",0,1000,-1000
="711701",208000,0,208000
="711902",7000,0,7000
="712021",2000,0,2000
="712148",3000,0,3000
="712199",16000,0,16000
="712262",5000,6000,-1000
="712326",1000,40000,-39000
="712370",138000,31000,107000
="712503",10000,0,10000
="712605",20000,40000,-20000
="712612",0,50000,-50000
="712616",0,10000,-10000
="712630",20000,0,20000
="712633",40000,10000,30000
="712916",477000,136000,341000
="712922",27000,0,27000
="712979",2000,0,2000
="712980",0,41000,-41000
="712981",273000,131000,142000
="713040",0,1000,-1000
="713042",1000,0,1000
="713183",100000,0,100000
="713215",0,10000,-10000
="713240",0,1497000,-1497000
="713242",1000,0,1000
="713326",10000,0,10000
="713327",45000,243000,-198000
="713352",9000,6000,3000
="713404",80000,25000,55000
="713515",80000,200000,-120000
="713545",0,20000,-20000
="713589",0,60000,-60000
="713649",5000,4000,1000
="713651",5000,0,5000
="713653",0,160000,-160000
="713675",327000,142000,185000
="713821",0,2000,-2000
="713939",0,30000,-30000
="714012",130000,0,130000
="714153",50000,0,50000
="714213",0,28000,-28000
="714236",10000,0,10000
="714237",0,3000,-3000
="714272",1000,10000,-9000
="714366",208000,208000,0
="714367",10000,0,10000
="714386",0,20000,-20000
="714431",0,132000,-132000
="714489",0,161000,-161000
="714514",10000,0,10000
="714516",186000,299000,-113000
="714517",122000,0,122000
="714518",0,58000,-58000
="714620",20000,60000,-40000
="714622",3000,200000,-197000
="714685",180000,30000,150000
="714712",658000,394000,264000
="714713",30000,0,30000
="714755",5000,115000,-110000
="714786",200000,0,200000
="714795",33000,168000,-135000
="714806",0,26000,-26000
="714832",0,6000,-6000
="714837",10000,0,10000
="714856",0,343000,-343000
="714858",120000,14000,106000
="714859",4000,0,4000
="714887",0,4000,-4000
="714889",55000,4000,51000
="714995",0,20000,-20000
="715011",100000,0,100000
="715012",0,25000,-25000
="715038",0,20000,-20000
="715066",103000,1000,102000
="715069",65000,6000,59000
="715070",157000,55000,102000
="715071",20000,5000,15000
="715072",8000,88000,-80000
="715073",22000,0,22000
="715116",28000,0,28000
="715117",0,10000,-10000
="715158",6000,30000,-24000
="715159",217000,112000,105000
="715181",50000,3000,47000
="715239",24000,1000,23000
="715286",0,14000,-14000
="715287",152000,0,152000
="715288",20000,0,20000
="715417",0,26000,-26000
="715478",280000,0,280000
="715519",0,106000,-106000
="715520",44000,851000,-807000
="715521",0,10000,-10000
="715548",0,107000,-107000
="715549",59000,0,59000
="715552",3000,0,3000
="715553",105000,90000,15000
="715554",154000,198000,-44000
="715555",170000,292000,-122000
="715609",125000,0,125000
="715643",0,80000,-80000
="715657",46000,31000,15000
="715659",45000,0,45000
="715660",113000,0,113000
="715661",242000,60000,182000
="715662",38000,615000,-577000
="715693",0,23000,-23000
="715694",34000,10000,24000
="715743",0,31000,-31000
="715780",0,147000,-147000
="715813",66000,71000,-5000
="715815",0,61000,-61000
="715901",22000,0,22000
="715902",0,292000,-292000
="715935",58000,0,58000
="715971",30000,70000,-40000
="716032",1000,214000,-213000
="716034",54000,0,54000
="716036",32000,20000,12000
="716037",22000,28000,-6000
="716084",0,52000,-52000
="716085",0,490000,-490000
="716110",108000,0,108000
="716112",76000,69000,7000
="716137",123000,21000,102000
="716188",33000,0,33000
="716295",9000,0,9000
="716296",23000,5000,18000
="716297",11000,5000,6000
="716298",184000,7000,177000
="716299",406000,133000,273000
="716300",47000,0,47000
="716347",20000,0,20000
="716357",0,100000,-100000
="716362",0,1000,-1000
="716364",0,2000,-2000
="716367",0,20000,-20000
="716368",67000,0,67000
="716369",307000,10000,297000
="716370",243000,253000,-10000
="716433",0,30000,-30000
="716590",50000,69000,-19000
="716594",103000,0,103000
="716595",49000,296000,-247000
="716596",8000,42000,-34000
="716668",0,9000,-9000
="716677",35000,175000,-140000
="716678",0,13000,-13000
="716748",20000,0,20000
="716759",25000,0,25000
="716816",50000,0,50000
="716837",0,3000,-3000
="716905",117000,20000,97000
="716907",268000,241000,27000
="716908",105000,320000,-215000
="716953",270000,12000,258000
="716954",183000,226000,-43000
="716955",0,10000,-10000
="716956",454000,91000,363000
="716957",0,5000,-5000
="716958",979000,303000,676000
="716975",70000,0,70000
="716997",100000,0,100000
="716998",0,223000,-223000
="716999",92000,0,92000
="717000",0,59000,-59000
="717001",0,10000,-10000
="717024",5000,0,5000
="717043",44000,0,44000
="717087",40000,56000,-16000
="717088",22000,30000,-8000
="717101",62000,1000,61000
="717102",113000,60000,53000
="717159",0,29000,-29000
="717192",12000,0,12000
="717196",0,10000,-10000
="717203",4000,0,4000
="717204",140000,38000,102000
="717206",0,50000,-50000
="717208",4000,0,4000
="717210",2000,0,2000
="717305",76000,20000,56000
="717307",160000,20000,140000
="717310",0,30000,-30000
="717311",35000,15000,20000
="717321",0,40000,-40000
="717342",0,19000,-19000
="717352",0,215000,-215000
="717353",500000,12000,488000
="717354",0,166000,-166000
="717355",0,101000,-101000
="717356",50000,0,50000
="717360",5000,25000,-20000
="717361",13000,95000,-82000
="717363",220000,118000,102000
="717364",58000,14000,44000
="717365",166000,0,166000
="717420",59000,145000,-86000
="717461",173000,11000,162000
="717464",554000,571000,-17000
="717465",146000,19000,127000
="717466",477000,0,477000
="717468",805000,91000,714000
="717469",5000,40000,-35000
="717500",10000,200000,-190000
="717509",30000,0,30000
="717513",95000,20000,75000
="717514",3000,0,3000
="717516",14000,22000,-8000
="717517",0,10000,-10000
="717518",207000,470000,-263000
="717520",100000,0,100000
="717522",0,11000,-11000
="717523",30000,228000,-198000
="717524",350000,2000,348000
="717525",467000,551000,-84000
="717526",0,1000,-1000
="717528",50000,60000,-10000
="717529",40000,50000,-10000
="717568",0,59000,-59000
="717569",232000,181000,51000
="717570",138000,274000,-136000
="717601",21000,16000,5000
="717604",44000,0,44000
="717605",15000,0,15000
="717606",20000,317000,-297000
="717607",10000,10000,0
="717609",5000,8000,-3000
="717610",0,20000,-20000
="717636",115000,73000,42000
="717639",235000,185000,50000
="717640",246000,0,246000
="717641",0,12000,-12000
="717649",0,13000,-13000
="717683",179000,0,179000
="717684",20000,0,20000
="717685",0,4000,-4000
="717686",21000,43000,-22000
="717687",41000,20000,21000
="717688",5000,3000,2000
="717689",73000,1000,72000
="717718",70000,0,70000
="717734",250000,250000,0
="717735",0,12000,-12000
="717737",0,13000,-13000
="717738",0,260000,-260000
="717739",32000,7000,25000
="717740",55000,11000,44000
="717741",16000,5000,11000
="717742",184000,1137000,-953000
="717773",73000,0,73000
="717774",178000,331000,-153000
="717775",354000,170000,184000
="717776",0,23000,-23000
="717779",0,40000,-40000
="717780",0,31000,-31000
="717815",241000,697000,-456000
="717816",744000,1050000,-306000
="717817",5000,55000,-50000
="717818",14000,378000,-364000
="717819",0,5000,-5000
="717820",30000,0,30000
="717858",0,55000,-55000
="717860",0,188000,-188000
="717861",64000,0,64000
="717862",53000,30000,23000
="717918",280000,130000,150000
="717950",220000,33000,187000
="717951",0,50000,-50000
="717953",0,15000,-15000
="717957",277000,191000,86000
="717959",35000,35000,0
="717962",1622000,1000,1621000
="717963",0,4000,-4000
="718039",1671000,410000,1261000
="718040",0,186000,-186000
="718041",149000,792000,-643000
="718042",173000,20000,153000
="718043",49000,0,49000
="718047",413000,130000,283000
="718048",5000,0,5000
="718093",22000,0,22000
="718094",87000,231000,-144000
="718095",11000,0,11000
="718096",580000,43000,537000
="718098",66000,10000,56000
="718099",716000,74000,642000
="718100",82000,0,82000
="718101",30000,150000,-120000
="718102",99000,10000,89000
="718103",51000,0,51000
="718104",30000,0,30000
="718178",0,200000,-200000
="718180",46000,0,46000
="718221",29000,0,29000
="718223",60000,10000,50000
="718225",110000,136000,-26000
="718263",550000,35000,515000
="718265",0,224000,-224000
="718309",0,181000,-181000
="718310",0,53000,-53000
="718363",0,21000,-21000
="73604P",3000,0,3000
="73653P",0,20000,-20000
="73655P",111000,66000,45000
="73675P",100000,100000,0
="73691P",0,14000,-14000
="73692P",0,82000,-82000
="73693P",107000,0,107000
="73717P",14000,75000,-61000
="73740P",0,26000,-26000
="73748P",10000,10000,0
="73754P",0,233000,-233000
="73755P",201000,149000,52000
="73764P",0,132000,-132000
="73774P",229000,63000,166000
="73799P",82000,93000,-11000
="73803P",62000,0,62000
="73804P",6000,0,6000
="73805P",113000,386000,-273000
="73809P",5000,31000,-26000
="73810P",0,40000,-40000
="73822P",50000,0,50000
="73826P",10000,27000,-17000
="73838P",1000,123000,-122000
="73839P",177000,22000,155000
="7556",6,4,2
="8011",2,0,2
="8016",22000,13000,9000
="8021",1,0,1
="8024",425000,64000,361000
="8028",14001,0,14001
="8033",32002,7000,25002
="8040",1,0,1
="8042",0,1000,-1000
="8044",14000,15000,-1000
="8046",117000,123000,-6000
="8049",2002,0,2002
="8050",2,0,2
="8054",1,0,1
="8059",0,9000,-9000
="8064",2,0,2
="8067",1,0,1
="8069",144002,50000,94002
="8070",105000,1000,104000
="8076",2,0,2
="8081",1000,0,1000
="8085",5002,0,5002
="8086",158001,191000,-32999
="8088",2,0,2
="8092",5000,0,5000
="8096",1,0,1
="8103",1001,0,1001
="8105",5000,1000,4000
="8111",2,0,2
="8112",8002,0,8002
="8121",0,1000,-1000
="8150",20002,29000,-8998
="8163",2,10000,-9998
="8171",1,1000,-999
="8176",2,0,2
="8183",26000,8000,18000
="8210",152,0,152
="8213",1,0,1
="8215",57001,13050,43951
="8222",1116,939,177
="8234",30000,0,30000
="8249",2,0,2
="8261",5001,0,5001
="8271",2,0,2
="8277",1,0,1
="8299",31000,10000,21000
="8358",263000,628000,-365000
="8390",0,100000,-100000
="8403",0,12000,-12000
="8406",0,30000,-30000
="8416",14,0,14
="8429",0,190,-190
="8431",1000,0,1000
="8436",3001,2000,1001
="8443",1,0,1
="8464",4000,0,4000
="8924",51000,10000,41000
="8929",1020,900,120
="8936",4000,0,4000
="8938",6000,0,6000
="8996",1000,15000,-14000
="9105",15000,5000,10000
="9802",0,10000,-10000
="9902",2,0,2
="9904",31000,69000,-38000
="9910",0,2000,-2000
="9911",0,65000,-65000
="9912",2,0,2
="9914",133001,21000,112001
="9917",11,0,11
="9919",2,0,2
="9921",0,3000,-3000
="9933",1000,0,1000
="9935",4001,0,4001
="9938",14001,68050,-54049
="9942",10000,0,10000
="9945",53000,3000,50000
="9946",101,0,101
="9949",0,525,-525
="9958",14000,27000,-13000
