="0050",182215,256000,-73785,-10231674
="0052",4000,1000,3000,390751
="0056",16332,2000,14332,435814
="0061",0,110000,-110000,-2754975
="006205",50000,71000,-21000,-851911
="006206",1000,31000,-30000,-1241436
="006207",1000,21000,-20000,-650898
="006208",240000,240000,0,0
="00631L",1,1000,-999,-107343
="00632R",1648000,325000,1323000,8513720
="00633L",102000,124000,-22000,-1731898
="00636",200,0,200,5750
="00637L",839000,3931000,-3092000,-93687014
="00638R",588000,0,588000,4449487
="00642U",14000,15000,-1000,-9179
="00645",0,2000,-2000,-48419
="00650L",0,5000,-5000,-164500
="00652",1000,0,1000,24709
="00653L",1000,0,1000,34770
="00655L",2000,0,2000,116400
="00664R",0,550000,-550000,-4048998
="00669R",0,150000,-150000,-1368899
="00675L",0,1000,-1000,-40439
="00676R",10000,0,10000,40199
="00677U",103000,259000,-156000,-518700
="00683L",100000,464000,-364000,-6058938
="00687B",50000,50000,0,0
="00688L",50000,50000,0,0
="00689R",50000,50000,0,0
="00692",2501,2000,501,16707
="00694B",50000,50000,0,0
="00695B",50000,50000,0,0
="00696B",100000,100000,0,0
="00697B",50000,50000,0,0
="00701",3000,0,3000,62839
="00703",0,3000,-3000,-83219
="00708L",56000,0,56000,1607299
="00712",19000,10000,9000,112580
="00714",100000,100000,0,0
="00715L",0,69000,-69000,-368309
="00717",11000,0,11000,182780
="00718B",106000,94000,12000,236640
="00719B",50000,50000,0,0
="00720B",50000,59000,-9000,-407699
="00721B",91000,50000,41000,1846039
="00722B",50000,61000,-11000,-522729
="00723B",50000,50000,0,0
="00724B",55000,50000,5000,216750
="00728",5000,3000,2000,60458
="00731",1000,0,1000,48349
="00733",100000,100000,0,0
="00740B",25000,25000,0,0
="00741B",25000,25000,0,0
="00745B",25000,25000,0,0
="00746B",25000,25000,0,0
="00751B",52000,50000,2000,93220
="00752",5000,5100,-100,-2928
="00753L",0,2000,-2000,-95900
="00754B",50000,51000,-1000,-47750
="00755B",53000,52000,1000,45630
="00756B",50000,50000,0,0
="00757",0,10000,-10000,-452799
="00764B",50000,73000,-23000,-1046250
="00765B",50000,50000,0,0
="00772B",70000,70000,0,0
="00773B",74000,70000,4000,186440
="00784B",25000,25000,0,0
="00785B",25000,25000,0,0
="00787B",2000,0,2000,88599
="00795B",70000,73000,-3000,-131310
="00796B",70000,102000,-32000,-1265898
="00846B",12000,0,12000,465480
="00847B",84000,70000,14000,512959
="00848B",70000,82000,-12000,-463679
="00849B",70000,70000,0,0
="00850",1,0,1,32
="00861",0,232000,-232000,-6544308
="00862B",70000,70000,0,0
="00863B",70000,70000,0,0
="00864B",70000,70000,0,0
="00868B",100000,100000,0,0
="00869B",100000,100000,0,0
="00870B",50000,50000,0,0
="00871B",50000,50000,0,0
="00875",1000,0,1000,31559
="00876",0,10000,-10000,-292399
="00877",0,10000,-10000,-144300
="00878",74120,201,73919,1218653
="00881",136250,6833000,-6696750,-117263759
="020011",10000,10000,0,-20
="020016",4000,0,4000,69159
="020018",295000,348000,-53000,-645903
="020019",355000,301000,54000,724592
="020021",1999000,1107000,892000,10798266
="020022",2000,8000,-6000,-30999
="03268P",10000,0,10000,599
="03771P",20000,0,20000,1000
="03859P",60000,0,60000,3000
="03954P",50000,0,50000,13500
="03985P",320000,0,320000,105600
="03990P",0,4000,-4000,-280
="04126P",3000,50000,-47000,-78218
="04372P",350000,0,350000,219999
="04513P",662000,676000,-14000,-19222
="04594P",30000,34000,-4000,-2321
="04674P",0,75000,-75000,-5999
="04686P",150000,0,150000,248000
="04729P",0,193000,-193000,-208816
="04732P",300000,0,300000,689999
="04826P",2000,421000,-419000,-553088
="04827P",0,13000,-13000,-6807
="04833P",10000,0,10000,14199
="04859P",0,3000,-3000,-779
="04860P",0,20000,-20000,-5400
="04861P",1000,0,1000,1429
="04985P",50000,150000,-100000,-26500
="04997P",0,5000,-5000,-2800
="05006P",151000,161000,-10000,-7007
="05070P",20000,0,20000,8399
="05104P",0,26000,-26000,-13779
="05128P",39000,69000,-30000,-30312
="05129P",0,19000,-19000,-13489
="05143P",0,65000,-65000,-65518
="05144P",0,23000,-23000,-13569
="05161P",0,30000,-30000,-28499
="05162P",0,38000,-38000,-34837
="05237P",0,27000,-27000,-30439
="05297P",64000,115000,-51000,-34228
="05299P",0,80000,-80000,-107900
="05300P",27000,42000,-15000,-13830
="05342P",3000,3000,0,-149
="05422P",825000,15000,810000,660989
="05447P",0,5000,-5000,-1800
="05481P",27000,160000,-133000,-150569
="05482P",0,78000,-78000,-54499
="05500P",25000,22000,3000,-1031
="05570P",0,60000,-60000,-85199
="05585P",200000,0,200000,150000
="05594P",0,252000,-252000,-241167
="05595P",191000,316000,-125000,-119577
="05632P",0,74000,-74000,-90020
="05697P",355000,15000,340000,539477
="05698P",94000,26000,68000,85728
="05699P",123000,90000,33000,51269
="05706P",144000,0,144000,260089
="05707P",105000,188000,-83000,-204190
="05714P",5000,0,5000,3499
="05749P",8000,71000,-63000,-17190
="05750P",0,20000,-20000,-29200
="057550",0,10000,-10000,-217999
="05774P",150000,0,150000,232499
="05776P",75000,250000,-175000,-141759
="05777P",112000,744000,-632000,-509676
="05829P",1000,0,1000,980
="05858P",70000,53000,17000,13262
="05906P",52000,61000,-9000,-10819
="05907P",40000,89000,-49000,-38177
="05908P",5000,51000,-46000,-45950
="063057",58000,72000,-14000,-11000
="063145",10000,0,10000,3600
="063201",21000,0,21000,15380
="063207",0,2000,-2000,-319
="063337",0,2000,-2000,-5370
="063444",2000,120000,-118000,-89521
="063788",3000,0,3000,1020
="063926",5000,40000,-35000,-37900
="064039",0,10000,-10000,-31500
="064055",510000,0,510000,38598
="064057",0,405000,-405000,-112097
="064162",7000,70000,-63000,-60059
="064453",2000,3000,-1000,-339
="064462",10000,5000,5000,2401
="064710",1000,400000,-399000,-227439
="064719",52000,0,52000,328249
="064721",5000,0,5000,1099
="064835",5000,13000,-8000,-2930
="064911",4000,0,4000,920
="064925",37000,18000,19000,12000
="064926",50000,0,50000,1499
="065185",1000,0,1000,230
="065342",2000,4000,-2000,-7160
="065450",100000,0,100000,28000
="065532",50000,0,50000,4899
="065533",85000,0,85000,17000
="065656",0,70000,-70000,-416499
="065658",0,100000,-100000,-394000
="065677",0,2000,-2000,-3009
="065678",74000,0,74000,429799
="065679",20000,36000,-16000,-117949
="065683",36000,66000,-30000,-17910
="065685",10000,0,10000,11100
="065686",52000,34000,18000,7820
="065889",30000,17000,13000,39100
="065945",19000,0,19000,82858
="065957",0,70000,-70000,-27999
="066005",8000,10000,-2000,-6921
="066197",4000,11000,-7000,-28549
="066198",10000,32000,-22000,-27749
="066201",180000,120000,60000,13800
="066203",21000,83000,-62000,-34750
="066205",0,20000,-20000,-13799
="066213",980000,50000,930000,177098
="066217",50000,0,50000,46400
="066218",10000,0,10000,11299
="066456",21000,20000,1000,-789
="066458",1000,0,1000,569
="066460",122000,20000,102000,38479
="066462",0,30000,-30000,-5699
="066524",61000,12000,49000,85779
="066525",1000,0,1000,1029
="066526",250000,382000,-132000,-95938
="066529",80000,0,80000,26400
="067147",11000,0,11000,156398
="067149",10000,0,10000,12599
="067150",60000,30000,30000,49801
="067151",3000,0,3000,4058
="067152",92000,0,92000,66999
="067153",250000,0,250000,14999
="067154",0,10000,-10000,-2800
="067157",0,70000,-70000,-7000
="067276",304000,5000,299000,203229
="067277",60000,0,60000,20090
="067278",1000,40000,-39000,-17760
="067279",233000,0,233000,155609
="067368",275000,948000,-673000,-193791
="067372",67000,0,67000,111728
="067378",0,6000,-6000,-22469
="067383",4000,0,4000,2079
="067503",25000,50000,-25000,-9250
="067506",50000,0,50000,7000
="067510",0,10000,-10000,-3899
="067515",30000,80000,-50000,-13599
="067516",80000,0,80000,30498
="067637",1000,0,1000,3240
="067769",100000,0,100000,295000
="067770",5000,8000,-3000,-25450
="067774",645000,80000,565000,317119
="067775",742000,0,742000,22259
="067832",11000,3000,8000,28762
="067834",0,1000,-1000,-14000
="067835",5000,0,5000,399
="067836",10000,0,10000,27699
="068046",5000,0,5000,43249
="068047",0,1000,-1000,-8399
="068048",0,140000,-140000,-14000
="068056",43000,0,43000,3739
="068097",0,1000,-1000,-7849
="068128",16000,23000,-7000,-47302
="068129",130000,1431000,-1301000,-481658
="068131",5000,0,5000,9649
="068217",18000,0,18000,34539
="068219",20000,7000,13000,29559
="068220",544000,496000,48000,120864
="068221",136000,259000,-123000,-162587
="068223",1000,0,1000,500
="068224",0,58000,-58000,-16447
="068383",30000,10000,20000,47779
="068385",18000,0,18000,140400
="068387",23000,0,23000,109940
="068390",169000,85000,84000,121281
="068396",57000,0,57000,227430
="068397",223000,50000,173000,178469
="068510",10000,0,10000,29100
="068511",397000,3000,394000,967219
="068512",97000,22000,75000,76089
="068514",107000,35000,72000,61298
="068515",105000,4000,101000,146040
="068516",0,568000,-568000,-345504
="068519",0,20000,-20000,-42399
="068521",121000,15000,106000,86536
="068594",4000,0,4000,15800
="068665",2000,0,2000,12199
="068667",112000,0,112000,593600
="068669",10000,13000,-3000,-5840
="068670",1890000,2105000,-215000,-332989
="068671",21000,0,21000,81329
="068672",1000,220000,-219000,-53658
="068673",20000,0,20000,30799
="068674",20000,100000,-80000,-68200
="068767",1000,27000,-26000,-109216
="068769",183000,116000,67000,24579
="068843",6000,31000,-25000,-102182
="068844",1000,0,1000,3890
="068847",3000,0,3000,10950
="068849",2000,3000,-1000,-759
="068851",42000,4000,38000,21818
="068852",0,1179000,-1179000,-329577
="068884",2074000,0,2074000,88959
="068887",0,20000,-20000,-12200
="068939",0,178000,-178000,-3147800
="069031",0,10000,-10000,-19900
="069032",499000,0,499000,44910
="069095",0,167000,-167000,-155237
="069096",52000,0,52000,32819
="069097",3000,208000,-205000,-139888
="069099",3000,0,3000,3240
="069103",90000,0,90000,7199
="069105",3000,2000,1000,2499
="069190",72000,50000,22000,20209
="069191",5000,100000,-95000,-31401
="069192",24000,0,24000,7860
="069193",240000,481000,-241000,-106919
="069397",117000,25000,92000,96879
="069402",36000,71000,-35000,-120538
="069406",2000,0,2000,3980
="069409",0,10000,-10000,-10099
="069411",160000,0,160000,44200
="069412",175000,77000,98000,26850
="069414",2157000,3725000,-1568000,-786389
="069416",187000,298000,-111000,-32460
="069419",20000,0,20000,4600
="069420",821000,40000,781000,216091
="069446",108000,5000,103000,105128
="069448",24000,30000,-6000,-3201
="069449",90000,602000,-512000,-61140
="069453",0,30000,-30000,-76597
="069612",158000,130000,28000,71857
="069614",10000,0,10000,48400
="069618",64000,468000,-404000,-237177
="069622",3000,0,3000,4440
="069691",1844000,387000,1457000,2864086
="069693",112000,10000,102000,69539
="069823",250000,0,250000,90000
="069824",0,81000,-81000,-37838
="069927",5000,0,5000,1550
="069930",28000,35000,-7000,-5719
="069933",11000,0,11000,7400
="069934",32000,0,32000,57538
="069949",10000,0,10000,9100
="070133",264000,346000,-82000,-71181
="070134",175000,804000,-629000,-220493
="070135",50000,237000,-187000,-86106
="070136",2000,45000,-43000,-23920
="070138",0,5000,-5000,-2300
="070139",0,10000,-10000,-4499
="070141",35000,135000,-100000,-92348
="070147",16000,6000,10000,11420
="070148",5000,135000,-130000,-24899
="070245",0,20000,-20000,-10000
="070250",107000,20000,87000,70710
="070252",156000,196000,-40000,-27900
="070255",20000,392000,-372000,-26219
="070256",15000,0,15000,3299
="070426",15000,40000,-25000,-17699
="070428",3000,15000,-12000,-39469
="070430",0,199000,-199000,-123399
="070431",62000,9000,53000,42731
="070444",4000,178000,-174000,-22660
="070445",220000,36000,184000,116949
="070477",0,30000,-30000,-42599
="070530",0,52000,-52000,-28800
="070531",0,370000,-370000,-88848
="070536",6000,1000,5000,4630
="070538",90000,0,90000,60899
="070539",10000,0,10000,7799
="070605",11000,0,11000,34189
="070606",5000,60000,-55000,-14200
="070608",6000,5000,1000,1229
="070609",10000,0,10000,7500
="070800",10000,0,10000,15099
="070857",66000,0,66000,35296
="070859",0,160000,-160000,-71098
="070860",0,10000,-10000,-1750
="070862",40000,214000,-174000,-37129
="070864",90000,70000,20000,7552
="070913",1000,0,1000,2230
="070974",0,300000,-300000,-347999
="071124",14000,0,14000,5040
="071125",21000,3000,18000,131100
="071127",2000,2000,0,160
="071129",22000,0,22000,28209
="071131",0,50000,-50000,-9499
="071206",0,5000,-5000,-96999
="071208",2000,0,2000,9100
="071209",20000,0,20000,94799
="071217",0,2000,-2000,-800
="071218",105000,5000,100000,33000
="071220",0,151000,-151000,-15100
="071223",41000,0,41000,26357
="071224",5000,5000,0,349
="071227",40000,0,40000,24800
="071319",10000,0,10000,21968
="071321",20000,0,20000,10599
="071334",90000,0,90000,166098
="071438",10000,0,10000,20699
="071445",17000,26000,-9000,-14869
="071446",47000,50000,-3000,-8130
="071447",0,100000,-100000,-31999
="071448",32000,33000,-1000,-3630
="071457",20000,0,20000,37999
="071568",12000,22000,-10000,-12760
="071569",5000,0,5000,4109
="071571",250000,0,250000,70000
="071572",1000,0,1000,1039
="071704",5000,0,5000,750
="071706",1000,0,1000,6949
="071707",0,9000,-9000,-2290
="071708",173000,0,173000,152508
="071709",0,10000,-10000,-1400
="071710",185000,230000,-45000,-39711
="071845",0,50000,-50000,-7999
="071999",20000,0,20000,54400
="072046",40000,19000,21000,137899
="072047",3000,20000,-17000,-58137
="072048",10000,0,10000,1800
="072049",0,75000,-75000,-23649
="072051",193000,142000,51000,45522
="072122",2000,11000,-9000,-11200
="072300",153000,80000,73000,13069
="072306",6000,0,6000,3660
="072309",20000,0,20000,4000
="072310",204000,301000,-97000,-15269
="072313",53000,23000,30000,38030
="072403",77000,0,77000,438549
="072404",122000,178000,-56000,-133150
="072406",11000,0,11000,12320
="072409",10000,0,10000,11100
="072410",163000,100000,63000,44880
="072411",0,30000,-30000,-18600
="072412",0,30000,-30000,-44497
="072462",5000,0,5000,7068
="072556",25000,20000,5000,5199
="072559",10000,0,10000,12000
="072562",0,18000,-18000,-16359
="072567",65000,0,65000,18200
="072568",0,1000,-1000,-1789
="072625",0,110000,-110000,-19800
="072628",1000,0,1000,6750
="072633",10000,0,10000,22899
="072634",69000,19000,50000,76943
="072638",0,50000,-50000,-48500
="072639",0,2000,-2000,-7960
="072669",20000,0,20000,29000
="072711",110000,20000,90000,57099
="072712",0,15000,-15000,-46349
="072713",10000,0,10000,33099
="072808",10000,0,10000,38538
="072812",29000,10000,19000,36320
="072964",318000,616000,-298000,-205119
="072966",9000,16000,-7000,-11869
="072968",45000,1000,44000,52460
="072971",44000,1000,43000,180020
="072972",21000,0,21000,29277
="072973",20000,0,20000,21190
="072974",10000,0,10000,31400
="073027",540000,374000,166000,210129
="073031",30000,291000,-261000,-34550
="073035",10000,20000,-10000,-13049
="073036",7000,0,7000,5040
="073037",256000,4000,252000,112067
="073038",689000,64000,625000,975889
="073039",120000,4000,116000,59760
="073040",92000,40000,52000,61798
="073094",11000,0,11000,76500
="073096",1000,7000,-6000,-3610
="073099",4000,0,4000,11079
="073102",60000,10000,50000,34699
="073104",37000,42000,-5000,-4880
="073105",30000,42000,-12000,-10499
="073106",380000,192000,188000,161408
="073377",14000,0,14000,9867
="073383",3000,7000,-4000,-7378
="073384",86000,10000,76000,9880
="073386",50000,0,50000,277500
="073388",100000,0,100000,62000
="073390",18000,0,18000,31500
="073487",0,10000,-10000,-5600
="073492",10000,0,10000,32200
="073493",237000,0,237000,200219
="073496",0,2000,-2000,-1799
="073497",0,10000,-10000,-34700
="073500",23000,0,23000,18400
="073502",50000,191000,-141000,-38489
="073503",4000,0,4000,2720
="073504",0,1295000,-1295000,-354669
="073577",2000,1000,1000,2080
="073615",36000,0,36000,83297
="073616",27000,75000,-48000,-136399
="073620",0,10000,-10000,-1500
="073739",6000,2000,4000,13290
="073740",4000,0,4000,13479
="073741",14000,16000,-2000,-4978
="073742",0,1000,-1000,-5849
="073743",27000,0,27000,68415
="073745",29000,4000,25000,54622
="073747",83000,47000,36000,13892
="073748",10000,0,10000,36800
="073808",73000,116000,-43000,-80106
="073809",213000,265000,-52000,-25838
="073810",50000,0,50000,101238
="073811",36000,0,36000,36000
="073812",0,30000,-30000,-19097
="073813",18000,0,18000,19369
="073980",0,1000,-1000,-3500
="073982",30000,47000,-17000,-14720
="073984",36000,0,36000,50178
="074020",3000,0,3000,8459
="074060",6000,14000,-8000,-9509
="074065",5000,4000,1000,791
="074066",20000,0,20000,19950
="074067",1000,0,1000,1980
="074107",30000,0,30000,65600
="074165",0,15000,-15000,-13250
="074167",56000,17000,39000,125309
="074168",5000,23000,-18000,-17369
="074170",98000,0,98000,83079
="074171",10000,0,10000,7099
="074255",0,1000,-1000,-600
="074257",285000,641000,-356000,-338539
="074258",210000,316000,-106000,-102678
="074345",150000,0,150000,67499
="074347",683000,84000,599000,1505439
="074349",89000,5000,84000,193037
="074350",163000,230000,-67000,-103759
="074351",10000,8000,2000,2480
="074352",100000,371000,-271000,-66470
="074353",20000,6000,14000,29911
="074354",67000,13000,54000,118948
="074446",0,9000,-9000,-6480
="074447",50000,0,50000,72000
="074448",5000,0,5000,2649
="074449",124000,0,124000,391158
="074450",0,42000,-42000,-25340
="074453",100000,0,100000,82727
="074454",26000,0,26000,28579
="074455",30000,0,30000,15299
="074456",30000,0,30000,8100
="074491",0,3000,-3000,-6809
="074495",50000,0,50000,37999
="074499",60000,20000,40000,10801
="074680",20000,14000,6000,16220
="074681",0,32000,-32000,-35460
="074685",10000,0,10000,56500
="074686",40000,1000,39000,234998
="074687",463000,28000,435000,676361
="074690",9000,0,9000,37248
="074758",0,9000,-9000,-30030
="074785",0,1000,-1000,-4650
="074786",11000,19000,-8000,-15348
="074787",9000,25000,-16000,-26857
="074788",39000,14000,25000,94641
="074789",10000,15000,-5000,-13649
="074790",5000,11000,-6000,-15780
="074791",2000,4000,-2000,-2640
="074794",22000,27000,-5000,-12318
="074796",37000,0,37000,84658
="074799",25000,0,25000,18000
="074800",7000,0,7000,17989
="074802",68000,11000,57000,114968
="074803",16000,0,16000,29520
="074804",73000,0,73000,105179
="074807",103000,52000,51000,152631
="074810",14000,500000,-486000,-743880
="074814",30000,9000,21000,53938
="074816",20000,40000,-20000,-16199
="074819",39000,205000,-166000,-340866
="074833",28000,28000,0,2298
="074860",20000,0,20000,25000
="074894",4000,0,4000,20600
="074896",3000,3000,0,210
="074897",66000,180000,-114000,-283438
="074899",0,2000,-2000,-2220
="074900",20000,20000,0,1449
="074902",0,115000,-115000,-72449
="074906",50000,232000,-182000,-96659
="074907",0,2000,-2000,-9880
="074908",26000,90000,-64000,-118571
="075050",10000,0,10000,6800
="075051",11000,5000,6000,10361
="075052",10000,5000,5000,18649
="075054",57000,0,57000,128889
="075167",7000,0,7000,8330
="075168",0,5000,-5000,-7860
="075169",2000,0,2000,7360
="075170",5000,0,5000,13700
="075172",24000,19000,5000,16848
="075173",0,42000,-42000,-71800
="075243",6000,10000,-4000,-8100
="075396",380000,840000,-460000,-548467
="075398",10000,0,10000,49200
="075399",50000,0,50000,41999
="075400",0,1000,-1000,-2920
="075401",50000,40000,10000,30800
="075402",20000,5000,15000,29992
="075404",55000,0,55000,85098
="075405",160000,0,160000,438300
="075408",89000,0,89000,61409
="075409",0,2000,-2000,-899
="075411",8000,0,8000,4480
="075502",0,3000,-3000,-7500
="075513",1000,30000,-29000,-49468
="075517",2000,3000,-1000,-3929
="075534",1000,0,1000,14899
="075642",10000,10000,0,1999
="075691",1000,0,1000,3049
="075693",74000,0,74000,108699
="075697",10000,136000,-126000,-194385
="075785",0,100000,-100000,-630000
="075827",20000,0,20000,50999
="075828",694000,13000,681000,796950
="075829",82000,0,82000,71340
="075831",264000,0,264000,564777
="075964",30000,2000,28000,197100
="075966",31000,1000,30000,96010
="075968",31000,5000,26000,80178
="075969",0,20000,-20000,-8928
="075970",85000,404000,-319000,-315189
="075971",29000,25000,4000,3703
="075972",3000,43000,-40000,-71301
="076027",5000,0,5000,6100
="076055",35000,24000,11000,15179
="076057",0,10000,-10000,-6249
="076058",0,2000,-2000,-5330
="076059",20000,30000,-10000,-9298
="076061",4000,6000,-2000,-5800
="076062",38000,0,38000,61180
="076063",156000,0,156000,175775
="076064",897000,158000,739000,873629
="076107",0,31000,-31000,-31309
="076181",3000,3000,0,318
="076182",6000,26000,-20000,-77500
="076184",2000,0,2000,5400
="076289",1000,0,1000,930
="076290",61000,75000,-14000,-5921
="076291",1000,0,1000,1490
="076405",0,30000,-30000,-27900
="076406",3000,0,3000,9947
="076408",8000,0,8000,6480
="076409",0,4000,-4000,-16000
="076410",50000,93000,-43000,-133639
="076411",36000,5000,31000,27531
="076412",74000,0,74000,88130
="076414",76000,1000,75000,78780
="076415",35000,0,35000,28448
="076416",211000,236000,-25000,-26720
="076418",116000,95000,21000,32595
="076419",77000,0,77000,77769
="076420",489000,11000,478000,890107
="076421",4000,0,4000,3480
="076551",37000,62000,-25000,-95658
="076559",350000,0,350000,405999
="076652",7000,0,7000,5950
="076653",43000,66000,-23000,-31541
="076654",130000,62000,68000,45841
="076655",12000,16000,-4000,-12767
="076675",20000,0,20000,41038
="076912",1000,0,1000,649
="076914",2000,0,2000,1940
="076915",40000,26000,14000,48580
="076916",50000,0,50000,129698
="076917",163000,20000,143000,302899
="076921",0,15000,-15000,-5499
="076922",11000,0,11000,8649
="076971",410000,20000,390000,2314498
="077035",18000,0,18000,45359
="077061",6000,120000,-114000,-69799
="077064",293000,0,293000,234779
="077065",1000,37000,-36000,-44270
="077066",44000,0,44000,123725
="077067",8000,6000,2000,6068
="077068",0,50000,-50000,-125499
="077069",114000,33000,81000,198010
="077103",421000,154000,267000,841504
="077105",77000,8000,69000,204637
="077108",395000,233000,162000,214328
="077109",9000,0,9000,15319
="077110",321000,1445000,-1124000,-936247
="077275",175000,69000,106000,202294
="077276",108000,12000,96000,92258
="077277",52000,4000,48000,153139
="077278",44000,10000,34000,44289
="077280",277000,1031000,-754000,-763114
="077281",383000,4000,379000,704417
="077356",0,900000,-900000,-314999
="077412",15000,17000,-2000,-9731
="077455",10000,0,10000,60748
="077585",0,12000,-12000,-5988
="077586",367000,23000,344000,913369
="077587",12000,126000,-114000,-333236
="077588",3000,20000,-17000,-64169
="077591",43000,76000,-33000,-79159
="077593",50000,50000,0,-5001
="077595",23000,10000,13000,13538
="077596",0,10000,-10000,-22200
="077646",8000,0,8000,4789
="077647",42000,0,42000,44798
="077648",16000,1000,15000,17080
="077649",56000,0,56000,131358
="077651",0,12000,-12000,-27179
="077654",290000,75000,215000,208391
="077656",24000,87000,-63000,-103371
="077658",20000,10000,10000,19690
="077659",6000,0,6000,14219
="077694",0,10000,-10000,-8500
="077810",132000,85000,47000,101070
="077811",366000,126000,240000,327839
="077941",30000,5000,25000,19950
="077942",378000,32000,346000,418299
="077944",241000,283000,-42000,-26565
="077945",46000,24000,22000,46882
="077946",70000,34000,36000,65572
="077963",0,130000,-130000,-319397
="078038",65000,806000,-741000,-2122739
="078087",449000,113000,336000,872877
="078089",20000,0,20000,23599
="078091",25000,18000,7000,13941
="078092",0,150000,-150000,-44499
="078095",1000,7000,-6000,-15010
="078097",41000,50000,-9000,-10221
="078098",430000,187000,243000,289721
="078099",733000,61000,672000,975472
="078340",0,1000,-1000,-3099
="078461",56000,35000,21000,20870
="078462",150000,3301000,-3151000,-3093490
="078463",54000,134000,-80000,-123435
="078464",5000,0,5000,6650
="078465",11000,0,11000,62699
="078466",10000,113000,-103000,-333049
="078469",46000,0,46000,58419
="078470",73000,0,73000,108717
="078474",92000,0,92000,65598
="078476",1143000,100000,1043000,932369
="078477",5000,8000,-3000,-7021
="078610",0,100000,-100000,-150048
="078718",182000,317000,-135000,-163030
="078719",35000,0,35000,185898
="078720",117000,35000,82000,186088
="078721",558000,1257000,-699000,-2787509
="078723",0,1000,-1000,-1080
="078724",294000,2000,292000,253620
="078744",3000,0,3000,11100
="078813",10000,0,10000,84499
="078846",10000,0,10000,26700
="078848",2726000,2983000,-257000,-380166
="078849",12000,10000,2000,5902
="078850",0,2000,-2000,-4059
="078851",0,3000,-3000,-3449
="078853",30000,380000,-350000,-669977
="078854",314000,101000,213000,252766
="078855",51000,0,51000,289199
="078856",438000,303000,135000,692766
="078857",3000,0,3000,5729
="078885",20000,0,20000,33399
="078944",29000,164000,-135000,-314369
="078945",115000,34000,81000,82502
="078946",59000,58000,1000,-1302
="078947",103000,68000,35000,34711
="078949",12000,25000,-13000,-25319
="078975",0,2000,-2000,-2259
="079090",0,115000,-115000,-115848
="079091",371000,203000,168000,139077
="079205",0,1000,-1000,-1389
="079285",9000,7000,2000,4561
="079286",0,169000,-169000,-167460
="079287",50000,0,50000,39500
="079288",399000,53000,346000,731398
="079289",281000,11000,270000,337939
="079290",78000,187000,-109000,-151460
="079291",2000,42000,-40000,-66747
="079426",93000,77000,16000,18889
="079428",0,50000,-50000,-41499
="079429",23000,61000,-38000,-39754
="079430",27000,13000,14000,13036
="079432",0,2000,-2000,-939
="079433",1000,0,1000,829
="079434",0,70000,-70000,-53847
="079435",24000,47000,-23000,-42349
="079457",0,64000,-64000,-61099
="079583",10000,10000,0,300
="079584",21000,88000,-67000,-101319
="079585",0,6000,-6000,-19958
="079586",34000,0,34000,17000
="079626",0,20000,-20000,-61199
="079654",0,1000,-1000,-1909
="079680",0,380000,-380000,-1077698
="079727",72000,32000,40000,43499
="079728",264000,20000,244000,158700
="079729",41000,370000,-329000,-242119
="079730",557000,31000,526000,609275
="079732",20000,31000,-11000,-19570
="079733",7000,10000,-3000,-7470
="079734",70000,30000,40000,93800
="079735",56000,0,56000,158278
="079736",644000,384000,260000,213929
="079737",30000,17000,13000,12849
="079738",60000,1596000,-1536000,-1206184
="079740",1000,75000,-74000,-106544
="079741",126000,0,126000,203398
="079742",97000,124000,-27000,-41540
="079743",6000,360000,-354000,-208377
="079744",10000,0,10000,6788
="079745",311000,53000,258000,248171
="079868",148000,131000,17000,18340
="079870",52000,0,52000,33799
="079871",92000,269000,-177000,-123378
="079872",11000,0,11000,7699
="079873",45000,35000,10000,39770
="079928",50000,0,50000,44999
="079979",28000,15000,13000,5769
="079981",165000,73000,92000,254678
="079982",6000,100000,-94000,-61100
="079983",917000,61000,856000,783049
="079984",50000,81000,-31000,-41540
="079985",175000,26000,149000,192204
="08006P",0,20000,-20000,-1199
="080163",196000,574000,-378000,-359677
="080166",0,50000,-50000,-30000
="080167",108000,0,108000,81957
="080168",80000,86000,-6000,-4527
="080170",515000,59000,456000,201382
="080172",0,200000,-200000,-95999
="080173",30000,0,30000,11100
="080175",66000,16000,50000,78541
="080176",0,18000,-18000,-27488
="080177",54000,0,54000,39518
="080178",0,58000,-58000,-45416
="080182",20000,21000,-1000,-1230
="080183",20000,0,20000,8999
="080184",160000,0,160000,305259
="080185",4000,0,4000,8319
="080186",0,400000,-400000,-435000
="080187",5000,0,5000,7049
="080204",500000,0,500000,465000
="080205",20000,8000,12000,17001
="080248",0,30000,-30000,-92998
="080293",0,2000,-2000,-12899
="080316",0,549000,-549000,-225588
="080317",0,1098000,-1098000,-631848
="080343",20000,0,20000,14600
="080344",306000,339000,-33000,-39598
="080345",0,125000,-125000,-126649
="080346",20000,0,20000,13200
="080349",378000,224000,154000,193156
="080350",0,10000,-10000,-5899
="080351",10000,0,10000,8100
="080352",517000,523000,-6000,-32948
="080386",0,100000,-100000,-415000
="080506",0,100000,-100000,-97000
="080538",50000,0,50000,20999
="080540",14000,53000,-39000,-30177
="080541",33000,250000,-217000,-163081
="080543",3000,20000,-17000,-9319
="080544",0,90000,-90000,-32599
="080545",300000,261000,39000,53961
="080546",52000,22000,30000,23682
="080547",0,5000,-5000,-6549
="080593",0,2000,-2000,-959
="080594",6000,9000,-3000,-2068
="080595",91000,2000,89000,32001
="080596",15000,48000,-33000,-24148
="080597",20000,67000,-47000,-39198
="080598",132000,10000,122000,57221
="080599",0,50000,-50000,-21999
="080601",52000,152000,-100000,-52918
="080602",72000,27000,45000,87990
="080621",3500000,0,3500000,2329999
="080696",20000,0,20000,41818
="080728",10000,40000,-30000,-43460
="080826",600000,0,600000,219999
="080836",3000,0,3000,9239
="080857",0,19000,-19000,-11998
="080859",42000,16000,26000,15958
="080860",2000,0,2000,1340
="080861",110000,151000,-41000,-78998
="080862",130000,0,130000,80600
="080864",225000,130000,95000,87529
="080867",8000,128000,-120000,-170538
="080868",0,11000,-11000,-6299
="080870",0,3000,-3000,-1680
="080880",3000,0,3000,10230
="081016",245000,0,245000,109947
="081018",0,2000,-2000,-1000
="081019",14000,60000,-46000,-33650
="081020",266000,351000,-85000,-46297
="081021",1106000,481000,625000,174902
="081022",20000,6000,14000,17948
="081024",587000,415000,172000,245492
="081025",172000,0,172000,120399
="081026",0,4000,-4000,-1759
="081046",10000,0,10000,1899
="081195",10000,0,10000,5799
="081213",185000,0,185000,128758
="081214",26000,60000,-34000,-21521
="081216",93000,213000,-120000,-70419
="081217",310000,268000,42000,53463
="081218",216000,854000,-638000,-406739
="081219",0,70000,-70000,-41999
="081220",154000,30000,124000,154469
="081221",123000,138000,-15000,-17369
="081222",329000,256000,73000,46972
="081223",0,51000,-51000,-38418
="081224",201000,529000,-328000,-84451
="081225",43000,325000,-282000,-149576
="081226",354000,502000,-148000,-43718
="081227",25000,0,25000,10798
="081231",140000,30000,110000,34100
="081232",1000,0,1000,680
="081234",5000,157000,-152000,-214877
="081235",499000,120000,379000,219611
="081236",0,10000,-10000,-7500
="081270",0,50000,-50000,-35258
="081271",60000,12000,48000,21841
="081272",146000,44000,102000,86500
="081273",0,4000,-4000,-1499
="081276",15000,0,15000,12299
="081279",100000,150000,-50000,-21999
="081280",0,4000,-4000,-2828
="081282",440000,6000,434000,528915
="081283",150000,174000,-24000,-8880
="081285",107000,62000,45000,49408
="081286",0,27000,-27000,-10779
="081287",39000,29000,10000,15172
="081288",51000,20000,31000,25680
="081289",8000,0,8000,11287
="081408",2000,1000,1000,1710
="081428",6000,11000,-5000,-5918
="081429",20000,0,20000,12400
="081430",102000,20000,82000,38940
="081432",0,5000,-5000,-2199
="081434",60000,32000,28000,12521
="081435",0,61000,-61000,-41779
="081436",428000,874000,-446000,-406698
="081437",0,250000,-250000,-146297
="081438",126000,88000,38000,45463
="081439",41000,115000,-74000,-75479
="081440",60000,275000,-215000,-164993
="081441",0,110000,-110000,-58498
="081442",3000,0,3000,2760
="081443",295000,131000,164000,92300
="081444",10000,27000,-17000,-6178
="081446",56000,21000,35000,38089
="081447",2000,10000,-8000,-12067
="081448",31000,2000,29000,28318
="081449",20000,1000,19000,15190
="081450",0,1086000,-1086000,-819775
="081451",40000,87000,-47000,-42741
="081452",2000,0,2000,2629
="081562",0,20000,-20000,-61999
="081609",1000,0,1000,1830
="081692",0,130000,-130000,-622699
="081696",0,5000,-5000,-9900
="081708",45000,0,45000,33750
="081709",1441000,959000,482000,596844
="081710",58000,160000,-102000,-143718
="081711",3551000,3559000,-8000,75710
="081712",3610000,1880000,1730000,1903160
="081713",312000,33000,279000,252958
="081714",5000,119000,-114000,-95148
="081715",239000,157000,82000,125551
="081716",50000,0,50000,36269
="081717",118000,92000,26000,22001
="081718",20000,837000,-817000,-671844
="081719",27000,19000,8000,10019
="081720",0,143000,-143000,-124457
="081721",30000,32000,-2000,3071
="081722",17000,17000,0,-1051
="081723",1415000,776000,639000,707670
="081724",189000,0,189000,247767
="081725",335000,45000,290000,273259
="081726",108000,64000,44000,30031
="081727",260000,40000,220000,187599
="081841",0,499000,-499000,-738520
="081865",1000,0,1000,3559
="081930",110000,80000,30000,123800
="081944",0,30000,-30000,-13899
="081945",358000,123000,235000,248010
="081946",230000,66000,164000,430917
="081947",93000,136000,-43000,-66550
="081948",61000,38000,23000,30899
="081949",40000,0,40000,50998
="081950",344000,136000,208000,235891
="081951",13000,49000,-36000,-27586
="081952",407000,579000,-172000,-146949
="081953",277000,0,277000,174458
="081954",5000,0,5000,3218
="081955",2000,0,2000,1559
="081956",40000,0,40000,26400
="081957",0,6000,-6000,-3059
="081958",157000,1903000,-1746000,-1328029
="081959",148000,56000,92000,100179
="082000",5000,0,5000,6928
="082122",153000,30000,123000,87489
="082123",2000,0,2000,1569
="082124",170000,153000,17000,22612
="082127",202000,261000,-59000,-60008
="082128",61000,55000,6000,5231
="082129",20000,22000,-2000,-2750
="082130",3038000,7430000,-4392000,-5173380
="082131",78000,35000,43000,28130
="082132",479000,129000,350000,392401
="082133",144000,117000,27000,29452
="082134",50000,75000,-25000,-21472
="082135",58000,26000,32000,30820
="082136",25000,2000,23000,15330
="082137",121000,155000,-34000,-27420
="082138",141000,21000,120000,85408
="082139",1000,0,1000,740
="082140",26000,36000,-10000,-10860
="082141",2000,0,2000,1080
="082143",80000,4000,76000,31480
="082144",210000,708000,-498000,-631684
="082145",483000,20000,463000,264830
="082306",30000,0,30000,70198
="082314",50000,40000,10000,5901
="082315",313000,57000,256000,210080
="082318",82000,234000,-152000,-82429
="082319",3788000,636000,3152000,4227801
="082320",241000,177000,64000,96383
="082321",532000,553000,-21000,-48770
="082323",0,15000,-15000,-10900
="082325",50000,220000,-170000,-129898
="082326",105000,251000,-146000,-147768
="082327",92000,20000,72000,65919
="082328",11000,0,11000,8599
="082330",1070000,256000,814000,1103141
="082331",146000,20000,126000,96288
="082332",27000,0,27000,21787
="082333",85000,50000,35000,30369
="082334",60000,262000,-202000,-177550
="082335",84000,103000,-19000,-18081
="082336",50000,51000,-1000,-3179
="082337",76000,69000,7000,8744
="082338",3000,0,3000,2459
="082339",80000,0,80000,49120
="082340",197000,0,197000,102168
="082350",10000,0,10000,10599
="082395",0,405000,-405000,-453450
="082475",153000,50000,103000,74690
="082476",197000,62000,135000,195090
="082477",1000,194000,-193000,-191475
="082478",379000,29000,350000,257070
="082479",0,4000,-4000,-2960
="082480",0,70000,-70000,-44248
="082481",524000,2529000,-2005000,-1778463
="082482",1284000,1774000,-490000,-363857
="082483",521000,50000,471000,485909
="082484",0,10000,-10000,-8099
="082485",0,20000,-20000,-21400
="082486",143000,275000,-132000,-103998
="082487",1003000,880000,123000,152861
="082488",1074000,1698000,-624000,-646170
="082490",44000,30000,14000,11381
="082491",0,130000,-130000,-73398
="082492",3000,0,3000,2309
="082493",940000,660000,280000,357062
="082494",926000,372000,554000,798662
="082495",32000,208000,-176000,-167796
="082496",40000,60000,-20000,-9948
="082498",0,340000,-340000,-262708
="082499",127000,7000,120000,112558
="082501",102000,51000,51000,56581
="082503",66000,28000,38000,52521
="082558",495000,330000,165000,146405
="082560",2403000,3159000,-756000,-949321
="082561",51000,232000,-181000,-181931
="082562",200000,133000,67000,56942
="082563",558000,439000,119000,190268
="082564",588000,940000,-352000,-316799
="082567",80000,0,80000,38879
="082568",32000,5000,27000,21970
="082573",35000,69000,-34000,-21427
="082574",812000,313000,499000,656111
="082576",167000,124000,43000,63829
="082577",99000,91000,8000,10773
="082578",505000,251000,254000,294637
="082750",264000,58000,206000,177900
="082751",10000,0,10000,7500
="082754",494000,536000,-42000,-38579
="082755",53000,546000,-493000,-519787
="082756",110000,41000,69000,53783
="082757",9000,35000,-26000,-19559
="082760",1000,0,1000,689
="082761",270000,220000,50000,49398
="082762",10000,10000,0,500
="082763",25000,15000,10000,5950
="082764",0,7000,-7000,-3969
="082766",0,15000,-15000,-9749
="082768",1399000,692000,707000,884341
="082769",0,30000,-30000,-20200
="082770",95000,429000,-334000,-273306
="082771",0,153000,-153000,-106027
="082773",1000,115000,-114000,-84509
="082776",232000,10000,222000,225405
="082799",51000,0,51000,103529
="082863",50000,0,50000,23499
="082925",15000,1135000,-1120000,-555717
="082926",0,10000,-10000,-6800
="082929",0,450000,-450000,-306700
="082931",0,30000,-30000,-23399
="082933",15000,350000,-335000,-285021
="082934",10000,0,10000,5400
="082937",0,145000,-145000,-138946
="083197",0,5000,-5000,-3239
="083199",0,797000,-797000,-504728
="083202",0,12000,-12000,-7189
="083204",0,276000,-276000,-269748
="083205",0,3636000,-3636000,-2366307
="083206",0,80000,-80000,-75308
="083207",0,889000,-889000,-834487
="083211",0,722000,-722000,-577247
="083213",0,170000,-170000,-166299
="083215",0,20000,-20000,-14198
="083216",0,5000,-5000,-3100
="083218",0,210000,-210000,-171898
="08711P",10000,0,10000,199
="08748P",100000,0,100000,2999
="08974P",2000,0,2000,980
="1101",31500,535243,-503743,-20577036
="1102",80012,69000,11012,445396
="1108",1000,6000,-5000,-52601
="1201",2000,1000,1000,20901
="1210",6000,25000,-19000,-911950
="1215",0,1000,-1000,-71000
="1216",1662400,2000,1660400,109588061
="1217",1000,0,1000,8470
="1218",0,50000,-50000,-1387549
="1219",1,20000,-19999,-390980
="1220",6000,0,6000,69300
="1229",5050,1000,4050,164250
="1231",1000,0,1000,44900
="1301",262000,12000,250000,22936597
="1303",152000,16269,135731,9501716
="1304",45000,32000,13000,239301
="1305",0,3000,-3000,-72149
="1308",0,145000,-145000,-2740499
="1309",30,9000,-8970,-271865
="1310",34,100000,-99966,-1644436
="1312",19000,18000,1000,20899
="1313",1000,22000,-21000,-332597
="1314",25000,874000,-849000,-8307217
="1316",4000,1000,3000,35800
="1319",2000,162000,-160000,-5716296
="1325",109000,47000,62000,5856597
="1326",4000,655000,-651000,-53358394
="1336",1000,2000,-1000,-23200
="1337",2172,6000,-3828,-31444
="1340",241,0,241,2569
="1402",43000,120000,-77000,-2017952
="1409",10000,730000,-720000,-9189399
="1416",2370,0,2370,25791
="1417",1,0,1,10
="1434",3000,2000,1000,29749
="1435",0,553,-553,-15290
="1440",3000,15000,-12000,-154699
="1441",284,529,-245,-1930
="1444",18000,0,18000,201099
="1446",5000,0,5000,148999
="1447",12000,61000,-49000,-385629
="1451",2000,0,2000,32500
="1454",2249,15000,-12751,-104392
="1455",2000,0,2000,18540
="1457",5000,0,5000,70100
="1463",63,0,63,793
="1465",1000,0,1000,12800
="1466",2000,26000,-24000,-460649
="1476",4000,13000,-9000,-3626500
="1477",23000,32050,-9050,-1765450
="1504",100,1000,-900,-25455
="1506",0,400000,-400000,-3972000
="1513",29000,55000,-26000,-1176199
="1514",1,0,1,24
="1515",4000,7000,-3000,-225498
="1519",5000,1000,4000,175448
="1522",0,10000,-10000,-230000
="1524",10000,0,10000,108500
="1526",4000,0,4000,166000
="1527",2000,0,2000,83950
="1528",2000,0,2000,19819
="1530",0,6000,-6000,-190647
="1531",250,0,250,3000
="1532",0,100000,-100000,-3001199
="1533",76000,309000,-233000,-12700001
="1536",10000,174063,-164063,-19145776
="1539",0,28000,-28000,-504597
="1560",50000,2000,48000,3195298
="1568",46000,18000,28000,855801
="1586",1000,4000,-3000,-135699
="1587",9000,0,9000,207900
="1589",3000,1000,2000,149500
="1590",4000,0,4000,4540000
="1593",18000,1000,17000,1803000
="1597",565000,34000,531000,51985285
="1598",53000,2000,51000,5385000
="1605",31000,98000,-67000,-1132699
="1609",1001,13000,-11999,-214433
="1611",26000,5000,21000,284399
="1612",0,1000,-1000,-14949
="1701",0,1000,-1000,-22700
="1702",41000,0,41000,1820449
="1707",2000,2000,0,-7000
="1710",0,2000,-2000,-35200
="1714",8000,0,8000,74049
="1717",1000,90000,-89000,-2992400
="1718",27100,24000,3100,28351
="1720",28000,0,28000,1010698
="1722",2000,0,2000,103300
="1723",0,100,-100,-10150
="1727",128,0,128,1433
="1732",0,2000,-2000,-57500
="1733",1000,0,1000,22049
="1734",0,1000,-1000,-29600
="1736",1000,2000,-1000,-83599
="1737",10,5000,-4990,-160431
="1760",6000,5000,1000,81899
="1762",2000,0,2000,114000
="1773",2000,0,2000,203500
="1785",175100,32517,142583,6948934
="1789",11000,1000,10000,254851
="1799",1000,0,1000,15500
="1802",11000,26000,-15000,-259052
="1809",132,0,132,1491
="1903",3000,15000,-12000,-600601
="1904",14000,15000,-1000,-27099
="1905",84000,1000,83000,824108
="1907",1000,9000,-8000,-197500
="1909",84000,264000,-180000,-3496348
="2002",19313,126000,-106687,-2538044
="2006",47000,0,47000,1514650
="2007",2015,0,2015,14917
="2009",54000,44000,10000,236504
="2010",2000,0,2000,24000
="2012",0,5000,-5000,-88750
="2014",48000,247000,-199000,-2943001
="2015",10000,0,10000,638897
="2027",105000,76000,29000,736698
="2031",11000,0,11000,381446
="2032",4000,1000,3000,37849
="2034",14000,0,14000,348047
="2038",1000,0,1000,17149
="2049",164000,48000,116000,51104500
="2059",0,2,-2,-606
="2065",11000,0,11000,487798
="2067",1000,0,1000,9710
="2101",0,46000,-46000,-1745396
="2103",1000,0,1000,19700
="2104",12000,0,12000,276450
="2106",1000,0,1000,31500
="2107",2000,11000,-9000,-205499
="2108",64000,4000,60000,3653099
="2115",0,3000,-3000,-129399
="2201",146300,75000,71300,2961503
="2206",1000,5000,-4000,-129796
="2207",1000,0,1000,609000
="2208",100,19000,-18900,-460315
="2227",0,1000,-1000,-248500
="2228",5000,0,5000,391500
="2231",5100,64000,-58900,-11384400
="2233",2000,22000,-20000,-1669799
="2239",1000,5000,-4000,-407500
="2247",1000,1000,0,500
="2301",1000,0,1000,52099
="2302",0,2000,-2000,-40500
="2303",4205560,17736100,-13530540,-715970802
="2308",44517,527300,-482783,-142810418
="2312",139000,3204000,-3065000,-41306251
="2313",19000,483000,-464000,-19961246
="2314",80000,210000,-130000,-4608298
="2316",3001,5000,-1999,-62070
="2317",784270,1104200,-319930,-36874825
="2323",0,42000,-42000,-380457
="2324",79000,510000,-431000,-9154048
="2327",61200,151030,-89830,-53596890
="2328",309000,568100,-259100,-10815748
="2329",95000,125000,-30000,-493903
="2330",172519,655767,-483248,-309784939
="2331",88000,1343000,-1255000,-33531042
="2332",34000,4000,30000,753998
="2337",270000,479700,-209700,-8342762
="2338",6000,31000,-25000,-1062097
="2340",2000,16000,-14000,-327800
="2342",14000,9000,5000,188949
="2344",1124001,1526000,-401999,-10160720
="2345",4000,6000,-2000,-559500
="2348",3000,3000,0,-101
="2349",0,6000,-6000,-63500
="2351",149000,307000,-158000,-14274905
="2352",16000,283000,-267000,-7028248
="2353",184051,186001,-1950,-20027
="2354",96000,181000,-85000,-6216399
="2355",4000,68000,-64000,-2366749
="2356",3000,48326,-45326,-1054548
="2357",6282,46199,-39917,-11152241
="2359",62000,0,62000,1096449
="2360",2000,2000,0,9000
="2363",125495,2191000,-2065505,-37994010
="2365",1,0,1,11
="2367",1000,74000,-73000,-1519748
="2368",98000,329000,-231000,-12562200
="2369",138000,174000,-36000,-558398
="2371",28000,89000,-61000,-1582450
="2375",62000,382000,-320000,-30513198
="2376",9250,150000,-140750,-10828924
="2377",54000,16000,38000,4877500
="2379",78000,143000,-65000,-30610500
="2380",174,0,174,1442
="2382",29000,597000,-568000,-46129596
="2383",3000,13000,-10000,-1550000
="2387",151000,146000,5000,456499
="2388",6000,1000,5000,274200
="2392",7000,1000,6000,269249
="2393",95000,583000,-488000,-22041993
="2395",4000,9000,-5000,-1880500
="2399",1000,1000,0,401
="2401",1444001,2050000,-605999,-14498777
="2402",9000,9000,0,5149
="2404",204200,17000,187200,45023250
="2405",2000,0,2000,22200
="2406",102,26,76,1558
="2408",178000,47000,131000,11402700
="2409",400000,1770000,-1370000,-19167150
="2412",1000,0,1000,109000
="2413",3000,202000,-199000,-4654048
="2415",8000,18000,-10000,-325601
="2417",20000,19000,1000,67446
="2419",0,1000,-1000,-22299
="2421",0,19000,-19000,-976600
="2426",204000,1850000,-1646000,-32580997
="2428",2000,25000,-23000,-4223000
="2430",16,0,16,319
="2433",10000,33000,-23000,-1149001
="2436",35050,174000,-138950,-7044402
="2439",3000,9000,-6000,-804500
="2440",10000,0,10000,128000
="2441",442000,78000,364000,24354094
="2442",6000,5000,1000,10249
="2444",8000,0,8000,125350
="2449",795000,659000,136000,5326444
="2451",1000,0,1000,62900
="2454",73057,170160,-97103,-85469479
="2455",614000,100320,513680,59417340
="2456",35105,144120,-109015,-11402453
="2457",3000,0,3000,50200
="2458",263000,1085000,-822000,-138563500
="2460",26000,46000,-20000,-472149
="2461",0,2000,-2000,-33099
="2465",1,0,1,18
="2467",143000,9000,134000,5441099
="2471",247000,382000,-135000,-4207500
="2472",4000,72000,-68000,-4770299
="2474",29000,489000,-460000,-92800090
="2476",76000,50000,26000,594200
="2477",17000,0,17000,534149
="2478",13020,7000,6020,514248
="2480",1000,1000,0,699
="2481",54005,63000,-8995,-412641
="2482",1000,490,510,5332
="2484",1000,0,1000,23549
="2485",1030,0,1030,18333
="2486",1000,0,1000,17500
="2489",4000,0,4000,45249
="2491",326000,180074,145926,2265573
="2492",4000,63050,-59050,-13402450
="2495",0,1000,-1000,-12300
="2498",4050,41000,-36950,-1047746
="2501",2000,0,2000,38550
="2504",80001,160000,-79999,-1737871
="2505",9000,31000,-22000,-713299
="2511",280387,66000,214387,2349984
="2515",44050,227000,-182950,-1633358
="2516",3000,0,3000,14397
="2520",35001,5000,30001,990932
="2530",1,0,1,13
="2534",48,0,48,892
="2535",10000,2000,8000,207299
="2536",0,240000,-240000,-5297049
="2540",5000,0,5000,327598
="2542",19000,1000,18000,786799
="2546",2000,0,2000,94099
="2547",2001,0,2001,22211
="2601",0,12000,-12000,-116385
="2603",4735240,5531000,-795760,-25038433
="2605",8000,4000,4000,76252
="2606",2000,2000,0,749
="2607",4000,2000,2000,31600
="2608",1000,0,1000,41500
="2609",4014000,5937906,-1923906,-41098864
="2610",17200,7000,10200,102781
="2611",1000,0,1000,9350
="2614",1,0,1,17
="2615",453000,600000,-147000,-6445649
="2618",206000,80523,125477,1504971
="2633",35020,8000,27020,797336
="2634",2000,0,2000,54599
="2637",10400,999,9401,225532
="2643",4000,1000,3000,171201
="2705",1,0,1,19
="2707",1000,0,1000,128500
="2723",4000,12000,-8000,-1087000
="2727",3000,15000,-12000,-1514000
="2732",2000,0,2000,220500
="2736",1000,0,1000,12750
="2748",0,1000,-1000,-39500
="2754",1000,5000,-4000,-283901
="2801",24001,0,24001,413816
="2809",10000,10000,0,-5300
="2812",0,18000,-18000,-193500
="2820",5000,4000,1000,14800
="2823",204750,0,204750,4609135
="2834",5104,0,5104,47976
="2836",2000,0,2000,19430
="2849",7000,0,7000,97649
="2850",1000,0,1000,36950
="2851",4000,40000,-36000,-803999
="2855",24050,8223,15827,326345
="2880",32078,1000,31078,549691
="2881",18000,10000,8000,372248
="2881B",19000,0,19000,1182698
="2882",56000,65000,-9000,-372299
="2883",45034,42000,3034,28141
="2884",38000,10000,28000,690249
="2885",15000,113000,-98000,-2057547
="2886",222103,10000,212103,6112135
="2887",21000,132636,-111636,-1447219
="2887F",50000,0,50000,2569799
="2888",47000,107000,-60000,-500402
="2888B",0,2000,-2000,-84000
="2889",23460,14000,9460,124282
="2890",51000,0,51000,569798
="2891",713000,0,713000,13691697
="2892",17612,16000,1612,35613
="2897",876000,0,876000,5820557
="2905",2000,0,2000,40900
="2908",5000,0,5000,127500
="2911",1311,1000,311,1964
="2912",3000,3000,0,-9000
="2913",0,3000,-3000,-50250
="2915",0,4000,-4000,-273099
="2923",5000,0,5000,143500
="2929",0,2079,-2079,-26715
="2939",0,1000,-1000,-28299
="3002",12000,0,12000,134399
="3003",64000,52000,12000,690199
="3006",301000,965000,-664000,-41346597
="3008",1057,41000,-39943,-112170400
="3010",0,4000,-4000,-295400
="3011",95000,34000,61000,396642
="3013",3000,3000,0,600
="3014",6010,0,6010,461547
="3015",1000,0,1000,38000
="3016",88000,22000,66000,4874098
="3017",29000,387000,-358000,-25212393
="3018",4150,3780,370,4867
="3019",1000,1000,0,-301
="3022",20000,6000,14000,740800
="3023",35000,7000,28000,7272500
="3024",0,1000,-1000,-10050
="3026",8000,0,8000,916000
="3027",500,10000,-9500,-169352
="3028",0,5000,-5000,-111999
="3029",12000,11000,1000,41850
="3031",2000,16000,-14000,-227100
="3032",1000,0,1000,42099
="3033",3000,0,3000,54750
="3034",100100,45000,55100,22256750
="3035",1000,30000,-29000,-1495395
="3036",6000,0,6000,243248
="3037",157000,219500,-62500,-5851547
="3038",2000,4000,-2000,-35000
="3041",1002,1000,2,554
="3042",83010,219000,-135990,-11224840
="3044",14000,15000,-1000,-118000
="3045",103000,3000,100000,9814000
="3048",0,2000,-2000,-47400
="3054",1000,1000,0,150
="3055",2150,1900,250,4123
="3056",3000,0,3000,112799
="3057",1001,1000,1,-129
="3058",541000,969000,-428000,-6524950
="3060",103,0,103,1498
="3062",23000,3000,20000,403498
="3071",5000,6000,-1000,-23549
="3078",54000,12000,42000,1740551
="3081",2000,34000,-32000,-9413000
="3083",1000,6000,-5000,-295500
="3090",2000,10000,-8000,-395300
="3092",89000,134000,-45000,-3332099
="3094",99000,289005,-190005,-5552247
="3105",98010,124400,-26390,-11157510
="3114",4000,4000,0,-1799
="3128",15000,10000,5000,88200
="3131",18000,3000,15000,6229500
="3138",31000,2000,29000,6191500
="3141",0,2000,-2000,-80199
="3149",8000,6000,2000,64701
="3152",1000,26000,-25000,-11506000
="3163",6000,0,6000,283650
="3169",2001,2,1999,108945
="3178",3000,2000,1000,48101
="3189",128000,139000,-11000,-1042702
="3205",2000,0,2000,64700
="3206",4000,0,4000,136498
="3211",0,199,-199,-17611
="3217",30000,3000,27000,2917500
="3218",1000,3000,-2000,-482500
="3227",10000,81000,-71000,-13532000
="3228",7100,195000,-187900,-45403400
="3230",0,5000,-5000,-32000
="3231",17500,3000,14500,435898
="3234",2000,5000,-3000,-107900
="3236",2000,8000,-6000,-149198
="3252",1000,0,1000,16600
="3257",1000,3000,-2000,-148799
="3260",10000,83000,-73000,-5079596
="3264",36000,97000,-61000,-2524597
="3265",30000,0,30000,844998
="3268",4000,0,4000,63400
="3272",3000,3000,0,-2700
="3285",3000,3000,0,-1100
="3287",8000,0,8000,181100
="3289",0,1000,-1000,-56500
="3293",22050,16060,5990,4813400
="3296",1000,14000,-13000,-280099
="3305",4000,9000,-5000,-151299
="3311",1,0,1,33
="3317",1000,0,1000,48000
="3323",0,28000,-28000,-1293149
="3324",141000,296000,-155000,-36163000
="3338",0,6000,-6000,-366000
="3346",12000,3000,9000,438301
="3356",0,2000,-2000,-56200
="3360",4000,2000,2000,29950
="3363",1000,0,1000,24899
="3373",3000,0,3000,236099
="3374",87260,93450,-6190,-1394240
="3376",10000,3000,7000,892000
="3380",23000,42000,-19000,-675797
="3402",0,1000,-1000,-29250
="3406",6300,46000,-39700,-18053000
="3413",226000,29000,197000,45787500
="3419",0,2000,-2000,-39299
="3437",228000,198000,30000,1248340
="3438",0,2000,-2000,-96699
="3443",36103,66000,-29897,-12255696
="3450",15,7000,-6985,-449840
="3455",1000,0,1000,52200
="3466",3050,3460,-410,-5416
="3479",3000,0,3000,154799
="3481",373000,2487000,-2114000,-28340499
="3483",1000,5000,-4000,-316499
="3484",89000,1000,88000,5606196
="3490",3000,0,3000,88599
="3491",1001,2000,-999,-82624
="3492",3000,100000,-97000,-1736747
="3498",0,1000,-1000,-41200
="3504",5000,0,5000,279399
="3508",2000,0,2000,44000
="3515",16000,3000,13000,1981000
="3516",10000,0,10000,135000
="3522",1000,0,1000,11149
="3526",2000,1000,1000,90000
="3527",33000,59000,-26000,-2778000
="3529",4000,16000,-12000,-8042000
="3530",24000,22000,2000,278000
="3532",0,5000,-5000,-715500
="3533",24000,19000,5000,2789000
="3537",1000,0,1000,34150
="3540",5000,2000,3000,181099
="3543",3000,0,3000,91949
="3545",64050,198000,-133950,-13408169
="3546",8000,2000,6000,630500
="3548",1000,0,1000,71099
="3551",1000,0,1000,49950
="3552",28000,57000,-29000,-7353000
="3556",1018,0,1018,57738
="3563",0,15000,-15000,-4189500
="3576",23000,13000,10000,128151
="3580",11000,0,11000,564599
="3581",54000,213000,-159000,-4282949
="3583",1000,12000,-11000,-705798
="3587",7000,6000,1000,89798
="3588",9000,2000,7000,439099
="3591",6000,16000,-10000,-196501
="3594",5100,0,5100,122485
="3596",4000,0,4000,365700
="3605",3234,9000,-5766,-245425
="3611",1000,0,1000,198000
="3617",0,1000,-1000,-81099
="3622",15000,10000,5000,185497
="3624",1000,0,1000,28799
="3625",0,8000,-8000,-157199
="3628",15,0,15,560
="3630",0,8000,-8000,-393200
="3653",1000,6000,-5000,-1538500
="3661",8100,47000,-38900,-33351500
="3663",6000,0,6000,120600
="3665",15000,17000,-2000,-504500
="3666",10000,23000,-13000,-759599
="3669",3000,0,3000,201900
="3673",2000,20200,-18200,-795167
="3675",3000,0,3000,207000
="3680",186000,145000,41000,12596000
="3682",0,151000,-151000,-1452839
="3685",9000,0,9000,285300
="3686",1,0,1,17
="3689",0,2000,-2000,-58399
="3691",1000,52002,-51002,-10900442
="3694",0,8000,-8000,-223350
="3702",31000,22000,9000,396351
="3703",75100,10000,65100,1250228
="3704",116000,94000,22000,800149
="3705",5000,0,5000,215000
="3706",2000,32000,-30000,-877348
="3707",179000,357000,-178000,-9147805
="3709",1000,0,1000,21600
="3710",0,443000,-443000,-4357462
="3711",309100,779842,-470742,-50351811
="3712",0,1000,-1000,-26049
="3714",1160100,271100,889000,77756621
="4102",1000,0,1000,25500
="4104",2000,0,2000,110299
="4105",5000,5000,0,1399
="4106",0,1000,-1000,-27649
="4108",0,3000,-3000,-72999
="4109",1,0,1,18
="4113",0,15000,-15000,-194249
="4114",4000,8000,-4000,-94701
="4119",4000,3000,1000,97399
="4121",0,1000,-1000,-19600
="4123",4000,21000,-17000,-1094700
="4128",3000,1000,2000,118799
="4130",20000,0,20000,535999
="4133",13090,18000,-4910,-271747
="4141",131,0,131,1499
="4142",130000,14200,115800,6050761
="4147",1000,0,1000,76099
="4148",1000,0,1000,35750
="4157",4000,3000,1000,20651
="4160",1100,1000,100,2272
="4162",0,60000,-60000,-3030893
="4164",15,0,15,554
="4167",20000,0,20000,585000
="4171",3000,0,3000,391500
="4306",3000,0,3000,43298
="4420",1000,497,503,12166
="4438",1000,0,1000,104500
="4528",79000,40000,39000,2343900
="4529",0,3000,-3000,-31199
="4533",2000,0,2000,22399
="4534",63,0,63,549
="4540",1000,0,1000,53500
="4551",0,218000,-218000,-37089000
="4562",0,1000,-1000,-19600
="4563",1000,0,1000,32000
="4566",0,13000,-13000,-785000
="4568",1000,0,1000,67099
="4571",5000,0,5000,443600
="4707",20000,0,20000,221000
="4714",0,13000,-13000,-152750
="4735",2000,0,2000,177800
="4736",0,20000,-20000,-3449500
="4739",2000,0,2000,124499
="4743",8200,5005,3195,658363
="4744",0,3000,-3000,-86699
="4755",1000,0,1000,61200
="4760",37000,87000,-50000,-5831500
="4803",0,1000,-1000,-36200
="4904",2000,0,2000,121599
="4906",356000,105000,251000,7203399
="4908",1000,0,1000,27649
="4909",21000,220000,-199000,-4637000
="4912",16000,51000,-35000,-4583000
="4915",62000,28000,34000,1800701
="4919",16000,23100,-7100,-328805
="4924",0,85000,-85000,-1523846
="4927",8000,7000,1000,62801
="4933",2000,5000,-3000,-116401
="4934",20000,1000,19000,515497
="4935",0,8000,-8000,-841000
="4938",221202,1497100,-1275898,-97079187
="4943",1808,77000,-75192,-5869321
="4953",0,3000,-3000,-279199
="4956",258000,270000,-12000,-71097
="4958",12000,31000,-19000,-2185500
="4960",18000,4000,14000,150851
="4961",167000,142000,25000,3450000
="4966",32000,46000,-14000,-18635000
="4967",4000,63000,-59000,-2778400
="4968",83000,121000,-38000,-20666000
="4971",2000,0,2000,104599
="4972",1000,990,10,84
="4973",0,1000,-1000,-24600
="4976",59000,51000,8000,838899
="4979",3000,0,3000,70448
="4989",0,10000,-10000,-224500
="4991",3000,0,3000,154198
="4999",1000,1000,0,699
="5009",0,1000,-1000,-15449
="5011",1000,4000,-3000,-112901
="5014",160000,0,160000,2134747
="5202",0,11000,-11000,-237099
="5203",15000,1000,14000,1472500
="5213",10000,0,10000,163999
="5220",0,1000,-1000,-37700
="5227",2100,13000,-10900,-164823
="5234",0,10000,-10000,-831898
="5243",69000,69000,0,52598
="5258",1000,0,1000,21700
="5269",1010,4000,-2990,-5267850
="5272",0,2000,-2000,-41700
="5274",2000,1000,1000,1965000
="5278",0,330,-330,-45870
="5281",0,4000,-4000,-94400
="5285",43000,36000,7000,567196
="5288",0,10000,-10000,-1115500
="5289",0,2000,-2000,-320500
="5291",0,2000,-2000,-46799
="5299",4000,6000,-2000,-239500
="5306",15000,8000,7000,1425000
="5309",0,8000,-8000,-280099
="5328",4000,4000,0,200
="5345",1000,0,1000,7050
="5347",113000,134000,-21000,-2322000
="5351",1002,0,1002,21591
="5356",1,0,1,26
="5371",212000,4000,208000,7898050
="5383",14000,0,14000,278000
="5386",50000,8000,42000,2513999
="5392",40,0,40,1021
="5425",39000,59000,-20000,-1039299
="5434",4000,26000,-22000,-2637500
="5439",4000,132000,-128000,-6651896
="5443",18000,14000,4000,185145
="5450",1000,0,1000,16049
="5452",0,10000,-10000,-111000
="5457",40000,106000,-66000,-6170396
="5464",1000,170000,-169000,-2322995
="5469",4760,2000,2760,115177
="5471",25000,43000,-18000,-1152300
="5478",9000,13000,-4000,-397000
="5483",33030,110000,-76970,-12221215
="5484",8000,0,8000,114800
="5488",30000,19000,11000,73999
="5498",4000,0,4000,63598
="5512",1,0,1,9
="5521",14000,0,14000,131459
="5522",380,0,380,20063
="5523",0,31000,-31000,-573450
="5607",21,0,21,544
="5608",1,12000,-11999,-119460
="5609",0,6050,-6050,-336919
="5820",1000,5000,-4000,-48699
="5864",14000,2000,12000,170749
="5871",0,10000,-10000,-1685000
="5876",44000,0,44000,1726148
="5880",54000,1000,53000,1041949
="5902",5000,0,5000,87500
="5905",20000,0,20000,197298
="5907",6000,6000,0,900
="6015",20000,21000,-1000,-12503
="6016",164000,15000,149000,2137747
="6020",0,4000,-4000,-71800
="6024",100,0,100,3820
="6026",0,2000,-2000,-21200
="6104",11000,17000,-6000,-424602
="6108",18000,17000,1000,29200
="6112",6000,0,6000,264499
="6116",300150,613000,-312850,-3879743
="6120",6000,0,6000,77047
="6121",1000,0,1000,362500
="6125",16000,102000,-86000,-2094798
="6126",14000,6000,8000,190701
="6127",10000,13000,-3000,-77200
="6128",0,260,-260,-6939
="6129",43000,242000,-199000,-3336500
="6134",20000,129000,-109000,-2060349
="6138",1000,0,1000,82300
="6139",3000,9000,-6000,-185851
="6141",12000,0,12000,356999
="6143",3000,0,3000,116099
="6146",0,1000,-1000,-256500
="6147",117000,99200,17800,1502580
="6150",26182,52000,-25818,-2493076
="6151",13000,0,13000,300949
="6153",26051,65000,-38949,-1361852
="6154",100,0,100,1294
="6155",5000,2000,3000,77450
="6156",1,1000,-999,-20430
="6158",6001,0,6001,189632
="6164",40000,40000,0,34697
="6165",2000,0,2000,77098
="6167",0,10000,-10000,-77899
="6168",345000,98000,247000,4663647
="6173",1000,33000,-32000,-2024098
="6175",1000,20000,-19000,-653948
="6176",45040,43000,2040,263300
="6179",0,130,-130,-4186
="6180",92000,1000,91000,5917698
="6182",104000,727000,-623000,-25199997
="6185",100,0,100,1289
="6187",87000,56100,30900,3723200
="6188",318000,16000,302000,11865996
="6189",6000,0,6000,209947
="6191",6000,90000,-84000,-2156548
="6194",0,1000,-1000,-30850
="6196",33000,34000,-1000,-119500
="6197",2000,0,2000,74599
="6202",100,0,100,7169
="6203",0,1000,-1000,-77199
="6205",2000,0,2000,82300
="6207",0,3000,-3000,-84000
="6208",40000,89000,-49000,-2053152
="6209",5000,2000,3000,103000
="6213",9030,31000,-21970,-3018240
="6214",7000,0,7000,600897
="6217",33000,82000,-49000,-2029301
="6218",0,1000,-1000,-19350
="6223",215015,379000,-163985,-21164120
="6224",16000,117000,-101000,-10353500
="6226",4000,0,4000,41300
="6227",13000,0,13000,338000
="6228",0,1000,-1000,-9430
="6229",11000,1000,10000,299398
="6230",0,8000,-8000,-1758000
="6231",0,1000,-1000,-93199
="6233",131000,113000,18000,665298
="6235",10000,0,10000,201499
="6237",310000,222000,88000,8902995
="6239",9000,4050,4950,489425
="6243",11001,226000,-214999,-3755928
="6244",13001,9000,4001,140633
="6245",5000,3000,2000,127999
="6247",57,0,57,558
="6251",17114,144000,-126886,-2503269
="6257",636100,92000,544100,26306944
="6261",20000,4000,16000,1017395
="6265",6000,0,6000,47760
="6269",3305,833100,-829795,-95041773
="6271",42100,510639,-468539,-105255302
="6274",1000,6000,-5000,-562000
="6275",8000,0,8000,191600
="6278",11300,79000,-67700,-8309800
="6279",159000,286080,-127080,-14177600
="6282",9000,20000,-11000,-312498
="6283",6000,9000,-3000,-126501
="6284",4000,23000,-19000,-1418998
="6285",0,134100,-134100,-10151576
="6288",30000,0,30000,990000
="6290",10000,0,10000,510000
="6294",474,0,474,57828
="6411",0,1000,-1000,-104500
="6414",15000,59000,-44000,-12010500
="6415",1002,5001,-3999,-10622430
="6416",0,4000,-4000,-497500
="6417",2000,1000,1000,73300
="6426",1000,6000,-5000,-503100
="6435",4000,5000,-1000,-141500
="6438",9000,2000,7000,617999
="6441",9000,8000,1000,125500
="6443",70000,51000,19000,661097
="6446",0,11000,-11000,-1006900
="6449",2000,0,2000,110099
="6451",100,6000,-5900,-786400
="6456",50000,76000,-26000,-3061500
="6457",0,9000,-9000,-842299
="6462",0,5000,-5000,-816000
="6470",2000,0,2000,102700
="6472",1000,0,1000,158000
="6477",4000,3000,1000,57501
="6485",1000,1000,0,300
="6488",4026,51000,-46974,-30639946
="6491",5000,1000,4000,948000
="6492",1000,1000,0,4500
="6494",0,2000,-2000,-114000
="6496",3100,1900,1200,32929
="6504",81000,12150,68850,12971750
="6505",5000,1000,4000,384298
="6509",0,32000,-32000,-780448
="6510",3000,2000,1000,878000
="6514",5000,0,5000,239899
="6515",6000,2000,4000,1923000
="6516",0,5000,-5000,-392398
="6531",57000,119000,-62000,-38554000
="6532",4000,4000,0,-4799
="6533",37000,19000,18000,6359000
="6535",1000,1000,0,299
="6538",2000,4000,-2000,-342500
="6547",26000,10004,15996,1718086
="6548",92000,138216,-46216,-2795564
="6552",3170,73000,-69830,-4214784
="6558",2000,0,2000,90500
="6560",0,6000,-6000,-459599
="6573",5000,0,5000,78899
="6582",3000,1000,2000,290000
="6589",0,3000,-3000,-121600
="6591",0,7000,-7000,-426199
="6592",1000,0,1000,80699
="6593",1000,0,1000,25799
="6594",2000,0,2000,54200
="6598",0,3000,-3000,-159799
="6603",13000,6000,7000,93398
="6605",1197,3197,-2000,-118215
="6640",2000,1000,1000,67801
="6643",2000,0,2000,708000
="6664",2000,0,2000,128199
="6668",1000,2000,-1000,-58300
="6669",8000,15400,-7400,-6209800
="6670",0,1000,-1000,-163500
="6679",1200,10000,-8800,-2281200
="6683",7000,2000,5000,1737500
="6703",1000,0,1000,106000
="6706",9000,17000,-8000,-1270000
="6712",0,20000,-20000,-4979500
="6715",4000,1000,3000,365000
="6728",0,6000,-6000,-339000
="6732",2053,0,2053,1567655
="6743",1000,1000,0,500
="6747",26000,0,26000,3971500
="6756",8000,15000,-7000,-1976000
="6803",0,1000,-1000,-217000
="711517",10000,0,10000,10399
="711562",0,55000,-55000,-5599
="711701",1000,0,1000,129
="711905",1000,0,1000,4389
="712017",1000,3000,-2000,-2150
="712148",127000,2000,125000,69388
="712326",98000,70000,28000,16839
="712370",209000,0,209000,140330
="712372",91000,0,91000,61880
="712373",0,1000,-1000,-460
="712403",158000,0,158000,126987
="712504",10000,0,10000,13899
="712605",6000,26000,-20000,-11599
="712607",16000,0,16000,1120
="712612",20000,120000,-100000,-52200
="712615",1000,0,1000,759
="712628",10000,0,10000,1800
="712630",310000,0,310000,89199
="712633",17000,240000,-223000,-124690
="712916",355000,381000,-26000,-11212
="712920",28000,153000,-125000,-63957
="712922",26000,27000,-1000,-6051
="712923",5000,5000,0,-329
="712980",29000,1000,28000,35460
="712981",95000,75000,20000,19299
="712982",15000,0,15000,8250
="713036",28000,0,28000,63000
="713037",194000,0,194000,96518
="713040",2000,0,2000,3859
="713042",28000,139000,-111000,-63667
="713074",10000,10000,0,99
="713085",2000,132000,-130000,-70220
="713182",150000,15000,135000,51901
="713183",226000,143000,83000,79893
="713184",70000,300000,-230000,-96301
="713226",10000,0,10000,14099
="713241",0,30000,-30000,-5699
="713323",593000,20000,573000,232349
="713324",20000,0,20000,799
="713325",0,1000,-1000,-2109
="713327",459000,407000,52000,30311
="713352",5000,12000,-7000,-1769
="713353",155000,0,155000,24799
="713386",0,50000,-50000,-40700
="713388",0,12000,-12000,-3310
="713404",0,40000,-40000,-49200
="713419",30000,0,30000,35000
="713514",129000,223000,-94000,-18579
="713545",50000,102000,-52000,-10697
="713587",0,30000,-30000,-6799
="713647",0,1000,-1000,-300
="713649",0,6000,-6000,-9470
="713651",387000,0,387000,418950
="713653",2000,2000,0,-21
="713654",30000,50000,-20000,-3100
="713675",924000,3029000,-2105000,-662691
="713677",36000,0,36000,719
="713821",67000,0,67000,80329
="713833",20000,0,20000,42640
="713888",0,100000,-100000,-5000
="713953",0,10000,-10000,-1199
="713979",13000,4000,9000,23510
="714011",2000,0,2000,500
="714030",0,2000,-2000,-1240
="714033",175000,27000,148000,47552
="714034",10000,2000,8000,3840
="714153",20000,0,20000,26900
="714154",130000,250000,-120000,-13101
="714155",252000,0,252000,274999
="714212",27000,0,27000,104959
="714213",22000,0,22000,104399
="714214",0,2000,-2000,-6440
="714236",40000,48000,-8000,-15639
="714237",5000,20000,-15000,-25850
="714238",0,50000,-50000,-34000
="714254",0,101000,-101000,-37178
="714272",300000,134000,166000,65392
="714320",2000,0,2000,1440
="714431",70000,0,70000,43400
="714489",10000,0,10000,6200
="714513",0,2000,-2000,-1208
="714514",84000,0,84000,82010
="714516",10000,244000,-234000,-96140
="714517",16000,50000,-34000,-58430
="714518",539000,182000,357000,267957
="714621",30000,0,30000,100799
="714622",646000,0,646000,927538
="714623",0,2000,-2000,-699
="714647",10000,0,10000,46500
="714685",70000,280000,-210000,-98100
="714712",91000,155000,-64000,-96028
="714713",6000,0,6000,9720
="714714",0,250000,-250000,-91999
="714741",20000,22000,-2000,-1521
="714755",20000,0,20000,42800
="714795",50000,0,50000,41999
="714858",29000,22000,7000,4399
="714859",6000,0,6000,3059
="714860",19000,40000,-21000,-20031
="714887",5000,20000,-15000,-4349
="714889",39000,116000,-77000,-30229
="714995",20000,10000,10000,5700
="715011",0,8000,-8000,-3920
="715012",40000,0,40000,32400
="715013",10000,0,10000,4399
="715067",20000,0,20000,34400
="715069",42000,0,42000,68419
="715070",12000,25000,-13000,-15720
="715072",118000,36000,82000,92479
="715073",0,7000,-7000,-40699
="715115",125000,0,125000,62450
="715118",119000,0,119000,68717
="715158",10000,0,10000,2099
="715159",131000,307000,-176000,-114339
="715163",180000,104000,76000,253361
="715181",103000,114000,-11000,-47490
="715239",141000,70000,71000,112077
="715240",0,75000,-75000,-16348
="715250",0,25000,-25000,-28749
="715285",13000,0,13000,12870
="715287",0,1000,-1000,-1000
="715356",0,1000,-1000,-1539
="715417",0,1000,-1000,-2279
="715478",42000,0,42000,28560
="715519",5000,0,5000,3600
="715520",2000,100000,-98000,-82279
="715548",0,100000,-100000,-62000
="715550",58000,0,58000,38240
="715553",39000,25000,14000,10829
="715609",48000,0,48000,71520
="715657",233000,178000,55000,68352
="715659",341000,0,341000,193988
="715661",197000,20000,177000,308099
="715662",59000,177000,-118000,-196159
="715673",2000,0,2000,2519
="715692",571000,350000,221000,166859
="715693",29000,4000,25000,51272
="715694",200000,5000,195000,363000
="715743",64000,20000,44000,86349
="715780",15000,0,15000,12150
="715813",69000,37000,32000,63972
="715814",30000,0,30000,14099
="715815",78000,0,78000,147998
="715855",2000,0,2000,600
="715901",3000,0,3000,3418
="715902",31000,0,31000,25729
="715935",197000,146000,51000,75509
="715972",10000,0,10000,29700
="716009",0,50000,-50000,-34499
="716032",1000,0,1000,980
="716033",20000,0,20000,15599
="716035",5000,10000,-5000,-13151
="716036",70000,0,70000,90999
="716037",9000,45000,-36000,-57558
="716110",20000,0,20000,25898
="716111",0,18000,-18000,-21979
="716112",48000,63000,-15000,-22148
="716137",207000,0,207000,171249
="716171",0,50000,-50000,-30500
="716188",70000,20000,50000,57098
="716295",37000,0,37000,64400
="716296",101000,7000,94000,159871
="716297",112000,27000,85000,137439
="716298",1000,0,1000,1129
="716299",62000,0,62000,68080
="716358",0,60000,-60000,-62999
="716368",4000,43000,-39000,-52690
="716369",15000,22000,-7000,-9601
="716370",111000,158000,-47000,-67888
="716432",3000,0,3000,2699
="716433",17000,0,17000,17598
="716592",50000,0,50000,48500
="716593",11000,0,11000,10619
="716595",9000,40000,-31000,-44659
="716596",21000,22000,-1000,-2599
="716668",70000,60000,10000,54102
="716677",4000,50000,-46000,-51698
="716678",1000,0,1000,1039
="716816",729000,491000,238000,207552
="716837",63000,0,63000,86037
="716838",75000,1000,74000,59260
="716855",150000,0,150000,322999
="716878",225000,0,225000,336998
="716905",20000,10000,10000,5999
="716906",43000,0,43000,28810
="716907",323000,1128000,-805000,-886058
="716908",110000,651000,-541000,-541528
="716955",0,110000,-110000,-79099
="716956",328000,1016000,-688000,-693578
="716957",0,20000,-20000,-12499
="716958",236000,239000,-3000,-1340
="716989",30000,0,30000,49998
="716998",30000,20000,10000,5100
="716999",60000,21000,39000,37150
="717086",118000,43000,75000,79371
="717087",5000,0,5000,7500
="717088",5000,0,5000,6750
="717102",80000,100000,-20000,-12601
="717103",60000,170000,-110000,-126899
="717159",90000,158000,-68000,-167070
="717192",0,18000,-18000,-151199
="717203",56000,0,56000,84948
="717205",5000,0,5000,12450
="717206",1000,0,1000,519
="717208",56000,3000,53000,69578
="717209",1000,0,1000,1440
="717305",345000,0,345000,410299
="717307",10000,0,10000,4499
="717308",57000,0,57000,33899
="717333",10000,0,10000,20999
="717353",4000,340000,-336000,-411781
="717355",0,110000,-110000,-81400
="717356",343000,799000,-456000,-277402
="717358",10000,20000,-10000,-6799
="717359",313000,35000,278000,194431
="717363",0,20000,-20000,-17600
="717417",0,1000,-1000,-939
="717459",167000,0,167000,137549
="717466",10000,0,10000,9800
="717468",127000,1613000,-1486000,-931470
="717469",0,148000,-148000,-138069
="717475",80000,0,80000,110098
="717476",20000,0,20000,30599
="717488",30000,0,30000,24599
="717509",94000,61000,33000,39040
="717513",10000,0,10000,7900
="717515",71000,0,71000,55238
="717517",0,5000,-5000,-4449
="717518",328000,369000,-41000,-32022
="717519",138000,0,138000,88938
="717522",391000,217000,174000,125470
="717523",106000,15000,91000,104959
="717525",165000,79000,86000,154935
="717526",14000,118000,-104000,-164299
="717566",0,3000,-3000,-1620
="717602",100000,0,100000,60000
="717605",44000,40000,4000,2940
="717606",10000,0,10000,5500
="717609",117000,61000,56000,78630
="717635",190000,141000,49000,48602
="717636",2000,7000,-5000,-3050
="717639",140000,927000,-787000,-862832
="717685",106000,21000,85000,69948
="717686",60000,0,60000,35399
="717688",33000,0,33000,28050
="717689",32000,1000,31000,46731
="717735",910000,1705000,-795000,-625399
="717738",0,50000,-50000,-34999
="717739",66000,156000,-90000,-141298
="717742",192000,134000,58000,41867
="717775",0,15000,-15000,-13499
="717778",0,98000,-98000,-59409
="717779",11000,638000,-627000,-674894
="717815",0,10000,-10000,-6700
="717816",0,10000,-10000,-7799
="717818",22000,560000,-538000,-583960
="717819",0,268000,-268000,-177225
="717862",0,17000,-17000,-14439
="73630P",200000,0,200000,95999
="73650P",100000,0,100000,55000
="73653P",120000,893000,-773000,-586350
="73655P",13000,40000,-27000,-14621
="73686P",10000,20000,-10000,-12700
="73692P",45000,17000,28000,52990
="73700P",20000,0,20000,5400
="73729P",0,75000,-75000,-100209
="73740P",0,46000,-46000,-55980
="73755P",0,14000,-14000,-15579
="73759P",0,20000,-20000,-35000
="73793P",80000,0,80000,36800
="73796P",109000,0,109000,50629
="73799P",45000,128000,-83000,-48157
="73803P",377000,460000,-83000,-86708
="73805P",221000,463000,-242000,-191669
="73809P",2000,42000,-40000,-43960
="8011",1000,1000,0,150
="8016",79100,22000,57100,9819367
="8021",5000,5000,0,2301
="8024",63000,288000,-225000,-3942546
="8027",1000,11000,-10000,-853798
="8028",12000,33000,-21000,-1135500
="8033",42000,672000,-630000,-10409049
="8034",0,3000,-3000,-57050
="8038",1000,0,1000,35200
="8040",21000,0,21000,463049
="8042",0,1000,-1000,-42400
="8043",0,1000,-1000,-29600
="8044",3000,21000,-18000,-1566396
="8046",17000,83000,-66000,-14322000
="8049",6000,5000,1000,20998
="8050",1000,0,1000,36500
="8054",3000,0,3000,67049
="8068",1000,0,1000,24750
="8069",0,46000,-46000,-2017698
="8070",51000,151000,-100000,-3292249
="8074",0,2000,-2000,-35099
="8076",2000,4200,-2200,-64621
="8080",2,0,2,21
="8081",15000,41000,-26000,-4598000
="8084",242000,0,242000,22405397
="8085",6000,4000,2000,15421
="8086",50000,293000,-243000,-35850500
="8088",20000,48000,-28000,-815199
="8091",0,1000,-1000,-68699
="8096",0,1000,-1000,-14000
="8099",0,100,-100,-2550
="8103",0,1000,-1000,-34099
="8105",30000,26000,4000,58197
="8112",1000,6000,-5000,-179649
="8114",1000,0,1000,79300
="8121",4000,217000,-213000,-3948748
="8150",64000,92100,-28100,-951068
="8155",0,50120,-50120,-5565440
="8163",1000,4000,-3000,-125800
="8213",2000,362000,-360000,-16807098
="8215",2000,58000,-56000,-1508600
="8222",1000,1000,0,-150
="8240",2000,11000,-9000,-286850
="8249",2000,0,2000,38000
="8255",5,2000,-1995,-233405
="8261",12000,3000,9000,462397
="8271",2000,0,2000,79000
="8277",2000,0,2000,22549
="8299",2324,23000,-20676,-7881516
="8349",0,5000,-5000,-352798
="8358",12000,97000,-85000,-3969296
="8367",0,1000,-1000,-27399
="8383",0,4000,-4000,-156200
="8390",5000,0,5000,145500
="8406",5000,30000,-25000,-3277000
="8421",2155,1990,165,1216
="8436",2003,18000,-15997,-3051920
="8440",0,2000,-2000,-30700
="8443",0,1000,-1000,-11100
="8464",8000,7000,1000,383500
="8482",1000,0,1000,90400
="8488",0,5000,-5000,-70749
="8489",1000,0,1000,48000
="8916",3000,0,3000,115400
="8924",0,5000,-5000,-288999
="8926",31000,0,31000,1150048
="8927",9000,0,9000,157349
="8929",1348,1200,148,2901
="8930",0,5000,-5000,-66099
="8933",100,0,100,1100
="8936",1000,0,1000,23299
="8937",0,4000,-4000,-63599
="8940",244,0,244,2493
="8996",36000,0,36000,1918198
="9103",1037000,1621000,-584000,-16515598
="910322",1000,0,1000,23549
="9105",9387,5000,4387,16816
="9110",2000,0,2000,5260
="911608",2000,10000,-8000,-29440
="911616",2000,0,2000,3778
="911868",0,1000,-1000,-1399
="912398",1000,990,10,-35
="9802",1000,0,1000,105000
="9902",526,5000,-4474,-45528
="9904",33000,1864000,-1831000,-51965344
="9907",2140,0,2140,22690
="9914",138000,38000,100000,27199500
="9919",116000,42000,74000,2656605
="9921",1000,10000,-9000,-2554500
="9924",6000,0,6000,261000
="9933",2000,0,2000,71599
="9938",48000,38000,10000,835797
="9941",1000,0,1000,101000
="9945",15000,20000,-5000,-198802
="9951",1000,3000,-2000,-185200
="9955",29,31000,-30971,-558244
="9958",117000,132000,-15000,-1517000
="9960",0,3000,-3000,-93300
