="0050",58210,25939,32271
="0052",2025,0,2025
="0056",6000,24220,-18220
="0061",0,10000,-10000
="006205",0,10000,-10000
="006206",0,5000,-5000
="006208",250578,250000,578
="00632R",371000,3991000,-3620000
="00633L",110000,12000,98000
="00635U",22000,0,22000
="00636",0,1000,-1000
="00637L",10151000,4422000,5729000
="00638R",550000,0,550000
="00642U",60000,119000,-59000
="00645",0,1000,-1000
="00646",100,5000,-4900
="00652",0,2000,-2000
="00653L",3000,0,3000
="00655L",0,6000,-6000
="00664R",50000,550000,-500000
="00670L",0,2000,-2000
="00671R",9000,2000,7000
="00674R",0,10000,-10000
="00677U",346000,699000,-353000
="00682U",0,2000,-2000
="00683L",12000,167000,-155000
="00687B",50000,50000,0
="00688L",50000,50000,0
="00689R",50000,50000,0
="00692",2000,0,2000
="00693U",227000,2000,225000
="00694B",50000,50000,0
="00695B",50000,50000,0
="00697B",50000,50000,0
="00701",0,112000,-112000
="00703",1000,0,1000
="00708L",38000,44000,-6000
="00714",100000,100000,0
="00715L",38000,14000,24000
="00717",8000,0,8000
="00718B",100000,100000,0
="00720B",50000,50000,0
="00721B",50000,50000,0
="00722B",50000,51000,-1000
="00723B",50000,50000,0
="00724B",50000,57000,-7000
="00728",0,5000,-5000
="00731",0,1000,-1000
="00733",100000,100000,0
="00735",0,5000,-5000
="00737",0,2000,-2000
="00738U",50000,0,50000
="00741B",25000,29000,-4000
="00745B",25000,25000,0
="00746B",25000,25000,0
="00751B",100000,100000,0
="00755B",51000,52000,-1000
="00756B",50000,50000,0
="00757",0,1000,-1000
="00762",1000,0,1000
="00765B",50000,50000,0
="00773B",50000,50000,0
="00784B",25000,25000,0
="00785B",25000,25000,0
="00795B",50000,50000,0
="00847B",50000,49000,1000
="00848B",25000,25000,0
="00850",0,6000,-6000
="00861",200,1000,-800
="00862B",50000,50000,0
="00863B",25000,25000,0
="00864B",25000,25000,0
="00868B",50000,50000,0
="00869B",50000,50000,0
="00871B",50000,50000,0
="00876",0,17000,-17000
="00877",16000,0,16000
="00878",77033,2300,74733
="00881",886200,168160,718040
="00882",77191,16003000,-15925809
="00883B",25000,35000,-10000
="00884B",50000,50000,0
="020011",16000,15000,1000
="020018",65000,0,65000
="020019",213000,230000,-17000
="020020",0,13000,-13000
="020021",1033000,379000,654000
="020022",4000,0,4000
="03488B",6000,0,6000
="03563P",0,100000,-100000
="03859P",240000,0,240000
="04107P",90000,0,90000
="04513P",117000,30000,87000
="04594P",24000,0,24000
="04826P",21000,0,21000
="04827P",10000,0,10000
="04828P",0,30000,-30000
="04860P",0,23000,-23000
="04908P",20000,4000,16000
="05004P",0,2000,-2000
="05006P",684000,549000,135000
="05070P",20000,0,20000
="05128P",273000,36000,237000
="05129P",40000,0,40000
="05144P",30000,190000,-160000
="05161P",857000,258000,599000
="05237P",3000,0,3000
="05259P",2000,0,2000
="05300P",20000,0,20000
="05338P",0,10000,-10000
="05342P",77000,25000,52000
="05481P",5000,0,5000
="05482P",40000,50000,-10000
="05500P",1000,0,1000
="05547P",0,10000,-10000
="05585P",0,100000,-100000
="05594P",15000,0,15000
="05595P",980000,672000,308000
="05697P",150000,155000,-5000
="05698P",54000,0,54000
="05699P",155000,3000,152000
="05707P",12000,0,12000
="05774P",0,300000,-300000
="05776P",590000,683000,-93000
="05777P",338000,36000,302000
="05829P",2000,0,2000
="05867P",0,100000,-100000
="05907P",123000,45000,78000
="05908P",17000,9000,8000
="05955P",230000,4000,226000
="05969P",0,150000,-150000
="05973P",615000,32000,583000
="05979P",30000,0,30000
="05986P",10000,0,10000
="06002P",30000,30000,0
="06058P",20000,0,20000
="06104P",0,369000,-369000
="06113P",10000,0,10000
="06136P",129000,0,129000
="06152P",25000,89000,-64000
="06206P",0,3000,-3000
="06247P",0,5000,-5000
="063057",321000,23000,298000
="063145",82000,0,82000
="063444",116000,5000,111000
="064710",15000,75000,-60000
="065342",1000,0,1000
="065353",499000,0,499000
="065451",1670000,0,1670000
="065532",30000,0,30000
="065533",20000,0,20000
="065653",0,280000,-280000
="065679",7000,3000,4000
="065683",385000,0,385000
="065686",0,20000,-20000
="065889",31000,15000,16000
="065950",14000,0,14000
="065952",20000,10000,10000
="066198",1000,0,1000
="066203",112000,0,112000
="066218",10000,0,10000
="066460",145000,10000,135000
="066467",3000,0,3000
="066525",20000,3000,17000
="066526",226000,116000,110000
="066527",50000,0,50000
="066529",6000,0,6000
="067145",11000,0,11000
="067147",21000,0,21000
="067154",0,100000,-100000
="067156",15000,0,15000
="067157",0,20000,-20000
="067276",19000,14000,5000
="067368",19000,0,19000
="067370",19000,0,19000
="067372",373000,0,373000
="067383",21000,0,21000
="067505",120000,0,120000
="067510",20000,50000,-30000
="067515",668000,10000,658000
="067516",51000,0,51000
="067637",1000,0,1000
="067643",35000,0,35000
="067774",315000,0,315000
="067835",35000,0,35000
="067837",200000,0,200000
="068021",0,20000,-20000
="068045",110000,0,110000
="068048",150000,0,150000
="068128",5000,0,5000
="068129",20000,0,20000
="068131",35000,0,35000
="068217",0,13000,-13000
="068219",4000,0,4000
="068220",1117000,27000,1090000
="068221",1241000,400000,841000
="068224",115000,23000,92000
="068388",303000,0,303000
="068390",76000,0,76000
="068396",54000,0,54000
="068511",100000,1000,99000
="068512",353000,0,353000
="068514",702000,25000,677000
="068515",26000,0,26000
="068519",5000,5000,0
="068669",8000,0,8000
="068670",2283000,1185000,1098000
="068674",209000,55000,154000
="068766",20000,0,20000
="068767",1000,0,1000
="068768",1000,2000,-1000
="068769",100000,10000,90000
="068771",803000,0,803000
="068772",70000,0,70000
="068834",0,30000,-30000
="068848",10000,0,10000
="068852",0,50000,-50000
="068883",10000,0,10000
="069031",2000,0,2000
="069032",25000,0,25000
="069095",40000,10000,30000
="069097",21000,0,21000
="069099",40000,20000,20000
="069105",26000,0,26000
="069106",27000,9000,18000
="069191",112000,10000,102000
="069192",234000,15000,219000
="069193",128000,23000,105000
="069402",1000,20000,-19000
="069404",0,21000,-21000
="069407",10000,0,10000
="069409",10000,5000,5000
="069412",0,75000,-75000
="069414",5911000,989000,4922000
="069415",30000,10000,20000
="069416",215000,104000,111000
="069420",10000,30000,-20000
="069446",5000,0,5000
="069449",100000,2999000,-2899000
="069612",20000,0,20000
="069618",200000,75000,125000
="069691",1779000,0,1779000
="069823",0,11000,-11000
="069824",380000,0,380000
="069927",11000,0,11000
="069930",10000,0,10000
="069949",10000,0,10000
="070020",0,170000,-170000
="070133",209000,5000,204000
="070134",320000,190000,130000
="070138",0,3000,-3000
="070139",10000,18000,-8000
="070141",215000,105000,110000
="070146",0,1000,-1000
="070147",18000,22000,-4000
="070148",20000,23000,-3000
="070245",100000,0,100000
="070247",0,10000,-10000
="070248",20000,0,20000
="070249",1000,50000,-49000
="070250",20000,0,20000
="070252",279000,100000,179000
="070255",40000,49000,-9000
="070258",60000,0,60000
="070426",331000,0,331000
="070428",1000,17000,-16000
="070430",1000,190000,-189000
="070444",0,150000,-150000
="070445",42000,5000,37000
="070530",6000,0,6000
="070531",326000,0,326000
="070533",410000,0,410000
="070534",10000,1000,9000
="070541",0,10000,-10000
="070605",10000,0,10000
="070606",288000,0,288000
="070609",6000,1000,5000
="070857",15000,0,15000
="070861",0,2000,-2000
="070864",30000,0,30000
="070865",0,1000,-1000
="070866",24000,3000,21000
="070867",410000,0,410000
="070913",19000,0,19000
="071127",0,3000,-3000
="071130",10000,0,10000
="071211",18000,0,18000
="071218",100000,0,100000
="071220",499000,689000,-190000
="071221",45000,0,45000
="071223",10000,0,10000
="071321",42000,0,42000
="071326",35000,0,35000
="071330",150000,0,150000
="071445",40000,25000,15000
="071446",57000,23000,34000
="071448",1000,2000,-1000
="071569",2000,2000,0
="071709",0,290000,-290000
="071710",210000,0,210000
="071783",0,159000,-159000
="071845",0,85000,-85000
="071846",0,60000,-60000
="071887",20000,0,20000
="071890",53000,3000,50000
="072046",2000,0,2000
="072047",22000,0,22000
="072049",125000,357000,-232000
="072051",201000,0,201000
="072121",265000,0,265000
="072122",138000,0,138000
="072300",50000,0,50000
="072306",50000,0,50000
="072310",10000,0,10000
="072311",1000,10000,-9000
="072403",33000,0,33000
="072404",135000,0,135000
="072406",3000,0,3000
="072410",0,14000,-14000
="072411",1000,0,1000
="072556",14000,0,14000
="072559",165000,60000,105000
="072562",0,9000,-9000
="072566",0,1000,-1000
="072625",12000,10000,2000
="072708",0,4000,-4000
="072712",15000,10000,5000
="072812",1000,26000,-25000
="072964",308000,0,308000
="072967",0,8000,-8000
="072971",28000,2000,26000
="073027",260000,0,260000
="073031",751000,0,751000
="073035",5000,0,5000
="073037",10000,40000,-30000
="073040",12000,0,12000
="073095",2000,0,2000
="073097",136000,50000,86000
="073099",0,3000,-3000
="073100",0,265000,-265000
="073101",200000,0,200000
="073102",0,130000,-130000
="073103",21000,0,21000
="073104",90000,200000,-110000
="073105",6000,0,6000
="073377",3000,10000,-7000
="073379",10000,0,10000
="073387",0,5000,-5000
="073388",285000,0,285000
="073489",10000,0,10000
="073493",50000,50000,0
="073499",10000,0,10000
="073500",19000,0,19000
="073502",20000,284000,-264000
="073503",49000,0,49000
="073580",0,2000,-2000
="073615",46000,0,46000
="073616",10000,0,10000
="073617",0,1000,-1000
="073726",0,250000,-250000
="073741",7000,0,7000
="073744",60000,0,60000
="073747",132000,21000,111000
="073808",60000,40000,20000
="073809",108000,0,108000
="073811",10000,0,10000
="073813",89000,0,89000
="073982",20000,60000,-40000
="074060",30000,0,30000
="074065",0,10000,-10000
="074066",50000,0,50000
="074067",288000,83000,205000
="074068",480000,0,480000
="074167",3000,1000,2000
="074169",0,5000,-5000
="074170",10000,1000,9000
="074258",225000,0,225000
="074347",17000,23000,-6000
="074349",62000,0,62000
="074350",1000,46000,-45000
="074352",0,5281000,-5281000
="074354",20000,0,20000
="074378",20000,0,20000
="074447",40000,0,40000
="074450",10000,18000,-8000
="074451",8000,0,8000
="074453",285000,6000,279000
="074496",58000,0,58000
="074497",360000,0,360000
="074498",21000,0,21000
="074499",0,10000,-10000
="074685",27000,0,27000
="074687",50000,0,50000
="074787",10000,0,10000
="074789",0,10000,-10000
="074790",10000,0,10000
="074792",11000,0,11000
="074796",42000,0,42000
="074802",17000,0,17000
="074803",10000,0,10000
="074804",3000,0,3000
="074807",10000,0,10000
="074809",56000,0,56000
="074810",20000,0,20000
="074811",5000,0,5000
="074819",53000,0,53000
="074860",0,30000,-30000
="074896",3000,0,3000
="074897",5000,0,5000
="074899",54000,0,54000
="074900",70000,0,70000
="074902",0,20000,-20000
="074903",0,13000,-13000
="074904",20000,0,20000
="074907",1000,0,1000
="074908",2000,0,2000
="075049",0,140000,-140000
="075051",57000,1000,56000
="075052",0,2000,-2000
="075133",0,200000,-200000
="075168",32000,0,32000
="075174",94000,0,94000
="075243",219000,1000,218000
="075399",27000,0,27000
="075401",70000,70000,0
="075402",50000,0,50000
="075411",4000,0,4000
="075513",70000,0,70000
="075530",10000,0,10000
="075641",10000,0,10000
="075642",203000,78000,125000
="075697",224000,0,224000
="075699",0,30000,-30000
="075700",37000,0,37000
="075701",0,1000,-1000
="075827",1000,0,1000
="075828",12000,13000,-1000
="075829",125000,50000,75000
="075964",1000,0,1000
="075966",5000,0,5000
="075968",20000,0,20000
="075969",18000,6000,12000
="075970",35000,23000,12000
="075972",147000,0,147000
="076050",0,20000,-20000
="076057",1803000,1000,1802000
="076059",50000,0,50000
="076060",41000,0,41000
="076062",113000,0,113000
="076064",345000,1000,344000
="076181",2000,0,2000
="076182",2000,0,2000
="076185",5000,0,5000
="076289",19000,0,19000
="076290",100000,40000,60000
="076292",0,1000,-1000
="076405",21000,0,21000
="076413",0,2000,-2000
="076416",33000,0,33000
="076417",28000,0,28000
="076418",143000,25000,118000
="076420",5000,5000,0
="076551",16000,20000,-4000
="076652",21000,0,21000
="076653",40000,0,40000
="076654",70000,0,70000
="076915",10000,0,10000
="076916",10000,0,10000
="076922",0,100000,-100000
="076941",2000,0,2000
="076998",65000,0,65000
="077064",30000,6000,24000
="077065",3000,0,3000
="077066",0,10000,-10000
="077069",9000,0,9000
="077103",61000,15000,46000
="077104",1000,0,1000
="077105",5000,10000,-5000
="077107",83000,0,83000
="077108",0,22000,-22000
="077205",0,92000,-92000
="077276",220000,0,220000
="077278",0,10000,-10000
="077280",114000,0,114000
="077281",75000,0,75000
="077457",0,14000,-14000
="077585",9000,5000,4000
="077586",2000,0,2000
="077587",21000,0,21000
="077591",30000,34000,-4000
="077592",0,50000,-50000
="077595",40000,12000,28000
="077646",5000,0,5000
="077649",10000,0,10000
="077651",24000,90000,-66000
="077652",366000,230000,136000
="077653",3000,0,3000
="077654",30000,0,30000
="077656",50000,0,50000
="077657",20000,0,20000
="077658",40000,0,40000
="077659",45000,0,45000
="077729",2000,0,2000
="077810",245000,9000,236000
="077811",93000,20000,73000
="077941",15000,10000,5000
="077942",13000,0,13000
="077944",228000,20000,208000
="077945",135000,20000,115000
="077946",28000,0,28000
="078075",0,6000,-6000
="078087",79000,70000,9000
="078090",50000,0,50000
="078091",10000,0,10000
="078092",10000,0,10000
="078095",0,10000,-10000
="078096",0,6000,-6000
="078097",39000,20000,19000
="078098",10000,5000,5000
="078099",63000,59000,4000
="078128",0,3000,-3000
="078254",0,40000,-40000
="078461",154000,0,154000
="078462",40000,0,40000
="078463",5000,0,5000
="078464",4000,0,4000
="078466",147000,185000,-38000
="078469",166000,900000,-734000
="078470",113000,165000,-52000
="078471",5000,0,5000
="078472",0,15000,-15000
="078473",0,25000,-25000
="078476",117000,20000,97000
="078477",20000,0,20000
="078638",0,5000,-5000
="078717",10000,0,10000
="078718",6000,15000,-9000
="078719",0,11000,-11000
="078724",63000,0,63000
="078727",0,10000,-10000
="078744",0,3000,-3000
="078848",409000,106000,303000
="078849",10000,30000,-20000
="078851",33000,0,33000
="078853",80000,31000,49000
="078854",21000,102000,-81000
="078856",40000,0,40000
="078940",0,18000,-18000
="078943",40000,0,40000
="078944",63000,303000,-240000
="078945",407000,1000,406000
="078947",0,60000,-60000
="078949",543000,0,543000
="079065",100000,0,100000
="079212",0,10000,-10000
="079285",50000,0,50000
="079286",156000,0,156000
="079287",39000,51000,-12000
="079288",4000,1000,3000
="079289",69000,0,69000
="079290",20000,22000,-2000
="079291",20000,3000,17000
="079353",50000,0,50000
="079426",10000,5000,5000
="079427",10000,0,10000
="079428",20000,20000,0
="079429",640000,15000,625000
="079430",44000,200000,-156000
="079431",100000,832000,-732000
="079432",111000,0,111000
="079433",0,3000,-3000
="079434",70000,100000,-30000
="079435",30000,0,30000
="079457",63000,0,63000
="079564",0,5000,-5000
="079584",0,70000,-70000
="079586",390000,80000,310000
="079632",0,224000,-224000
="079710",50000,0,50000
="079727",467000,10000,457000
="079728",54000,0,54000
="079729",82000,10000,72000
="079730",116000,23000,93000
="079734",4000,0,4000
="079736",60000,10000,50000
="079737",10000,0,10000
="079738",0,1981000,-1981000
="079739",6000,0,6000
="079740",64000,36000,28000
="079742",145000,138000,7000
="079743",168000,0,168000
="079745",63000,100000,-37000
="079868",375000,28000,347000
="079871",0,216000,-216000
="079873",20000,0,20000
="079928",0,180000,-180000
="079961",0,3000,-3000
="079979",0,296000,-296000
="079981",11000,1000,10000
="079982",0,320000,-320000
="079983",145000,4000,141000
="079984",50000,4000,46000
="079985",62000,0,62000
="080033",0,10000,-10000
="080161",40000,0,40000
="080162",74000,0,74000
="080163",17000,0,17000
="080168",0,40000,-40000
="080170",2000,30000,-28000
="080172",25000,0,25000
="080173",0,50000,-50000
="080174",0,5000,-5000
="080175",18000,40000,-22000
="080176",20000,0,20000
="080177",5000,12000,-7000
="080179",0,63000,-63000
="080180",0,5000,-5000
="080181",150000,0,150000
="080182",5000,0,5000
="080186",32000,0,32000
="080205",980000,0,980000
="080344",20000,15000,5000
="080345",91000,1000,90000
="080346",130000,4000,126000
="080347",0,349000,-349000
="080348",0,311000,-311000
="080349",0,23000,-23000
="080537",453000,0,453000
="080542",0,10000,-10000
="080543",150000,28000,122000
="080544",0,15000,-15000
="080545",431000,15000,416000
="080546",328000,0,328000
="080547",81000,40000,41000
="080594",233000,36000,197000
="080596",609000,379000,230000
="080597",161000,0,161000
="080598",72000,125000,-53000
="080600",0,15000,-15000
="080601",105000,21000,84000
="080602",297000,15000,282000
="080603",87000,2000,85000
="080604",10000,0,10000
="080728",0,283000,-283000
="080844",0,1188000,-1188000
="080857",600000,0,600000
="080859",41000,5000,36000
="080861",5000,15000,-10000
="080863",113000,50000,63000
="080864",138000,0,138000
="080865",79000,30000,49000
="080866",0,2000,-2000
="080867",0,84000,-84000
="080868",0,11000,-11000
="081018",28000,167000,-139000
="081019",182000,0,182000
="081020",27000,39000,-12000
="081021",57000,0,57000
="081024",383000,57000,326000
="081025",815000,0,815000
="081130",0,1000,-1000
="081163",30000,0,30000
="081213",0,20000,-20000
="081216",50000,0,50000
="081217",11000,91000,-80000
="081218",147000,213000,-66000
="081219",25000,84000,-59000
="081220",20000,105000,-85000
="081221",5000,6000,-1000
="081222",470000,50000,420000
="081223",20000,0,20000
="081224",242000,1059000,-817000
="081225",207000,181000,26000
="081226",20000,210000,-190000
="081231",0,30000,-30000
="081232",0,45000,-45000
="081233",35000,50000,-15000
="081234",17000,0,17000
="081235",304000,440000,-136000
="081236",214000,0,214000
="081271",0,3000,-3000
="081276",246000,0,246000
="081278",0,316000,-316000
="081279",141000,100000,41000
="081280",3000,0,3000
="081281",20000,7000,13000
="081283",0,50000,-50000
="081285",163000,1000,162000
="081287",1000,5000,-4000
="081288",0,5000,-5000
="081289",197000,314000,-117000
="081428",141000,271000,-130000
="081429",91000,1000,90000
="081431",5000,0,5000
="081434",5000,8000,-3000
="081436",495000,1411000,-916000
="081437",100000,100000,0
="081438",31000,1000,30000
="081439",71000,78000,-7000
="081440",60000,68000,-8000
="081441",10000,0,10000
="081442",0,2000,-2000
="081443",0,25000,-25000
="081446",185000,65000,120000
="081447",0,4000,-4000
="081451",75000,6000,69000
="081452",66000,0,66000
="081505",0,5000,-5000
="081692",10000,155000,-145000
="081707",86000,0,86000
="081708",47000,102000,-55000
="081709",28000,42000,-14000
="081710",0,23000,-23000
="081711",429000,1038000,-609000
="081712",1933000,430000,1503000
="081713",10000,0,10000
="081714",30000,0,30000
="081715",82000,33000,49000
="081716",387000,60000,327000
="081717",390000,31000,359000
="081718",360000,11000,349000
="081719",10000,6000,4000
="081720",59000,122000,-63000
="081721",0,100000,-100000
="081723",327000,236000,91000
="081724",0,20000,-20000
="081725",10000,77000,-67000
="081727",85000,25000,60000
="081855",0,50000,-50000
="081944",0,30000,-30000
="081945",32000,220000,-188000
="081946",129000,5000,124000
="081947",391000,47000,344000
="081948",42000,10000,32000
="081950",2000,4000,-2000
="081952",130000,131000,-1000
="081953",2000,0,2000
="081958",20000,3000,17000
="081959",100000,43000,57000
="082000",10000,0,10000
="082124",460000,65000,395000
="082125",10000,90000,-80000
="082127",25000,40000,-15000
="082128",602000,2838000,-2236000
="082129",93000,7000,86000
="082130",3480000,6541000,-3061000
="082131",360000,0,360000
="082132",607000,94000,513000
="082133",45000,0,45000
="082134",0,10000,-10000
="082135",20000,0,20000
="082136",0,5000,-5000
="082137",45000,2000,43000
="082138",131000,253000,-122000
="082139",0,2000,-2000
="082141",4000,35000,-31000
="082142",163000,6000,157000
="082143",40000,0,40000
="082144",213000,13000,200000
="082145",117000,2000,115000
="082300",50000,0,50000
="082315",51000,0,51000
="082318",675000,234000,441000
="082319",528000,240000,288000
="082320",76000,10000,66000
="082321",361000,470000,-109000
="082322",1000,20000,-19000
="082324",2000,1000,1000
="082325",323000,24000,299000
="082326",44000,0,44000
="082328",0,21000,-21000
="082329",0,760000,-760000
="082330",1019000,191000,828000
="082331",2000,0,2000
="082332",14000,4000,10000
="082334",22000,1000,21000
="082335",10000,0,10000
="082336",20000,0,20000
="082337",1000,15000,-14000
="082338",154000,101000,53000
="082340",1000,0,1000
="082476",0,100000,-100000
="082478",0,170000,-170000
="082479",0,34000,-34000
="082480",200000,227000,-27000
="082481",547000,446000,101000
="082482",900000,267000,633000
="082483",0,12000,-12000
="082487",456000,316000,140000
="082488",495000,339000,156000
="082489",385000,486000,-101000
="082490",8000,5000,3000
="082491",33000,61000,-28000
="082492",19000,0,19000
="082493",115000,332000,-217000
="082494",85000,31000,54000
="082495",280000,167000,113000
="082496",0,95000,-95000
="082498",55000,23000,32000
="082499",3000,110000,-107000
="082501",68000,419000,-351000
="082502",20000,24000,-4000
="082503",353000,30000,323000
="082555",0,100000,-100000
="082556",0,300000,-300000
="082558",102000,104000,-2000
="082560",1107000,437000,670000
="082561",96000,57000,39000
="082562",72000,37000,35000
="082563",53000,16000,37000
="082564",90000,3000,87000
="082569",180000,0,180000
="082570",0,70000,-70000
="082573",15000,0,15000
="082574",334000,271000,63000
="082575",24000,0,24000
="082576",110000,400000,-290000
="082577",0,11000,-11000
="082578",48000,2000,46000
="082661",37000,20000,17000
="082749",115000,94000,21000
="082750",171000,0,171000
="082751",28000,0,28000
="082754",40000,10000,30000
="082755",240000,5000,235000
="082757",15000,3000,12000
="082758",29000,10000,19000
="082760",123000,0,123000
="082764",540000,100000,440000
="082765",147000,48000,99000
="082766",16000,0,16000
="082767",0,10000,-10000
="082768",1049000,1007000,42000
="082769",10000,0,10000
="082770",3000,0,3000
="082771",30000,150000,-120000
="082772",94000,0,94000
="082773",258000,472000,-214000
="082774",112000,23000,89000
="082775",25000,124000,-99000
="082776",140000,0,140000
="082788",0,340000,-340000
="082798",0,40000,-40000
="082799",0,85000,-85000
="082923",5000,10000,-5000
="082924",56000,56000,0
="082925",0,301000,-301000
="082929",836000,106000,730000
="082930",27000,2000,25000
="082932",0,22000,-22000
="082933",10000,414000,-404000
="082934",20000,1000,19000
="082937",366000,66000,300000
="082950",46000,250000,-204000
="082994",2000,0,2000
="083196",100000,0,100000
="083197",4000,114000,-110000
="083198",10000,55000,-45000
="083199",1129000,788000,341000
="083201",0,5000,-5000
="083202",0,110000,-110000
="083203",110000,0,110000
="083204",598000,58000,540000
="083205",1489000,116000,1373000
="083206",606000,415000,191000
="083207",493000,113000,380000
="083208",438000,167000,271000
="083211",30000,0,30000
="083212",477000,4000,473000
="083213",20000,1000,19000
="083214",5000,5000,0
="083215",14000,3000,11000
="083216",5000,10000,-5000
="083327",177000,66000,111000
="083329",0,144000,-144000
="083330",20000,36000,-16000
="083331",100000,0,100000
="083332",30000,0,30000
="083333",4000,0,4000
="083334",108000,2000,106000
="083336",401000,737000,-336000
="083338",2175000,1094000,1081000
="083339",117000,200000,-83000
="083340",0,55000,-55000
="083341",60000,10000,50000
="083342",3000,0,3000
="083343",10000,10000,0
="083345",105000,0,105000
="083346",0,20000,-20000
="083348",0,100000,-100000
="083350",180000,22000,158000
="083443",3000,0,3000
="083460",185000,252000,-67000
="083461",18000,129000,-111000
="083462",51000,20000,31000
="083463",132000,260000,-128000
="083464",816000,235000,581000
="083465",17000,6000,11000
="083469",0,20000,-20000
="083471",124000,416000,-292000
="083472",215000,10000,205000
="083476",10000,18000,-8000
="083477",1000,0,1000
="083478",0,26000,-26000
="083480",572000,10000,562000
="083665",103000,2000,101000
="083668",115000,17000,98000
="083670",233000,0,233000
="083671",30000,0,30000
="083673",499000,0,499000
="083674",2000,7000,-5000
="083675",183000,664000,-481000
="083679",16000,50000,-34000
="083681",0,8000,-8000
="083682",0,10000,-10000
="083683",55000,0,55000
="083684",1000,40000,-39000
="083686",20000,0,20000
="083687",0,15000,-15000
="083688",0,114000,-114000
="083689",0,70000,-70000
="083787",35000,20000,15000
="083788",142000,114000,28000
="083789",15000,10000,5000
="083790",10000,0,10000
="083791",53000,17000,36000
="083794",200000,183000,17000
="083795",5000,0,5000
="083799",320000,158000,162000
="084006",0,45000,-45000
="084008",400000,0,400000
="084010",145000,317000,-172000
="084012",63000,0,63000
="084015",30000,0,30000
="084016",2000,3000,-1000
="084017",0,18000,-18000
="084018",10000,72000,-62000
="084019",25000,3000,22000
="084020",19000,0,19000
="084022",0,2000,-2000
="084025",333000,202000,131000
="084026",0,6000,-6000
="084027",0,5000,-5000
="084230",40000,3000,37000
="084231",92000,13000,79000
="084232",0,47000,-47000
="084236",5000,35000,-30000
="084237",358000,176000,182000
="084238",162000,59000,103000
="084240",0,50000,-50000
="084242",50000,0,50000
="084243",55000,125000,-70000
="084245",60000,0,60000
="084247",14000,12000,2000
="084249",0,2000,-2000
="084250",0,200000,-200000
="084251",47000,0,47000
="084252",0,6000,-6000
="084253",5000,5000,0
="084364",0,10000,-10000
="084372",5000,0,5000
="084377",0,50000,-50000
="084378",0,140000,-140000
="084379",4000,0,4000
="084383",2000,17000,-15000
="084384",20000,0,20000
="084385",78000,119000,-41000
="084388",781000,389000,392000
="084390",0,70000,-70000
="084533",0,5000,-5000
="084534",0,5000,-5000
="084536",83000,10000,73000
="084540",0,41000,-41000
="084542",30000,10000,20000
="084545",68000,23000,45000
="084546",78000,215000,-137000
="084547",0,10000,-10000
="084602",0,10000,-10000
="084622",0,2000,-2000
="084682",3000,0,3000
="084683",0,41000,-41000
="084684",99000,0,99000
="084686",0,50000,-50000
="084691",0,30000,-30000
="084693",0,10000,-10000
="084696",50000,19000,31000
="084697",62000,93000,-31000
="084701",15000,70000,-55000
="084705",130000,0,130000
="084710",390000,50000,340000
="084827",20000,10000,10000
="084828",100000,129000,-29000
="084830",0,197000,-197000
="084832",0,12000,-12000
="084833",3000,16000,-13000
="084834",114000,130000,-16000
="084835",30000,0,30000
="084836",37000,50000,-13000
="084837",275000,53000,222000
="084838",100000,75000,25000
="084892",0,13000,-13000
="084893",0,20000,-20000
="084894",120000,0,120000
="084896",50000,827000,-777000
="084898",10000,0,10000
="085026",0,20000,-20000
="085027",0,75000,-75000
="085028",0,5000,-5000
="085029",0,73000,-73000
="085030",0,2000,-2000
="085032",0,6000,-6000
="08748P",100000,0,100000
="1101",3150,1000,2150
="1102",1000,1000,0
="1103",0,1000,-1000
="1201",20000,1000,19000
="1210",2000,0,2000
="1216",6000,212000,-206000
="1217",2000,0,2000
="1218",0,1000,-1000
="1225",1,0,1
="1229",0,1000,-1000
="1236",3000,0,3000
="1256",0,2000,-2000
="1301",761000,18000,743000
="1303",10000,0,10000
="1304",25000,4434,20566
="1305",30000,131000,-101000
="1308",0,1000,-1000
="1309",5000,0,5000
="1310",60,0,60
="1312",100,58000,-57900
="1314",5000,3000,2000
="1319",0,150000,-150000
="1325",32000,2000,30000
="1326",4300,1000,3300
="1337",3000,9000,-6000
="1402",3000,10000,-7000
="1409",0,10000,-10000
="1441",209,0,209
="1444",0,15000,-15000
="1445",0,5000,-5000
="1447",2000,0,2000
="1465",40,54,-14
="1467",0,15000,-15000
="1476",6000,9000,-3000
="1477",0,7000,-7000
="1504",7000,10000,-3000
="1513",12000,26000,-14000
="1515",0,5000,-5000
="1519",0,2000,-2000
="1526",4000,0,4000
="1533",148000,137000,11000
="1536",35000,15683,19317
="1558",0,1000,-1000
="1560",5000,0,5000
="1568",2000,2000,0
="1582",0,2000,-2000
="1587",3000,3000,0
="1589",0,1000,-1000
="1590",20,1000,-980
="1593",1000,22000,-21000
="1597",1000,2000,-1000
="1598",0,4000,-4000
="1604",3000,0,3000
="1605",2000,47000,-45000
="1609",40000,61000,-21000
="1612",0,10000,-10000
="1614",10000,0,10000
="1617",2000,0,2000
="1701",24000,0,24000
="1707",0,2000,-2000
="1717",1000,10000,-9000
="1720",1000,0,1000
="1724",50,9000,-8950
="1731",0,8000,-8000
="1732",10000,10000,0
="1734",0,1000,-1000
="1752",0,2000,-2000
="1760",1000,2000,-1000
="1773",0,8000,-8000
="1785",4719,44220,-39501
="1788",0,100,-100
="1789",0,1000,-1000
="1802",3000,3000,0
="1815",1000,0,1000
="1905",0,1000,-1000
="1907",1000,5000,-4000
="1909",126000,9000,117000
="2002",12500,194000,-181500
="2006",2000,32000,-30000
="2007",2000,0,2000
="2009",126000,32000,94000
="2013",1000,0,1000
="2014",46000,74000,-28000
="2017",1000,0,1000
="2020",0,3000,-3000
="2027",24000,35000,-11000
="2028",1000,0,1000
="2032",1000,0,1000
="2034",6000,2000,4000
="2038",0,3000,-3000
="2049",4000,0,4000
="2061",4000,0,4000
="2065",1000,0,1000
="2101",0,10000,-10000
="2103",30000,155000,-125000
="2104",2,0,2
="2105",7000,2000,5000
="2106",0,1000,-1000
="2108",6000,0,6000
="2109",0,5000,-5000
="2201",0,22000,-22000
="2206",0,1000,-1000
="2207",1000,0,1000
="2208",100,0,100
="2231",15000,15000,0
="2239",1000,0,1000
="2301",2000,3000,-1000
="2303",632050,1119690,-487640
="2308",105560,186000,-80440
="2313",36100,127000,-90900
="2314",1000,10000,-9000
="2316",120,0,120
="2317",77610,674870,-597260
="2323",25000,72000,-47000
="2324",10000,167000,-157000
="2327",44220,78345,-34125
="2328",92000,185000,-93000
="2329",0,1000,-1000
="2330",127189,141535,-14346
="2331",4000,13000,-9000
="2332",1000,3000,-2000
="2337",2154000,241000,1913000
="2338",21000,26000,-5000
="2340",3002,43000,-39998
="2342",0,1000,-1000
="2344",2116300,609264,1507036
="2345",1000,2000,-1000
="2347",2000,1000,1000
="2349",75000,5000,70000
="2351",17000,27000,-10000
="2352",8000,80000,-72000
="2353",209000,122000,87000
="2354",28000,16000,12000
="2355",6000,0,6000
="2356",261000,13000,248000
="2357",2000,8000,-6000
="2359",28000,0,28000
="2360",2200,0,2200
="2363",15000,2000,13000
="2367",5000,11202,-6202
="2368",711000,99000,612000
="2369",0,3000,-3000
="2371",26000,3000,23000
="2375",48000,61897,-13897
="2376",13000,15000,-2000
="2377",10000,6000,4000
="2379",91000,43000,48000
="2380",195,0,195
="2382",24000,201000,-177000
="2383",2000,19000,-17000
="2385",5000,0,5000
="2387",3000,6000,-3000
="2388",0,1000,-1000
="2390",3000,22000,-19000
="2393",10000,1000,9000
="2395",3000,1000,2000
="2399",3000,0,3000
="2401",72003,56000,16003
="2402",41000,0,41000
="2404",25,0,25
="2405",3000,0,3000
="2408",441000,118000,323000
="2409",374280,1948531,-1574251
="2412",14000,0,14000
="2414",0,16000,-16000
="2415",3000,4000,-1000
="2417",0,21000,-21000
="2419",2000,160,1840
="2421",3000,17000,-14000
="2426",1000,0,1000
="2428",1000,2000,-1000
="2436",0,1000,-1000
="2439",0,9000,-9000
="2440",0,3000,-3000
="2441",15000,31000,-16000
="2442",0,8000,-8000
="2444",2000,0,2000
="2449",182000,211000,-29000
="2451",5000,2000,3000
="2454",228871,92310,136561
="2455",111000,89000,22000
="2456",9000,141256,-132256
="2457",1000,0,1000
="2458",1000,91000,-90000
="2460",64000,0,64000
="2462",11000,0,11000
="2465",16000,0,16000
="2467",97000,5000,92000
="2471",3000,0,3000
="2472",3000,1000,2000
="2474",2050,64043,-61993
="2477",2000,0,2000
="2478",1000,1000,0
="2481",0,115000,-115000
="2484",0,3000,-3000
="2486",280000,90000,190000
="2489",2000,0,2000
="2491",1000,0,1000
="2492",24000,15000,9000
="2493",0,1000,-1000
="2498",2000,21000,-19000
="2501",1000,0,1000
="2504",22000,39000,-17000
="2505",31000,185000,-154000
="2506",20000,0,20000
="2511",67000,0,67000
="2515",10000,6000,4000
="2516",2000,0,2000
="2520",5000,4000,1000
="2534",50,0,50
="2540",9000,2000,7000
="2545",0,13000,-13000
="2547",0,1000,-1000
="2548",3000,0,3000
="2601",4000,0,4000
="2603",2425103,1386000,1039103
="2606",1000,0,1000
="2608",30,0,30
="2609",2303400,8258000,-5954600
="2610",5705000,298000,5407000
="2611",5000,2000,3000
="2615",15100,126088,-110988
="2618",262000,123000,139000
="2633",1000,68000,-67000
="2634",0,1000,-1000
="2643",3000,0,3000
="2718",0,5000,-5000
="2726",12000,10000,2000
="2727",0,27000,-27000
="2731",11000,0,11000
="2732",0,2000,-2000
="2734",2000,0,2000
="2736",0,2000,-2000
="2801",11000,0,11000
="2812",70,10000,-9930
="2823",0,429000,-429000
="2834",14000,0,14000
="2836",78,3135,-3057
="2841",32000,12000,20000
="2845",1000,0,1000
="2851",14000,0,14000
="2855",2000,34652,-32652
="2880",18385,6000,12385
="2881",39000,9000,30000
="2881A",25000,0,25000
="2882",8000,39034,-31034
="2883",264000,103000,161000
="2884",8520,6000,2520
="2885",16000,2000,14000
="2886",12150,1000,11150
="2887",17000,0,17000
="2887F",50000,0,50000
="2888",32100,1000,31100
="2889",100,600,-500
="2890",28200,0,28200
="2891",18986,68000,-49014
="2892",11487,3000,8487
="2903",610,0,610
="2913",81000,2000,79000
="2915",69000,3000,66000
="3002",0,2000,-2000
="3003",0,10000,-10000
="3006",81000,145000,-64000
="3008",2110,3002,-892
="3010",3,0,3
="3011",0,17000,-17000
="3013",0,1000,-1000
="3014",4000,5000,-1000
="3016",1000,0,1000
="3017",4000,20000,-16000
="3018",2000,1830,170
="3019",10000,16000,-6000
="3023",3000,2000,1000
="3024",0,2000,-2000
="3025",50000,2000,48000
="3027",10000,0,10000
="3031",0,5000,-5000
="3033",0,1000,-1000
="3034",161000,28000,133000
="3035",36000,50000,-14000
="3037",609000,656200,-47200
="3041",0,5000,-5000
="3042",463000,150010,312990
="3044",0,8000,-8000
="3045",7000,0,7000
="3047",12000,70000,-58000
="3048",2000,0,2000
="3057",1088,1000,88
="3059",2000,18000,-16000
="3060",0,373,-373
="3062",42000,11000,31000
="3078",20000,0,20000
="3081",2000,1000,1000
="3083",0,7000,-7000
="3092",3000,2000,1000
="3094",0,2000,-2000
="3105",132739,316000,-183261
="3115",2,0,2
="3122",1000,5000,-4000
="3128",69000,67000,2000
="3138",4000,0,4000
="3141",8000,11000,-3000
="3149",0,100,-100
="3152",2000,6000,-4000
="3163",3000,1000,2000
="3169",79000,81400,-2400
="3189",274000,186000,88000
="3211",14000,11200,2800
="3217",5000,91000,-86000
="3227",25000,78000,-53000
="3228",13000,29000,-16000
="3230",0,11000,-11000
="3231",212067,6000,206067
="3257",7000,9313,-2313
="3260",4040,6000,-1960
="3264",319000,2076000,-1757000
="3268",0,4000,-4000
="3272",5000,1000,4000
="3276",4000,0,4000
="3289",1000,0,1000
="3293",10000,8000,2000
="3296",0,2000,-2000
="3297",0,1000,-1000
="3305",8000,3000,5000
="3322",0,5000,-5000
="3323",0,100000,-100000
="3324",3000,120000,-117000
="3325",15000,0,15000
="3338",0,104,-104
="3346",403000,11000,392000
="3373",0,7000,-7000
="3374",72057,314000,-241943
="3376",1000,1000,0
="3380",30000,23000,7000
="3383",0,1000,-1000
="3406",17000,20000,-3000
="3413",34000,11150,22850
="3432",0,1000,-1000
="3437",17000,2000,15000
="3443",5000,142000,-137000
="3450",1000,2000,-1000
="3455",0,3000,-3000
="3481",2857000,3860600,-1003600
="3483",293000,97189,195811
="3490",3,0,3
="3491",11000,8000,3000
="3504",1000,0,1000
="3520",0,1000,-1000
="3527",2000,1000,1000
="3529",4000,10000,-6000
="3530",0,1000,-1000
="3533",38000,6000,32000
="3545",107000,95000,12000
="3546",1000,1000,0
="3552",48010,8000,40010
="3557",1,0,1
="3563",3,0,3
="3576",1000,0,1000
="3580",1000,1000,0
="3587",113000,1000,112000
="3588",1000,0,1000
="3591",0,2000,-2000
="3596",4000,0,4000
="3597",9000,17000,-8000
="3611",0,1000,-1000
="3617",2000,0,2000
="3624",0,1000,-1000
="3625",1000,0,1000
="3628",100,0,100
="3645",1000,1000,0
="3653",19000,1000,18000
="3661",13000,37050,-24050
="3665",0,45000,-45000
="3666",21000,6000,15000
="3669",3000,3000,0
="3673",11090,0,11090
="3680",8000,3000,5000
="3682",10000,0,10000
="3684",0,2000,-2000
="3685",4000,0,4000
="3686",2000,0,2000
="3689",7000,0,7000
="3691",3000,4000,-1000
="3694",1000,3000,-2000
="3702",1000,2000,-1000
="3703",93000,7000,86000
="3704",6000,11000,-5000
="3706",2000,800,1200
="3707",6000,10000,-4000
="3710",32000,25000,7000
="3711",4025700,731893,3293807
="3713",1000,0,1000
="3714",4280,23000,-18720
="4102",0,3000,-3000
="4105",1055,0,1055
="4108",0,3000,-3000
="4120",0,2000,-2000
="4123",2000,1000,1000
="4128",66000,4000,62000
="4133",2000,2000,0
="4137",10000,0,10000
="4142",15396,4000,11396
="4148",1000,0,1000
="4157",2000,1000,1000
="4163",0,1000,-1000
="4167",0,10000,-10000
="4207",0,312,-312
="4306",1000,0,1000
="4401",6000,0,6000
="4420",1000,1000,0
="4530",1000,0,1000
="4534",0,6,-6
="4540",5000,1000,4000
="4551",6000,6000,0
="4566",1000,3000,-2000
="4576",18000,18000,0
="4580",0,1000,-1000
="4707",2000,0,2000
="4726",2000,2000,0
="4728",0,1000,-1000
="4729",65,0,65
="4736",0,8000,-8000
="4739",0,1000,-1000
="4743",20300,11105,9195
="4746",1000,0,1000
="4760",1000,0,1000
="4904",3000,0,3000
="4906",20000,0,20000
="4915",1012000,166168,845832
="4919",1000,2000,-1000
="4927",2000,0,2000
="4934",0,6156,-6156
="4935",0,117000,-117000
="4938",45400,25000,20400
="4942",2000,1000,1000
="4943",0,299,-299
="4950",40000,0,40000
="4958",9000,5000,4000
="4960",7002,0,7002
="4961",701245,746000,-44755
="4966",7300,14000,-6700
="4967",330000,6000,324000
="4968",12000,13000,-1000
="4974",0,6000,-6000
="4976",51000,13000,38000
="4991",1000,0,1000
="5011",0,1000,-1000
="5203",35000,0,35000
="5210",2000,0,2000
="5213",138,0,138
="5223",3000,1000,2000
="5227",1,0,1
="5234",2000,0,2000
="5243",1000,126000,-125000
="5245",0,2000,-2000
="5269",0,1000,-1000
="5274",1000,2000,-1000
="5285",0,18000,-18000
="5291",1000,0,1000
="5299",0,2000,-2000
="5306",0,38000,-38000
="5309",0,2000,-2000
="5351",1000,11000,-10000
="5425",6000,1000,5000
="5426",0,2000,-2000
="5439",39000,0,39000
="5457",5000,8000,-3000
="5469",0,21000,-21000
="5471",20050,26000,-5950
="5474",0,1000,-1000
="5478",1000,0,1000
="5481",1000,0,1000
="5483",18400,6000,12400
="5487",0,1000,-1000
="5488",0,7000,-7000
="5498",4000,0,4000
="5523",0,9000,-9000
="5534",1000,0,1000
="5604",2000,1000,1000
="5607",5000,0,5000
="5608",5000,0,5000
="5706",1000,0,1000
="5864",3000,0,3000
="5871A",54000,0,54000
="5876",6000,76000,-70000
="5880",18000,0,18000
="5905",18000,17000,1000
="6005",1000,6000,-5000
="6015",2000,0,2000
="6016",104000,107000,-3000
="6024",50,0,50
="6104",0,2000,-2000
="6116",188000,900000,-712000
="6118",0,4000,-4000
="6120",0,3121,-3121
="6121",200,0,200
="6123",0,1000,-1000
="6125",5000,2000,3000
="6126",6000,2000,4000
="6127",6000,0,6000
="6142",1000,706000,-705000
="6143",2000,0,2000
="6147",1000,124000,-123000
="6148",7000,7000,0
="6150",1000,4000,-3000
="6152",2000,0,2000
="6153",1000,22000,-21000
="6163",47000,3000,44000
="6164",0,1000,-1000
="6165",0,1000,-1000
="6166",0,1000,-1000
="6168",7000,1000,6000
="6176",4000,9000,-5000
="6180",1000,0,1000
="6182",5000,74000,-69000
="6185",1000,1200,-200
="6187",33000,12000,21000
="6191",0,10000,-10000
="6194",0,1000,-1000
="6196",10022,8170,1852
="6202",27000,34000,-7000
="6203",20000,18000,2000
="6205",0,2000,-2000
="6208",18050,29000,-10950
="6209",21000,0,21000
="6213",10030,13000,-2970
="6214",1000,1000,0
="6219",0,5000,-5000
="6223",61000,3000,58000
="6224",131000,7410,123590
="6226",3000,0,3000
="6231",2000,0,2000
="6237",64000,51000,13000
="6239",0,45000,-45000
="6243",4000,6000,-2000
="6251",1000,2000,-1000
="6257",4000,12500,-8500
="6261",0,2000,-2000
="6269",3000,22000,-19000
="6271",21000,11000,10000
="6274",108000,31000,77000
="6278",15000,200000,-185000
="6279",0,25000,-25000
="6282",2000,46000,-44000
="6284",11000,1000,10000
="6285",0,4000,-4000
="6288",5000,1000,4000
="6290",1000,0,1000
="6412",1000,56000,-55000
="6414",5000,51129,-46129
="6415",1000,1000,0
="6426",2000,2000,0
="6432",0,3000,-3000
="6438",3000,0,3000
="6441",5000,4000,1000
="6443",10020,8000,2020
="6446",2636,1000,1636
="6451",1000,1000,0
="6456",1000,14000,-13000
="6462",1000,2000,-1000
="6477",142000,2000,140000
="6485",86000,59749,26251
="6491",16000,21000,-5000
="6492",1000,2000,-1000
="6496",95,1300,-1205
="6499",1000,0,1000
="6504",0,3000,-3000
="6510",0,1000,-1000
="6525",0,5000,-5000
="6531",33000,88152,-55152
="6533",35000,25000,10000
="6541",0,1000,-1000
="6547",128010,414000,-285990
="6576",19000,4000,15000
="6582",0,1000,-1000
="6588",1000,0,1000
="6589",76150,230000,-153850
="6591",2000,0,2000
="6593",1000,1000,0
="6594",0,1000,-1000
="6642",2000,20000,-18000
="6669",30020,4000,26020
="6670",2000,20000,-18000
="6672",0,1400,-1400
="6679",1200,300,900
="6706",1000,0,1000
="6712",5,1000,-995
="6715",0,1000,-1000
="6727",2000,0,2000
="6732",0,280,-280
="6733",1000,0,1000
="6743",19000,2000,17000
="712148",10000,0,10000
="712199",0,200000,-200000
="712605",400000,0,400000
="712612",55000,0,55000
="712918",10000,0,10000
="712920",0,3000,-3000
="712923",5000,0,5000
="712980",20000,1000,19000
="712981",80000,44000,36000
="713042",670000,2000,668000
="713073",30000,0,30000
="713182",100000,0,100000
="713184",200000,0,200000
="713225",10000,0,10000
="713226",2000,0,2000
="713404",0,195000,-195000
="713419",37000,0,37000
="713514",120000,0,120000
="713515",210000,0,210000
="713545",10000,10000,0
="713587",0,21000,-21000
="713647",141000,0,141000
="713649",11000,6000,5000
="713651",3000,0,3000
="713675",1787000,979000,808000
="713676",0,5000,-5000
="713979",0,1000,-1000
="714033",45000,0,45000
="714211",10000,0,10000
="714237",1000,20000,-19000
="714238",82000,0,82000
="714431",0,10000,-10000
="714488",0,10000,-10000
="714489",110000,0,110000
="714513",0,3000,-3000
="714514",48000,0,48000
="714516",130000,50000,80000
="714518",10000,30000,-20000
="714620",35000,0,35000
="714623",0,5000,-5000
="714686",10000,0,10000
="714714",3000,50000,-47000
="714837",10000,0,10000
="714856",404000,101000,303000
="714858",124000,233000,-109000
="714889",0,10000,-10000
="715011",10000,0,10000
="715066",299000,30000,269000
="715067",30000,0,30000
="715070",110000,0,110000
="715073",0,1000,-1000
="715159",490000,70000,420000
="715161",0,21000,-21000
="715163",30000,210000,-180000
="715164",3000,0,3000
="715181",1000,4000,-3000
="715239",18000,0,18000
="715286",0,10000,-10000
="715288",39000,0,39000
="715417",0,68000,-68000
="715519",179000,0,179000
="715520",141000,0,141000
="715521",0,19000,-19000
="715548",161000,16000,145000
="715549",0,10000,-10000
="715553",8000,60000,-52000
="715554",229000,100000,129000
="715657",2000,0,2000
="715660",0,1000,-1000
="715661",18000,430000,-412000
="715691",40000,0,40000
="715693",0,1000,-1000
="715694",10000,51000,-41000
="715743",0,2000,-2000
="715780",0,20000,-20000
="715901",10000,110000,-100000
="715971",120000,0,120000
="716036",10000,0,10000
="716037",3000,1000,2000
="716111",0,20000,-20000
="716137",60000,0,60000
="716296",29000,5000,24000
="716297",9000,0,9000
="716298",60000,107000,-47000
="716299",1746000,4000,1742000
="716347",30000,0,30000
="716368",0,51000,-51000
="716369",7000,5000,2000
="716370",112000,411000,-299000
="716493",0,60000,-60000
="716499",0,20000,-20000
="716593",35000,0,35000
="716594",10000,0,10000
="716596",0,2000,-2000
="716668",10000,0,10000
="716677",200000,52000,148000
="716718",0,25000,-25000
="716816",0,10000,-10000
="716837",4000,5000,-1000
="716907",31000,20000,11000
="716908",0,26000,-26000
="716933",10000,5000,5000
="716954",0,4000,-4000
="716956",35000,356000,-321000
="716958",289000,45000,244000
="716997",37000,0,37000
="716998",98000,10000,88000
="716999",2000,0,2000
="717000",3000,0,3000
="717007",0,70000,-70000
="717013",0,13000,-13000
="717024",5000,0,5000
="717087",6000,0,6000
="717088",0,30000,-30000
="717101",50000,0,50000
="717103",142000,0,142000
="717159",0,31000,-31000
="717203",8000,5000,3000
="717204",93000,1000,92000
="717207",30000,0,30000
="717208",19000,0,19000
="717210",34000,0,34000
="717310",10000,0,10000
="717311",20000,16000,4000
="717351",0,30000,-30000
="717353",139000,207000,-68000
="717354",640000,14000,626000
="717356",0,10000,-10000
="717359",0,90000,-90000
="717361",20000,0,20000
="717363",170000,15000,155000
="717364",0,16000,-16000
="717420",0,48000,-48000
="717459",0,85000,-85000
="717461",124000,1283000,-1159000
="717464",10000,141000,-131000
="717466",0,100000,-100000
="717468",599000,1216000,-617000
="717469",15000,21000,-6000
="717509",11000,70000,-59000
="717513",100000,60000,40000
="717514",33000,10000,23000
="717518",104000,315000,-211000
="717519",0,5000,-5000
="717520",50000,120000,-70000
="717523",0,1000,-1000
="717524",38000,12000,26000
="717526",30000,60000,-30000
="717528",0,135000,-135000
="717529",0,125000,-125000
="717531",0,20000,-20000
="717566",396000,0,396000
="717569",186000,0,186000
="717570",72000,147000,-75000
="717606",287000,0,287000
="717608",10000,0,10000
="717609",46000,0,46000
="717610",25000,0,25000
="717636",8000,30000,-22000
="717639",155000,5000,150000
="717640",6000,0,6000
="717641",50000,39000,11000
="717649",0,15000,-15000
="717683",89000,10000,79000
="717687",10000,0,10000
="717688",1000,53000,-52000
="717689",6000,5000,1000
="717718",0,45000,-45000
="717737",30000,0,30000
="717738",200000,10000,190000
="717739",2000,60000,-58000
="717741",0,829000,-829000
="717773",65000,0,65000
="717774",163000,560000,-397000
="717776",11000,20000,-9000
="717777",0,12000,-12000
="717778",0,20000,-20000
="717779",0,1000,-1000
="717780",0,1000,-1000
="717784",100000,0,100000
="717816",464000,310000,154000
="717817",49000,349000,-300000
="717818",122000,332000,-210000
="717819",0,73000,-73000
="717820",0,50000,-50000
="717846",50000,100000,-50000
="717858",5000,20000,-15000
="717860",60000,130000,-70000
="717861",46000,0,46000
="717918",2000,5000,-3000
="717950",50000,10000,40000
="717951",30000,0,30000
="717953",50000,18000,32000
="717957",67000,225000,-158000
="717958",12000,0,12000
="717959",0,325000,-325000
="717963",0,29000,-29000
="718039",107000,65000,42000
="718040",0,410000,-410000
="718041",924000,269000,655000
="718044",0,180000,-180000
="718046",186000,5000,181000
="718047",115000,102000,13000
="718048",50000,6000,44000
="718094",35000,10000,25000
="718098",1000,0,1000
="718099",5000,10000,-5000
="718101",0,35000,-35000
="718103",140000,5000,135000
="718104",10000,48000,-38000
="718178",200000,0,200000
="718179",0,30000,-30000
="718180",136000,0,136000
="718218",6000,0,6000
="718221",0,20000,-20000
="718263",1000,20000,-19000
="718309",0,3000,-3000
="718310",2000,0,2000
="718359",1000,78000,-77000
="718363",29000,1000,28000
="718464",0,30000,-30000
="718467",0,10000,-10000
="73604P",6000,0,6000
="73655P",47000,0,47000
="73675P",0,1000,-1000
="73693P",29000,0,29000
="73717P",15000,9000,6000
="73731P",97000,0,97000
="73754P",5000,0,5000
="73755P",13000,0,13000
="73764P",5000,0,5000
="73774P",31000,1000,30000
="73781P",0,149000,-149000
="73803P",193000,5000,188000
="73804P",5000,0,5000
="73805P",263000,62000,201000
="7556",2000,0,2000
="8011",0,1000,-1000
="8016",177000,18000,159000
="8021",1000,0,1000
="8028",3000,5000,-2000
="8033",5000,0,5000
="8042",0,1000,-1000
="8043",4000,1000,3000
="8044",0,3000,-3000
="8046",216000,134000,82000
="8054",17000,11000,6000
="8069",127000,208000,-81000
="8070",68000,9000,59000
="8081",6000,3000,3000
="8085",0,6000,-6000
="8086",15000,207631,-192631
="8087",2000,0,2000
="8089",0,2000,-2000
="8092",20000,5000,15000
="8101",0,1000,-1000
="8103",5000,0,5000
="8104",0,1000,-1000
="8105",15000,5000,10000
="8110",0,23150,-23150
="8111",4000,0,4000
="8114",5000,0,5000
="8121",0,7000,-7000
="8150",0,22000,-22000
="8163",8000,8000,0
="8171",0,34000,-34000
="8183",52000,40000,12000
="8213",1000,0,1000
="8215",66000,3000,63000
="8234",3000,0,3000
="8240",0,6000,-6000
="8261",1000,0,1000
="8299",2000,3000,-1000
="8341",1000,0,1000
="8358",2556000,501364,2054636
="8403",0,18493,-18493
="8429",162,0,162
="8431",0,10,-10
="8433",0,1000,-1000
="8436",4000,1000,3000
="8464",1000,3200,-2200
="8472",1000,0,1000
="8477",2,0,2
="8489",1000,0,1000
="8499",4000,0,4000
="8905",2,0,2
="8924",20000,7000,13000
="8927",0,9000,-9000
="8936",0,6000,-6000
="8938",2000,2000,0
="8996",8000,0,8000
="9103",36000,135000,-99000
="9105",10500,5000,5500
="912000",0,35000,-35000
="912398",200,0,200
="9802",1000,0,1000
="9904",2000,0,2000
="9911",0,65000,-65000
="9914",7000,28000,-21000
="9921",1000,15000,-14000
="9927",4000,0,4000
="9935",5000,0,5000
="9938",19000,109000,-90000
="9942",4000,0,4000
="9945",0,32000,-32000
="9946",5,0,5
="9951",1000,10000,-9000
="9955",50,0,50
="9958",0,38000,-38000
