="0050",24822,24001,821
="0052",1000,0,1000
="0056",121132,188000,-66868
="0061",0,1000,-1000
="006201",2000,2000,0
="006205",0,21000,-21000
="006206",50000,0,50000
="006208",255135,257000,-1865
="00632R",45000,699000,-654000
="00634R",0,50000,-50000
="00635U",1000,0,1000
="00637L",62000,4073000,-4011000
="00638R",0,10000,-10000
="00640L",0,4000,-4000
="00642U",18000,98000,-80000
="00648R",1000,0,1000
="00650L",0,5000,-5000
="00664R",0,500000,-500000
="00669R",26000,5000,21000
="00673R",0,102000,-102000
="00677U",72000,100000,-28000
="00678",0,2000,-2000
="00679B",1000,186000,-185000
="00682U",0,126000,-126000
="00683L",20000,914000,-894000
="00684R",16000,0,16000
="00687B",50000,54000,-4000
="00688L",50000,50000,0
="00689R",50000,50000,0
="00692",1000,2000,-1000
="00694B",50000,50000,0
="00695B",50000,62000,-12000
="00696B",100000,124000,-24000
="00697B",50000,50000,0
="00701",6000,0,6000
="00703",0,1000,-1000
="00708L",0,2000,-2000
="00712",19000,1000,18000
="00713",62000,0,62000
="00715L",65000,2000,63000
="00717",31000,8000,23000
="00718B",123000,101000,22000
="00719B",50000,50000,0
="00720B",51000,67000,-16000
="00721B",50000,50000,0
="00722B",54000,79000,-25000
="00723B",50000,50000,0
="00724B",51000,63000,-12000
="00728",7000,1000,6000
="00733",100000,100000,0
="00746B",0,1000,-1000
="00751B",84000,95000,-11000
="00752",2000,8010,-6010
="00754B",51000,50000,1000
="00755B",51000,54000,-3000
="00756B",52000,50000,2000
="00757",2000,0,2000
="00760B",0,10000,-10000
="00764B",50000,56000,-6000
="00765B",50000,50000,0
="00772B",70000,70000,0
="00773B",70000,70000,0
="00779B",0,60000,-60000
="00795B",71000,122000,-51000
="00796B",70000,70000,0
="00847B",70000,70000,0
="00848B",70000,70000,0
="00849B",72000,70000,2000
="00850",2000,1000,1000
="00861",0,3000,-3000
="00862B",70000,70000,0
="00863B",70000,70000,0
="00864B",70000,70000,0
="00868B",50000,50000,0
="00869B",50000,50000,0
="00870B",50000,50000,0
="00871B",50000,50000,0
="00876",3050,6000,-2950
="00877",0,1000,-1000
="00878",164060,22000,142060
="00881",458368,9523000,-9064632
="020011",8000,12000,-4000
="020015",2000,0,2000
="020016",100000,102000,-2000
="020018",137000,24000,113000
="020019",362000,387000,-25000
="02001B",0,1000,-1000
="020021",401000,695000,-294000
="020022",805000,0,805000
="03049P",167000,0,167000
="03064P",0,1000,-1000
="03396P",222000,0,222000
="03843P",0,699000,-699000
="03859P",78000,0,78000
="03990P",0,2000,-2000
="04126P",0,22000,-22000
="04317P",20000,10000,10000
="04512P",0,50000,-50000
="04513P",103000,130000,-27000
="04518P",80000,0,80000
="04594P",0,151000,-151000
="04674P",32000,0,32000
="04728P",0,300000,-300000
="04729P",2000,22000,-20000
="04826P",3000,2000,1000
="04859P",0,6000,-6000
="04860P",0,55000,-55000
="04861P",0,2000,-2000
="04908P",0,34000,-34000
="04985P",0,170000,-170000
="05006P",70000,1000,69000
="05070P",40000,0,40000
="05102P",4000,0,4000
="05103P",100000,0,100000
="05104P",0,21000,-21000
="05128P",41000,19000,22000
="05129P",6000,0,6000
="05143P",0,19000,-19000
="05144P",0,30000,-30000
="05161P",55000,447000,-392000
="05162P",5000,39000,-34000
="05237P",244000,131000,113000
="05297P",17000,19000,-2000
="05299P",3000,12000,-9000
="05300P",0,64000,-64000
="05342P",0,21000,-21000
="05422P",851000,775000,76000
="05447P",10000,15000,-5000
="05481P",29000,50000,-21000
="05482P",0,21000,-21000
="05500P",0,102000,-102000
="05594P",11000,3000,8000
="05595P",0,37000,-37000
="05608P",1000,0,1000
="05632P",19000,35000,-16000
="05697P",348000,870000,-522000
="05698P",1000,45000,-44000
="05699P",488000,138000,350000
="05706P",10000,238000,-228000
="05707P",10000,15000,-5000
="05749P",41000,0,41000
="05750P",33000,146000,-113000
="05776P",0,5000,-5000
="05777P",19000,10000,9000
="060347",123000,10000,113000
="061289",10000,11000,-1000
="061290",439000,0,439000
="062586",15000,0,15000
="062679",5000,0,5000
="062684",32000,0,32000
="062806",1000,0,1000
="063051",20000,0,20000
="063057",364000,20000,344000
="063134",22000,0,22000
="063201",51000,10000,41000
="063207",2000,0,2000
="063337",3000,0,3000
="063347",12000,50000,-38000
="063436",0,54000,-54000
="063439",9000,0,9000
="063444",0,49000,-49000
="063446",0,199000,-199000
="063450",0,20000,-20000
="063452",2000,0,2000
="063536",80000,0,80000
="063662",0,1000,-1000
="063668",0,200000,-200000
="063671",6000,0,6000
="063788",2000,15000,-13000
="063926",0,20000,-20000
="063927",21000,0,21000
="063934",100000,0,100000
="064039",1000,0,1000
="064057",198000,0,198000
="064137",5000,4000,1000
="064145",0,50000,-50000
="064162",4000,0,4000
="064241",0,50000,-50000
="064244",106000,0,106000
="064453",0,5000,-5000
="064563",0,10000,-10000
="064710",0,117000,-117000
="064713",0,21000,-21000
="064714",0,45000,-45000
="064719",28000,0,28000
="064720",33000,3000,30000
="064724",1000,0,1000
="064725",0,42000,-42000
="064819",0,2000,-2000
="064829",101000,0,101000
="064911",1000,0,1000
="064915",16000,0,16000
="064917",49000,0,49000
="064918",45000,0,45000
="064919",22000,0,22000
="064921",1000,5000,-4000
="064927",80000,0,80000
="064929",140000,0,140000
="064933",40000,0,40000
="065183",0,200000,-200000
="065185",10000,0,10000
="065186",30000,0,30000
="065187",1000,0,1000
="065296",11000,0,11000
="065297",0,2000,-2000
="065315",0,150000,-150000
="065338",10000,0,10000
="065344",71000,0,71000
="065447",8000,0,8000
="065451",90000,0,90000
="065532",60000,22000,38000
="065539",5000,0,5000
="065541",300000,160000,140000
="065679",96000,0,96000
="065683",55000,30000,25000
="065685",50000,105000,-55000
="065686",301000,0,301000
="065889",15000,43000,-28000
="065892",0,10000,-10000
="065945",65000,0,65000
="065950",35000,100000,-65000
="065952",195000,0,195000
="065957",135000,26000,109000
="066005",1000,11000,-10000
="066009",20000,0,20000
="066010",0,5000,-5000
="066196",115000,0,115000
="066198",10000,23000,-13000
="066200",40000,0,40000
="066201",394000,0,394000
="066203",1097000,102000,995000
="066205",10000,120000,-110000
="066213",0,230000,-230000
="066217",10000,20000,-10000
="066218",0,6000,-6000
="066422",0,30000,-30000
="066456",10000,0,10000
="066458",20000,0,20000
="066460",23000,100000,-77000
="066466",10000,0,10000
="066471",301000,50000,251000
="066524",26000,0,26000
="066525",26000,10000,16000
="066526",709000,1147000,-438000
="066527",40000,0,40000
="066529",0,55000,-55000
="067143",111000,71000,40000
="067147",11000,0,11000
="067149",83000,330000,-247000
="067150",791000,101000,690000
="067151",6000,44000,-38000
="067152",181000,0,181000
="067156",12000,0,12000
="067276",33000,60000,-27000
="067278",0,336000,-336000
="067279",0,10000,-10000
="067368",24000,0,24000
="067369",18000,0,18000
="067370",19000,0,19000
="067371",10000,0,10000
="067372",67000,0,67000
="067373",5000,0,5000
="067378",5000,0,5000
="067383",22000,0,22000
="067385",5000,4000,1000
="067501",15000,1126000,-1111000
="067503",22000,50000,-28000
="067505",20000,0,20000
="067510",1000,244000,-243000
="067514",0,50000,-50000
="067515",300000,0,300000
="067766",4000,0,4000
="067768",2000,0,2000
="067770",5000,15000,-10000
="067775",55000,0,55000
="067831",0,10000,-10000
="067832",0,30000,-30000
="067834",2000,1000,1000
="067835",190000,0,190000
="067837",0,200000,-200000
="068045",0,50000,-50000
="068048",0,15000,-15000
="068057",14000,0,14000
="068128",9000,13000,-4000
="068129",469000,490000,-21000
="068131",235000,9000,226000
="068217",21000,13000,8000
="068219",33000,0,33000
="068220",535000,258000,277000
="068221",377000,52000,325000
="068223",2000,5000,-3000
="068224",0,13000,-13000
="068260",0,70000,-70000
="068382",0,10000,-10000
="068383",59000,19000,40000
="068384",2000,0,2000
="068386",0,40000,-40000
="068387",31000,1000,30000
="068388",10000,0,10000
="068390",79000,115000,-36000
="068391",0,507000,-507000
="068392",10000,0,10000
="068395",0,15000,-15000
="068396",100000,0,100000
="068407",0,10000,-10000
="068510",20000,0,20000
="068511",793000,358000,435000
="068512",41000,0,41000
="068513",100000,0,100000
="068514",3000,30000,-27000
="068515",5000,21000,-16000
="068516",88000,113000,-25000
="068519",0,40000,-40000
="068521",3000,55000,-52000
="068592",42000,122000,-80000
="068593",20000,0,20000
="068665",5000,5000,0
="068668",0,10000,-10000
="068669",39000,29000,10000
="068670",884000,1502000,-618000
="068671",7000,5000,2000
="068672",70000,20000,50000
="068673",329000,0,329000
="068674",1065000,117000,948000
="068764",2000,13000,-11000
="068766",8000,0,8000
="068767",3000,1000,2000
="068769",0,113000,-113000
="068772",1000,0,1000
="068842",2000,0,2000
="068844",1000,0,1000
="068845",170000,0,170000
="068849",66000,8000,58000
="068852",20000,395000,-375000
="068854",149000,10000,139000
="068882",2000,0,2000
="068883",7000,1000,6000
="068887",40000,0,40000
="068894",0,25000,-25000
="069030",172000,10000,162000
="069034",0,100000,-100000
="069035",55000,0,55000
="069040",36000,70000,-34000
="069094",15000,215000,-200000
="069095",43000,1000,42000
="069097",274000,60000,214000
="069098",0,50000,-50000
="069099",301000,78000,223000
="069103",0,15000,-15000
="069105",69000,1000,68000
="069106",13000,4000,9000
="069190",114000,372000,-258000
="069192",100000,4000,96000
="069193",1940000,28000,1912000
="069287",0,150000,-150000
="069396",0,50000,-50000
="069397",70000,10000,60000
="069401",2000,0,2000
="069402",147000,75000,72000
="069404",0,30000,-30000
="069405",1000,0,1000
="069406",50000,0,50000
="069407",2000,26000,-24000
="069409",30000,25000,5000
="069411",0,8000,-8000
="069412",30000,151000,-121000
="069414",6487000,2689000,3798000
="069415",46000,0,46000
="069416",48000,40000,8000
="069446",0,10000,-10000
="069448",10000,16000,-6000
="069449",355000,1308000,-953000
="069453",10000,0,10000
="069612",6000,0,6000
="069613",0,200000,-200000
="069615",1000,1000,0
="069616",32000,0,32000
="069618",100000,64000,36000
="069619",10000,13000,-3000
="069622",5000,0,5000
="069691",485000,1154000,-669000
="069693",590000,94000,496000
="069698",0,1000,-1000
="069823",8000,111000,-103000
="069927",187000,40000,147000
="069929",4000,0,4000
="069930",126000,0,126000
="069931",30000,0,30000
="069933",12000,200000,-188000
="069934",10000,0,10000
="070133",807000,338000,469000
="070134",20000,6000,14000
="070135",0,239000,-239000
="070136",120000,207000,-87000
="070137",10000,0,10000
="070138",0,192000,-192000
="070141",499000,125000,374000
="070146",9000,0,9000
="070147",381000,36000,345000
="070148",49000,155000,-106000
="070245",0,10000,-10000
="070249",198000,0,198000
="070250",126000,28000,98000
="070251",509000,0,509000
="070252",441000,395000,46000
="070255",239000,134000,105000
="070258",210000,50000,160000
="070318",0,2200000,-2200000
="070371",100000,0,100000
="070376",144000,107000,37000
="070428",1000,0,1000
="070430",8000,70000,-62000
="070431",11000,10000,1000
="070432",0,75000,-75000
="070444",151000,219000,-68000
="070445",5000,201000,-196000
="070531",0,320000,-320000
="070533",94000,0,94000
="070534",6000,12000,-6000
="070536",108000,123000,-15000
="070539",0,99000,-99000
="070606",195000,0,195000
="070608",47000,1000,46000
="070609",1000,10000,-9000
="070632",0,998000,-998000
="070746",0,10000,-10000
="070794",0,10000,-10000
="070800",60000,0,60000
="070857",16000,20000,-4000
="070859",105000,0,105000
="070860",572000,680000,-108000
="070861",35000,10000,25000
="070862",5000,105000,-100000
="070864",1009000,38000,971000
="070865",1000,145000,-144000
="070867",855000,120000,735000
="071123",0,10000,-10000
="071124",40000,0,40000
="071126",0,8000,-8000
="071129",0,1000,-1000
="071206",22000,8000,14000
="071210",0,2000,-2000
="071214",1000,25000,-24000
="071215",0,1000,-1000
="071218",164000,212000,-48000
="071220",10000,102000,-92000
="071221",1000,0,1000
="071222",0,5000,-5000
="071223",216000,0,216000
="071224",1000,0,1000
="071225",56000,0,56000
="071226",0,14000,-14000
="071252",2000,0,2000
="071319",3000,4000,-1000
="071321",47000,121000,-74000
="071323",0,8000,-8000
="071324",100000,0,100000
="071327",3000,0,3000
="071331",0,50000,-50000
="071334",612000,37000,575000
="071335",5000,0,5000
="071446",30000,0,30000
="071447",150000,100000,50000
="071448",119000,178000,-59000
="071457",55000,40000,15000
="071567",25000,0,25000
="071569",8000,0,8000
="071571",51000,70000,-19000
="071572",10000,20000,-10000
="071709",0,149000,-149000
="071710",66000,35000,31000
="071750",25000,0,25000
="071843",2000,0,2000
="071845",140000,0,140000
="071887",10000,74000,-64000
="071890",11000,0,11000
="072046",100000,5000,95000
="072047",6000,0,6000
="072049",60000,0,60000
="072050",11000,0,11000
="072051",234000,208000,26000
="072122",0,93000,-93000
="072123",0,56000,-56000
="072254",0,20000,-20000
="072300",20000,5000,15000
="072306",174000,7000,167000
="072307",0,5000,-5000
="072308",0,10000,-10000
="072309",5000,0,5000
="072310",0,20000,-20000
="072312",50000,0,50000
="072313",20000,85000,-65000
="072403",5000,12000,-7000
="072404",21000,0,21000
="072406",0,12000,-12000
="072408",10000,0,10000
="072409",44000,25000,19000
="072410",339000,180000,159000
="072411",10000,0,10000
="072412",296000,20000,276000
="072462",19000,10000,9000
="072473",5000,0,5000
="072554",0,10000,-10000
="072556",0,12000,-12000
="072557",20000,0,20000
="072559",136000,0,136000
="072560",54000,20000,34000
="072561",10000,140000,-130000
="072562",387000,5000,382000
="072568",15000,284000,-269000
="072625",0,30000,-30000
="072628",0,22000,-22000
="072633",5000,13000,-8000
="072634",0,593000,-593000
="072635",2000,0,2000
="072638",0,369000,-369000
="072639",1000,0,1000
="072640",9000,0,9000
="072706",10000,0,10000
="072708",10000,0,10000
="072710",20000,0,20000
="072711",708000,0,708000
="072808",38000,58000,-20000
="072810",10000,0,10000
="072812",60000,7000,53000
="072813",760000,78000,682000
="072953",15000,0,15000
="072964",1067000,1000000,67000
="072968",378000,55000,323000
="072971",31000,9000,22000
="072972",8000,0,8000
="072973",27000,31000,-4000
="072974",0,10000,-10000
="073027",584000,108000,476000
="073029",10000,1000,9000
="073031",367000,111000,256000
="073032",125000,0,125000
="073035",770000,30000,740000
="073036",1000,62000,-61000
="073037",711000,3000,708000
="073038",178000,0,178000
="073039",0,95000,-95000
="073040",10000,10000,0
="073094",1000,10000,-9000
="073095",20000,5000,15000
="073096",20000,0,20000
="073099",10000,0,10000
="073100",83000,0,83000
="073102",76000,0,76000
="073103",220000,87000,133000
="073104",39000,0,39000
="073105",57000,80000,-23000
="073106",100000,0,100000
="073377",0,5000,-5000
="073382",14000,0,14000
="073383",10000,19000,-9000
="073388",26000,15000,11000
="073390",4000,0,4000
="073488",10000,20000,-10000
="073489",2000,11000,-9000
="073491",0,1000,-1000
="073492",2000,0,2000
="073493",20000,55000,-35000
="073496",306000,0,306000
="073497",0,12000,-12000
="073499",8000,0,8000
="073500",55000,50000,5000
="073501",110000,0,110000
="073502",20000,139000,-119000
="073503",21000,579000,-558000
="073572",5000,0,5000
="073615",192000,153000,39000
="073616",47000,35000,12000
="073735",0,499000,-499000
="073737",11000,0,11000
="073739",0,2000,-2000
="073740",1000,0,1000
="073741",31000,5000,26000
="073743",32000,15000,17000
="073744",1000,0,1000
="073745",0,2000,-2000
="073746",0,30000,-30000
="073747",24000,27000,-3000
="073748",0,10000,-10000
="073808",56000,21000,35000
="073809",1000,105000,-104000
="073810",15000,12000,3000
="073811",130000,74000,56000
="073812",0,41000,-41000
="073813",7000,43000,-36000
="073979",0,99000,-99000
="073982",0,30000,-30000
="073984",116000,4000,112000
="073985",20000,0,20000
="074062",7000,0,7000
="074063",15000,0,15000
="074064",155000,0,155000
="074065",72000,82000,-10000
="074066",5000,0,5000
="074067",48000,15000,33000
="074068",123000,87000,36000
="074069",0,2000,-2000
="074165",5000,0,5000
="074167",70000,12000,58000
="074168",6000,0,6000
="074170",170000,0,170000
="074171",5000,120000,-115000
="074255",33000,0,33000
="074257",308000,50000,258000
="074343",17000,0,17000
="074344",131000,20000,111000
="074345",80000,0,80000
="074347",962000,419000,543000
="074348",1000,0,1000
="074349",10000,0,10000
="074350",32000,182000,-150000
="074351",21000,22000,-1000
="074352",10000,30000,-20000
="074353",54000,10000,44000
="074354",81000,65000,16000
="074444",8000,2000,6000
="074445",20000,0,20000
="074447",22000,0,22000
="074448",782000,141000,641000
="074449",0,10000,-10000
="074450",25000,395000,-370000
="074451",22000,0,22000
="074453",235000,0,235000
="074454",26000,3000,23000
="074455",0,40000,-40000
="074491",0,10000,-10000
="074493",2000,0,2000
="074495",104000,228000,-124000
="074496",10000,0,10000
="074498",10000,0,10000
="074499",180000,92000,88000
="074680",169000,12000,157000
="074681",127000,60000,67000
="074684",0,3000,-3000
="074685",81000,53000,28000
="074686",0,20000,-20000
="074687",38000,56000,-18000
="074690",28000,48000,-20000
="074758",7000,0,7000
="074784",0,22000,-22000
="074787",4000,0,4000
="074788",10000,5000,5000
="074789",10000,5000,5000
="074790",191000,52000,139000
="074791",9000,38000,-29000
="074792",0,246000,-246000
="074794",145000,103000,42000
="074795",62000,10000,52000
="074796",530000,0,530000
="074800",73000,22000,51000
="074801",294000,1378000,-1084000
="074802",0,6000,-6000
="074803",5000,0,5000
="074804",58000,1000,57000
="074806",50000,10000,40000
="074807",92000,133000,-41000
="074809",18000,0,18000
="074810",200000,19000,181000
="074812",22000,13000,9000
="074813",157000,0,157000
="074814",10000,0,10000
="074818",10000,0,10000
="074819",288000,52000,236000
="074833",5000,0,5000
="074894",7000,0,7000
="074896",3000,5000,-2000
="074900",71000,12000,59000
="074902",111000,154000,-43000
="074903",51000,0,51000
="074905",0,10000,-10000
="074906",46000,101000,-55000
="074908",1000,0,1000
="075049",2000,0,2000
="075050",0,25000,-25000
="075051",68000,97000,-29000
="075052",77000,67000,10000
="075054",290000,119000,171000
="075170",21000,0,21000
="075171",25000,0,25000
="075172",73000,1000,72000
="075173",0,8000,-8000
="075174",32000,0,32000
="075240",15000,15000,0
="075243",25000,189000,-164000
="075245",60000,0,60000
="075396",163000,122000,41000
="075397",11000,12000,-1000
="075398",0,56000,-56000
="075399",464000,0,464000
="075400",9000,0,9000
="075401",75000,50000,25000
="075402",0,5000,-5000
="075404",5000,0,5000
="075405",162000,150000,12000
="075407",35000,0,35000
="075412",75000,0,75000
="075513",10000,5000,5000
="075516",20000,0,20000
="075517",189000,6000,183000
="075640",13000,0,13000
="075642",220000,113000,107000
="075691",20000,0,20000
="075693",0,15000,-15000
="075694",135000,15000,120000
="075696",5000,0,5000
="075697",47000,63000,-16000
="075699",20000,75000,-55000
="075700",0,10000,-10000
="075701",13000,5000,8000
="075826",232000,340000,-108000
="075827",38000,0,38000
="075828",129000,1000,128000
="075829",119000,10000,109000
="075830",0,50000,-50000
="075831",0,689000,-689000
="075964",45000,110000,-65000
="075966",30000,0,30000
="075968",6000,20000,-14000
="075969",30000,126000,-96000
="075970",115000,631000,-516000
="075971",124000,121000,3000
="075972",183000,25000,158000
="076036",20000,0,20000
="076050",0,10000,-10000
="076055",0,20000,-20000
="076056",44000,0,44000
="076057",1191000,0,1191000
="076058",0,1000,-1000
="076059",0,175000,-175000
="076060",6000,11000,-5000
="076061",0,3000,-3000
="076063",9000,0,9000
="076064",330000,543000,-213000
="076107",50000,0,50000
="076180",17000,0,17000
="076181",1000,0,1000
="076182",1000,0,1000
="076184",158000,58000,100000
="076185",15000,0,15000
="076289",1000,49000,-48000
="076290",150000,36000,114000
="076291",12000,0,12000
="076292",77000,0,77000
="076405",50000,0,50000
="076406",3000,1000,2000
="076407",0,57000,-57000
="076408",32000,0,32000
="076409",1000,0,1000
="076410",5000,113000,-108000
="076411",172000,32000,140000
="076412",0,83000,-83000
="076413",0,126000,-126000
="076414",20000,209000,-189000
="076415",59000,15000,44000
="076416",61000,261000,-200000
="076417",12000,5000,7000
="076418",0,157000,-157000
="076420",0,232000,-232000
="076421",136000,0,136000
="076551",30000,10000,20000
="076648",0,41000,-41000
="076652",113000,20000,93000
="076653",8000,20000,-12000
="076654",119000,37000,82000
="076655",208000,38000,170000
="076682",50000,0,50000
="076845",77000,30000,47000
="076912",299000,0,299000
="076913",2000,10000,-8000
="076914",0,1000,-1000
="076915",17000,11000,6000
="076918",8000,0,8000
="076920",0,20000,-20000
="076921",15000,35000,-20000
="076922",1000,71000,-70000
="076923",24000,0,24000
="077039",20000,0,20000
="077060",3000,0,3000
="077061",275000,268000,7000
="077064",101000,20000,81000
="077065",32000,17000,15000
="077066",929000,326000,603000
="077067",312000,157000,155000
="077068",73000,1000,72000
="077103",359000,328000,31000
="077104",1000,1000,0
="077105",29000,15000,14000
="077107",200000,23000,177000
="077108",338000,5000,333000
="077109",136000,0,136000
="077110",20000,79000,-59000
="077217",10000,0,10000
="077275",324000,48000,276000
="077276",80000,69000,11000
="077277",28000,9000,19000
="077278",53000,21000,32000
="077279",25000,107000,-82000
="077280",20000,566000,-546000
="077281",0,236000,-236000
="077412",33000,0,33000
="077457",7000,0,7000
="077585",249000,11000,238000
="077586",196000,53000,143000
="077587",78000,39000,39000
="077588",50000,5000,45000
="077590",32000,0,32000
="077591",1000,0,1000
="077592",24000,0,24000
="077593",30000,0,30000
="077594",10000,0,10000
="077595",192000,16000,176000
="077596",0,10000,-10000
="077647",110000,2000,108000
="077648",10000,186000,-176000
="077649",0,40000,-40000
="077650",0,20000,-20000
="077652",10000,0,10000
="077653",161000,294000,-133000
="077654",460000,258000,202000
="077655",20000,15000,5000
="077656",8000,0,8000
="077657",10000,0,10000
="077658",254000,28000,226000
="077659",68000,17000,51000
="077765",0,9000,-9000
="077810",46000,139000,-93000
="077811",40000,302000,-262000
="077812",95000,10000,85000
="077861",2000,0,2000
="077921",5000,0,5000
="077941",15000,0,15000
="077942",189000,252000,-63000
="077944",5000,448000,-443000
="077945",478000,450000,28000
="077946",335000,71000,264000
="078038",231000,0,231000
="078087",497000,289000,208000
="078089",9000,65000,-56000
="078090",7000,66000,-59000
="078091",47000,103000,-56000
="078092",83000,30000,53000
="078094",10000,10000,0
="078095",46000,0,46000
="078096",17000,0,17000
="078097",117000,0,117000
="078098",103000,0,103000
="078099",70000,23000,47000
="078341",0,5000,-5000
="078363",1000,0,1000
="078374",20000,10000,10000
="078400",2000,0,2000
="078461",198000,12000,186000
="078462",100000,1000,99000
="078464",321000,12000,309000
="078466",125000,313000,-188000
="078468",1000,0,1000
="078469",41000,15000,26000
="078470",96000,19000,77000
="078471",0,16000,-16000
="078472",5000,4000,1000
="078473",41000,10000,31000
="078474",18000,0,18000
="078475",0,52000,-52000
="078476",234000,103000,131000
="078477",51000,0,51000
="078599",0,10000,-10000
="078626",1000,0,1000
="078696",0,5000,-5000
="078699",5000,0,5000
="078718",807000,86000,721000
="078719",1000,19000,-18000
="078720",56000,56000,0
="078721",318000,452000,-134000
="078722",3000,0,3000
="078723",4000,0,4000
="078724",14000,0,14000
="078725",68000,0,68000
="078845",150000,0,150000
="078847",0,86000,-86000
="078848",1516000,864000,652000
="078849",11000,72000,-61000
="078850",8000,40000,-32000
="078851",0,33000,-33000
="078853",0,67000,-67000
="078854",224000,244000,-20000
="078855",22000,78000,-56000
="078856",10000,60000,-50000
="078942",1000,0,1000
="078943",201000,100000,101000
="078944",202000,145000,57000
="078945",153000,30000,123000
="078946",329000,0,329000
="078947",40000,159000,-119000
="079074",1000,0,1000
="079090",0,30000,-30000
="079091",0,32000,-32000
="079152",10000,0,10000
="079285",28000,0,28000
="079286",103000,15000,88000
="079287",0,130000,-130000
="079288",46000,28000,18000
="079289",433000,5000,428000
="079290",364000,54000,310000
="079291",4000,203000,-199000
="079425",12000,0,12000
="079426",1000,94000,-93000
="079427",20000,0,20000
="079428",2000,2000,0
="079429",20000,20000,0
="079430",87000,4000,83000
="079431",176000,0,176000
="079433",327000,60000,267000
="079434",30000,0,30000
="079435",485000,415000,70000
="079457",0,165000,-165000
="079563",2000,0,2000
="079583",10000,78000,-68000
="079584",273000,612000,-339000
="079585",4000,5000,-1000
="079586",0,96000,-96000
="079727",115000,36000,79000
="079728",45000,55000,-10000
="079729",15000,36000,-21000
="079730",179000,895000,-716000
="079732",306000,77000,229000
="079733",18000,40000,-22000
="079734",10000,20000,-10000
="079735",2000,0,2000
="079736",417000,60000,357000
="079737",163000,96000,67000
="079738",11000,0,11000
="079739",15000,0,15000
="079740",517000,382000,135000
="079741",359000,0,359000
="079742",147000,219000,-72000
="079743",100000,380000,-280000
="079744",65000,15000,50000
="079745",1062000,45000,1017000
="079830",48000,0,48000
="079868",81000,9000,72000
="079870",7000,400000,-393000
="079871",193000,1935000,-1742000
="079872",60000,13000,47000
="079873",79000,0,79000
="079979",34000,165000,-131000
="079980",36000,6000,30000
="079981",1940000,1648000,292000
="079982",0,10000,-10000
="079983",67000,144000,-77000
="079984",198000,48000,150000
="079985",242000,15000,227000
="080004",2000,0,2000
="080052",20000,0,20000
="080097",0,200000,-200000
="080161",1000,54000,-53000
="080163",0,356000,-356000
="080165",250000,43000,207000
="080166",12000,50000,-38000
="080167",24000,0,24000
="080168",10000,2000,8000
="080169",0,5000,-5000
="080170",164000,109000,55000
="080171",45000,103000,-58000
="080172",68000,0,68000
="080174",30000,0,30000
="080175",72000,74000,-2000
="080176",0,150000,-150000
="080177",0,96000,-96000
="080178",36000,233000,-197000
="080179",5000,0,5000
="080180",151000,18000,133000
="080181",344000,229000,115000
="080182",1034000,110000,924000
="080183",0,299000,-299000
="080184",161000,111000,50000
="080185",78000,22000,56000
="080186",12000,19000,-7000
="080187",3000,0,3000
="080205",356000,14000,342000
="080290",0,2000,-2000
="080342",2000,0,2000
="080343",0,10000,-10000
="080344",319000,69000,250000
="080345",22000,0,22000
="080346",0,60000,-60000
="080347",119000,75000,44000
="080349",103000,183000,-80000
="080351",186000,15000,171000
="080352",21000,482000,-461000
="080523",1000,0,1000
="080537",0,1000,-1000
="080540",10000,0,10000
="080541",91000,5000,86000
="080542",0,65000,-65000
="080543",505000,55000,450000
="080544",0,241000,-241000
="080545",134000,144000,-10000
="080546",436000,326000,110000
="080547",156000,20000,136000
="080594",26000,23000,3000
="080595",0,10000,-10000
="080596",30000,52000,-22000
="080597",0,135000,-135000
="080599",0,55000,-55000
="080600",595000,133000,462000
="080602",90000,226000,-136000
="080603",133000,21000,112000
="080604",10000,0,10000
="080696",90000,0,90000
="080846",226000,0,226000
="080857",81000,5000,76000
="080859",57000,172000,-115000
="080860",179000,26000,153000
="080861",294000,75000,219000
="080862",120000,20000,100000
="080863",1000,5000,-4000
="080864",506000,186000,320000
="080865",10000,0,10000
="080867",434000,392000,42000
="080868",0,115000,-115000
="080869",64000,0,64000
="080870",0,10000,-10000
="081016",103000,11000,92000
="081017",0,13000,-13000
="081018",1000,0,1000
="081020",141000,137000,4000
="081022",0,95000,-95000
="081024",909000,561000,348000
="081025",173000,280000,-107000
="081213",60000,2000,58000
="081214",0,353000,-353000
="081215",10000,0,10000
="081216",183000,0,183000
="081217",0,200000,-200000
="081218",8000,585000,-577000
="081219",23000,27000,-4000
="081220",80000,10000,70000
="081221",208000,114000,94000
="081222",242000,75000,167000
="081223",118000,233000,-115000
="081224",6000,0,6000
="081225",138000,431000,-293000
="081226",147000,187000,-40000
="081227",50000,10000,40000
="081231",22000,67000,-45000
="081232",4000,0,4000
="081233",0,40000,-40000
="081234",147000,30000,117000
="081235",0,68000,-68000
="081236",41000,5000,36000
="081258",0,20000,-20000
="081270",126000,0,126000
="081271",0,19000,-19000
="081272",153000,0,153000
="081273",0,6000,-6000
="081274",5000,40000,-35000
="081275",0,2000,-2000
="081276",24000,10000,14000
="081278",52000,176000,-124000
="081279",50000,270000,-220000
="081281",5000,0,5000
="081282",0,5000,-5000
="081283",11000,71000,-60000
="081284",0,2000,-2000
="081285",104000,111000,-7000
="081286",20000,2000,18000
="081287",337000,52000,285000
="081288",116000,0,116000
="081289",55000,174000,-119000
="081351",0,60000,-60000
="081408",5000,5000,0
="081428",22000,14000,8000
="081429",5000,0,5000
="081430",0,2000,-2000
="081432",0,5000,-5000
="081433",0,173000,-173000
="081434",80000,95000,-15000
="081435",23000,0,23000
="081436",1472000,2254000,-782000
="081437",0,120000,-120000
="081438",127000,413000,-286000
="081439",0,853000,-853000
="081440",140000,16000,124000
="081441",0,20000,-20000
="081442",0,16000,-16000
="081443",73000,459000,-386000
="081444",50000,282000,-232000
="081446",75000,5000,70000
="081447",7000,45000,-38000
="081448",0,50000,-50000
="081449",211000,61000,150000
="081450",159000,112000,47000
="081451",37000,20000,17000
="081692",597000,0,597000
="081707",10000,0,10000
="081708",0,124000,-124000
="081709",375000,1255000,-880000
="081710",93000,642000,-549000
="081711",64000,18000,46000
="081712",108000,163000,-55000
="081713",0,80000,-80000
="081714",143000,7000,136000
="081715",15000,50000,-35000
="081717",27000,238000,-211000
="081718",25000,27000,-2000
="081720",0,76000,-76000
="081721",11000,10000,1000
="081722",383000,0,383000
="081723",7000,178000,-171000
="081724",71000,97000,-26000
="081725",279000,70000,209000
="081726",0,1000,-1000
="081727",0,166000,-166000
="081730",50000,0,50000
="081945",0,272000,-272000
="081946",0,1000,-1000
="081947",12000,127000,-115000
="081948",0,5000,-5000
="081949",0,60000,-60000
="081950",18000,3000,15000
="081951",0,6000,-6000
="081952",30000,0,30000
="081954",0,42000,-42000
="081955",0,169000,-169000
="081956",0,20000,-20000
="081958",0,1431000,-1431000
="081959",0,50000,-50000
="082124",0,718000,-718000
="082127",0,257000,-257000
="082129",0,80000,-80000
="082130",0,2068000,-2068000
="082131",0,25000,-25000
="082132",0,9000,-9000
="082134",0,30000,-30000
="082138",11000,32000,-21000
="082143",0,40000,-40000
="082144",0,250000,-250000
="1101",5000,9000,-4000
="1103",1000,0,1000
="1104",16250,100,16150
="1108",1000,0,1000
="1210",4000,9000,-5000
="1213",0,1000,-1000
="1215",7000,1000,6000
="1216",294000,0,294000
="1217",2,2000,-1998
="1219",0,4000,-4000
="1227",2000,0,2000
="1229",5000,0,5000
="1264",5000,0,5000
="1301",0,183000,-183000
="1303",9000,278000,-269000
="1304",6000,3000,3000
="1305",0,57000,-57000
="1309",10000,23000,-13000
="1310",6000,0,6000
="1312",84000,74000,10000
="1313",7000,8000,-1000
="1314",175000,168000,7000
="1316",2002,0,2002
="1319",0,169000,-169000
="1321",1000,0,1000
="1325",309000,70000,239000
="1326",8000,9000,-1000
="1336",29000,20000,9000
="1337",2002,0,2002
="1338",1000,2000,-1000
="1402",157000,0,157000
="1414",12000,0,12000
="1416",26,0,26
="1423",2,0,2
="1434",6000,0,6000
="1440",70000,15000,55000
="1441",0,1000,-1000
="1442",0,2000,-2000
="1444",5000,320000,-315000
="1445",0,5000,-5000
="1447",19000,250,18750
="1454",12000,0,12000
="1455",10000,0,10000
="1457",5000,0,5000
="1460",4100,0,4100
="1466",2000,0,2000
="1467",0,249,-249
="1476",1000,117050,-116050
="1477",4000,7000,-3000
="1503",2,0,2
="1504",1050,9000,-7950
="1506",0,2,-2
="1513",88002,114000,-25998
="1514",2000,2000,0
="1515",0,11000,-11000
="1519",20000,1000,19000
="1522",0,5000,-5000
="1524",2054000,920120,1133880
="1525",1000,0,1000
="1527",6050,0,6050
="1531",214,2000,-1786
="1533",201000,206040,-5040
="1536",16100,51067,-34967
="1537",2000,1000,1000
="1538",0,1000,-1000
="1540",1000,0,1000
="1558",0,9000,-9000
="1560",8000,12100,-4100
="1565",1000,0,1000
="1568",53000,81000,-28000
="1586",111000,183000,-72000
="1589",2000,0,2000
="1590",4000,1000,3000
="1593",33000,0,33000
="1597",17000,416000,-399000
="1598",22000,63000,-41000
="1599",35000,0,35000
="1605",22000,245000,-223000
="1608",6000,0,6000
="1609",1000,0,1000
="1611",1000,0,1000
="1612",17000,0,17000
="1614",1000,0,1000
="1626",3000,0,3000
="1702",2,0,2
="1707",0,2000,-2000
="1711",2,0,2
="1717",5000,0,5000
="1718",22500,0,22500
="1720",0,3000,-3000
="1722",0,500,-500
="1723",0,25000,-25000
="1725",1000,0,1000
="1726",2000,0,2000
="1730",0,52,-52
="1732",80000,4000,76000
="1733",0,135,-135
="1734",0,5000,-5000
="1736",2000,0,2000
="1737",1000,0,1000
="1760",1002,0,1002
="1762",1000,0,1000
="1773",2000,1000,1000
="1781",0,2000,-2000
="1785",51000,18000,33000
="1786",21000,0,21000
="1789",1000,211,789
="1802",62000,76000,-14000
="1805",3000,14000,-11000
="1806",0,21000,-21000
="1809",0,1000,-1000
="1810",10000,0,10000
="1815",6000,2000,4000
="1904",0,603000,-603000
="1905",0,1000,-1000
="1906",200,0,200
="1907",10000,55000,-45000
="1909",16000,11000,5000
="2002",8615,1402000,-1393385
="2006",8000,18000,-10000
="2007",7000,2000,5000
="2008",0,19000,-19000
="2009",677000,1228050,-551050
="2010",2000,91000,-89000
="2013",5000,0,5000
="2014",294300,476000,-181700
="2020",0,2000,-2000
="2023",5400,8000,-2600
="2024",6000,0,6000
="2027",19000,48000,-29000
="2028",0,31000,-31000
="2029",0,2000,-2000
="2031",12000,60000,-48000
="2032",5000,0,5000
="2034",5000,23000,-18000
="2038",76000,74000,2000
="2049",223000,26000,197000
="2101",31000,3000,28000
="2102",10000,1000,9000
="2103",20000,0,20000
="2104",2000,10000,-8000
="2106",0,35000,-35000
="2107",3000,1000,2000
="2108",38000,41000,-3000
="2201",108430,102000,6430
="2204",1000,0,1000
="2206",15002,13100,1902
="2208",7100,788,6312
="2231",10000,37000,-27000
="2233",1000,0,1000
="2239",22000,79000,-57000
="2241",2000,0,2000
="2301",701000,30300,670700
="2303",10289238,7705324,2583914
="2308",69565,609044,-539479
="2312",371002,125000,246002
="2313",76010,137038,-61028
="2314",26000,8000,18000
="2316",2,0,2
="2317",112198,885300,-773102
="2323",0,40000,-40000
="2324",593000,68015,524985
="2327",43210,106017,-62807
="2328",130000,471000,-341000
="2329",97000,79000,18000
="2330",925889,346665,579224
="2331",1100180,81000,1019180
="2332",15002,7000,8002
="2337",126100,93100,33000
="2338",25000,2000,23000
="2340",4002,15000,-10998
="2342",4002,2000,2002
="2344",147501,610000,-462499
="2345",8000,52000,-44000
="2347",5000,0,5000
="2349",8000,4000,4000
="2351",165000,447000,-282000
="2352",2000,222100,-220100
="2353",84260,132000,-47740
="2354",83999,2063011,-1979012
="2355",36000,65000,-29000
="2356",3000,3000,0
="2357",5000,23000,-18000
="2359",12000,0,12000
="2360",134000,46000,88000
="2362",0,10000,-10000
="2363",31030,24000,7030
="2365",0,108000,-108000
="2367",34002,32000,2002
="2368",213000,90000,123000
="2369",53000,41000,12000
="2371",19132,21000,-1868
="2374",0,2009,-2009
="2375",32000,3000,29000
="2376",119000,123000,-4000
="2377",55000,3000,52000
="2379",19100,230084,-210984
="2380",1000,0,1000
="2382",152050,89000,63050
="2383",1000,2000,-1000
="2387",7000,1000,6000
="2388",9000,1000,8000
="2392",93000,85000,8000
="2393",13000,120000,-107000
="2395",2000,0,2000
="2399",8000,5000,3000
="2401",2758000,3871000,-1113000
="2402",1002,2000,-998
="2404",2001,6000,-3999
="2406",3000,0,3000
="2408",191000,628993,-437993
="2409",13000,120000,-107000
="2412",0,8000,-8000
="2413",31000,0,31000
="2415",0,23000,-23000
="2417",9032,11000,-1968
="2419",6000,30000,-24000
="2420",2000,3000,-1000
="2421",101000,1000,100000
="2423",0,1000,-1000
="2425",5000,0,5000
="2426",20000,10000,10000
="2428",2000,2000,0
="2436",21000,33000,-12000
="2439",5000,12000,-7000
="2441",141000,5000,136000
="2442",32000,0,32000
="2444",245000,1000,244000
="2449",82000,70000,12000
="2450",11000,0,11000
="2451",7000,0,7000
="2454",64005,186093,-122088
="2455",64000,75000,-11000
="2456",36335,40000,-3665
="2457",176002,36000,140002
="2458",72000,40000,32000
="2461",1000,0,1000
="2464",2000,1000,1000
="2465",0,5000,-5000
="2467",11567,1531,10036
="2471",129000,15000,114000
="2472",68000,70138,-2138
="2474",26000,5000,21000
="2476",28000,0,28000
="2477",10000,0,10000
="2478",12021,39000,-26979
="2480",25002,0,25002
="2481",112150,158000,-45850
="2484",9000,23000,-14000
="2485",2000,5000,-3000
="2486",27000,6000,21000
="2492",71015,175000,-103985
="2497",21000,25000,-4000
="2498",3100,219000,-215900
="2501",10000,0,10000
="2504",82000,481000,-399000
="2505",27554,157000,-129446
="2509",10000,0,10000
="2511",0,1000,-1000
="2515",2052,71000,-68948
="2516",4000,0,4000
="2520",31000,173000,-142000
="2530",0,1821,-1821
="2534",20,4000,-3980
="2536",0,2000,-2000
="2538",50000,0,50000
="2539",1000,0,1000
="2540",5000,0,5000
="2542",2000,54280,-52280
="2547",0,50000,-50000
="2601",7000,1000,6000
="2603",7765070,9207193,-1442123
="2605",86000,37300,48700
="2606",5000,0,5000
="2607",16250,21000,-4750
="2609",5280006,2355000,2925006
="2610",27100,125000,-97900
="2611",3000,0,3000
="2612",0,1000,-1000
="2614",2000,10000,-8000
="2615",1219000,1176000,43000
="2617",31000,23000,8000
="2618",3000,526000,-523000
="2633",6000,0,6000
="2634",5000,2000,3000
="2637",23000,43000,-20000
="2640",3000,0,3000
="2641",12000,22000,-10000
="2643",0,5000,-5000
="2707",2000,0,2000
="2723",0,2000,-2000
="2727",30000,92000,-62000
="2729",0,12000,-12000
="2801",264,10450,-10186
="2809",51000,0,51000
="2812",0,33260,-33260
="2823",11750,1000,10750
="2834",6000,3000,3000
="2838",0,360,-360
="2838A",0,924,-924
="2845",1563,0,1563
="2851",0,1000,-1000
="2855",565130,178199,386931
="2867",237,0,237
="2880",6990,1000,5990
="2881",81100,73000,8100
="2882",84100,284000,-199900
="2883",497930,163100,334830
="2884",13782,937,12845
="2885",15214,189000,-173786
="2886",1134,4213,-3079
="2887",20769,161000,-140231
="2887F",50000,0,50000
="2888",171000,182000,-11000
="2889",1000,1000,0
="2890",39000,463,38537
="2891",17607,32000,-14393
="2892",0,45090,-45090
="2910",0,2000,-2000
="2913",2,0,2
="2915",10000,16000,-6000
="2929",0,19000,-19000
="3003",0,12000,-12000
="3006",94000,79000,15000
="3008",1025,65080,-64055
="3011",1000,0,1000
="3013",0,3000,-3000
="3014",1000,1000,0
="3015",1000,0,1000
="3016",148000,84000,64000
="3017",132000,75000,57000
="3018",1350,980,370
="3019",1615,22000,-20385
="3022",40000,3000,37000
="3023",1000,86000,-85000
="3024",1,12000,-11999
="3025",2000,2000,0
="3026",9200,5000,4200
="3030",3000,0,3000
="3034",49010,29050,19960
="3035",60000,51000,9000
="3037",1431030,492000,939030
="3041",23000,10000,13000
="3042",38050,69000,-30950
="3044",3000,177000,-174000
="3045",0,2000,-2000
="3046",0,5000,-5000
="3047",2,60000,-59998
="3048",1000,3000,-2000
="3049",8000,7000,1000
="3050",0,81000,-81000
="3052",300,1000,-700
="3056",2000,0,2000
="3058",21000,6000,15000
="3059",338001,969000,-630999
="3060",2000,1000,1000
="3062",7000,11000,-4000
="3071",5000,1000,4000
="3078",6000,0,6000
="3081",17000,22000,-5000
="3083",0,2000,-2000
="3090",1002,5000,-3998
="3092",6000,1000,5000
="3094",19000,20000,-1000
="3105",39200,118000,-78800
="3114",7000,11000,-4000
="3122",1000,4000,-3000
="3128",0,3000,-3000
="3131",42000,16005,25995
="3138",47000,6000,41000
="3141",0,2000,-2000
="3147",20000,0,20000
="3149",40000,27000,13000
="3152",1000,3000,-2000
="3163",5000,60000,-55000
="3164",0,2000,-2000
="3169",7000,6000,1000
="3171",0,8000,-8000
="3176",2000,0,2000
="3178",0,3000,-3000
="3189",215000,323000,-108000
="3202",1000,0,1000
="3206",2000,0,2000
="3209",1000,1000,0
="3211",1000,3000,-2000
="3213",1000,0,1000
="3217",7000,44000,-37000
="3218",3000,37000,-34000
="3227",7000,114000,-107000
="3228",122000,81000,41000
="3230",3000,0,3000
="3231",4026,63000,-58974
="3232",39000,13000,26000
="3236",4000,4000,0
="3257",1000,1000,0
="3259",0,18000,-18000
="3260",35000,79000,-44000
="3264",287000,197075,89925
="3265",2000,0,2000
="3272",3000,2000,1000
="3289",0,1000,-1000
="3293",58000,30002,27998
="3296",160000,0,160000
="3305",3000,0,3000
="3308",212,0,212
="3317",2000,3000,-1000
="3321",1000,0,1000
="3322",20000,119000,-99000
="3323",0,22000,-22000
="3324",245000,111000,134000
="3338",77,0,77
="3339",1000,7000,-6000
="3346",16000,11000,5000
="3356",1000,0,1000
="3360",4000,0,4000
="3362",100,145,-45
="3363",2000,0,2000
="3372",0,20000,-20000
="3373",23000,6000,17000
="3374",161042,134200,26842
="3376",7000,4000,3000
="3379",5000,1000,4000
="3380",9001,3000,6001
="3388",124,0,124
="3406",90050,226950,-136900
="3413",20000,17000,3000
="3419",0,1000,-1000
="3432",2000,2000,0
="3437",34000,27000,7000
="3443",38400,75000,-36600
="3444",0,1000,-1000
="3450",1000,23000,-22000
="3466",2100,1980,120
="3479",1000,0,1000
="3481",385050,5418000,-5032950
="3483",66000,54000,12000
="3484",43000,51000,-8000
="3490",1000,11000,-10000
="3492",20000,133000,-113000
="3498",0,2000,-2000
="3504",6000,0,6000
="3508",0,19000,-19000
="3522",12000,10000,2000
="3526",1000,5000,-4000
="3529",5000,10000,-5000
="3530",2000,3000,-1000
="3532",0,11000,-11000
="3533",53000,41000,12000
="3535",1000,0,1000
="3536",0,1000,-1000
="3537",0,5000,-5000
="3540",2000,8000,-6000
="3543",0,11000,-11000
="3545",37400,309000,-271600
="3546",2354,4000,-1646
="3548",21000,0,21000
="3552",37000,18000,19000
="3555",0,2,-2
="3557",7000,0,7000
="3563",1000,3000,-2000
="3564",2000,0,2000
="3576",10000,9000,1000
="3580",74000,1000,73000
="3581",5000,68000,-63000
="3583",3000,2060,940
="3587",1000,3000,-2000
="3588",11012,6000,5012
="3591",1000,0,1000
="3596",6000,1000,5000
="3597",96,215175,-215079
="3605",7000,6000,1000
="3607",0,1000,-1000
="3611",6000,0,6000
="3615",16000,0,16000
="3622",1000,2000,-1000
="3624",1000,0,1000
="3625",11000,108000,-97000
="3630",8000,0,8000
="3642",4000,0,4000
="3645",3000,1000,2000
="3646",2000,100,1900
="3653",89000,33000,56000
="3661",14000,65000,-51000
="3665",101,19000,-18899
="3666",17000,21000,-4000
="3669",5000,1000,4000
="3673",23100,4000,19100
="3675",1000,0,1000
="3680",14036,1000,13036
="3682",10000,0,10000
="3685",34000,0,34000
="3691",34000,48000,-14000
="3694",5000,0,5000
="3702",232000,32000,200000
="3702A",0,24000,-24000
="3703",16000,0,16000
="3704",1311000,689000,622000
="3706",21100,65000,-43900
="3707",1088000,377000,711000
="3708",6000,2000,4000
="3711",2026130,3399399,-1373269
="3712",2000,0,2000
="3714",16938,28350,-11412
="4102",156000,0,156000
="4105",1000,0,1000
="4106",0,5000,-5000
="4107",2000,1000,1000
="4108",2002,8000,-5998
="4111",3000,0,3000
="4114",150,283,-133
="4119",17000,13000,4000
="4121",0,1000,-1000
="4123",1000,15291,-14291
="4128",9001,6000,3001
="4129",110,0,110
="4133",94085,8000,86085
="4141",1190,993,197
="4142",15000,14000,1000
="4152",2000,0,2000
="4157",2000,1000,1000
="4160",12,0,12
="4162",0,1000,-1000
="4163",0,1000,-1000
="4164",0,1000,-1000
="4167",6000,10000,-4000
="4171",30000,0,30000
="4173",1000,0,1000
="4174",0,2000,-2000
="4188",1000,0,1000
="4190",0,2000,-2000
="4306",101,0,101
="4414",0,4000,-4000
="4416",1000,0,1000
="4420",1000,887,113
="4528",16000,4000,12000
="4529",5000,0,5000
="4530",0,11000,-11000
="4532",1000,70000,-69000
="4534",0,450,-450
="4536",50000,0,50000
="4551",2000,3000,-1000
="4561",0,50000,-50000
="4564",446000,1000,445000
="4566",5000,0,5000
="4571",7000,0,7000
="4576",4000,4000,0
="4702",146,120000,-119854
="4721",0,5000,-5000
="4722",3000,46000,-43000
="4728",1000,3000,-2000
="4735",1000,1000,0
="4739",2,0,2
="4743",8042,7030,1012
="4744",0,1000,-1000
="4746",1000,0,1000
="4755",1000,0,1000
="4760",30000,75000,-45000
="4763",1000,0,1000
="4766",0,39000,-39000
="4804",0,10000,-10000
="4906",7000,0,7000
="4908",1000,0,1000
="4912",1000,1000,0
="4915",3000,1000,2000
="4919",2271,7000,-4729
="4924",0,10000,-10000
="4927",7000,53000,-46000
="4931",0,1000,-1000
="4933",0,30000,-30000
="4934",6000,0,6000
="4935",10,6000,-5990
="4938",18004,71000,-52996
="4939",1000,0,1000
="4943",1000,1000,0
="4946",0,1000,-1000
="4952",54000,29100,24900
="4953",3000,1000,2000
="4956",23000,7000,16000
="4958",9000,17000,-8000
="4960",0,2000,-2000
="4961",105040,7000,98040
="4966",6000,29000,-23000
="4967",85000,75000,10000
="4968",93000,178000,-85000
="4971",2000,83000,-81000
="4972",2069,1800,269
="4976",134000,185000,-51000
="4977",3000,0,3000
="4979",1000,0,1000
="4989",0,2000,-2000
="4991",0,1000,-1000
="4999",2000,82000,-80000
="5210",0,46000,-46000
="5213",1000,0,1000
="5215",2000,5000,-3000
="5223",44000,0,44000
="5227",5000,11000,-6000
="5243",58000,39000,19000
="5251",1,0,1
="5258",10000,0,10000
="5269",4000,7000,-3000
="5274",0,10000,-10000
="5276",4000,0,4000
="5278",1000,0,1000
="5281",0,5000,-5000
="5285",8000,0,8000
="5288",0,1000,-1000
="5289",0,5002,-5002
="5299",0,4000,-4000
="5302",0,20000,-20000
="5306",123000,135500,-12500
="5309",1001,0,1001
="5314",1,0,1
="5328",0,440000,-440000
="5347",13000,15000,-2000
="5355",1,0,1
="5371",151000,0,151000
="5386",27000,4000,23000
="5388",0,3000,-3000
="5392",13,0,13
="5398",1,0,1
="5403",23000,3000,20000
="5425",8000,148000,-140000
="5426",1030,0,1030
="5432",10000,0,10000
="5434",39,0,39
="5438",1,0,1
="5439",0,13000,-13000
="5443",29000,38000,-9000
="5450",0,1000,-1000
="5452",0,9500,-9500
="5457",12000,5000,7000
="5465",2000,0,2000
="5469",12000,1000,11000
="5471",7000,11000,-4000
="5475",1,0,1
="5478",1,0,1
="5483",35000,244000,-209000
="5484",2002,5000,-2998
="5488",1,0,1
="5498",18000,218000,-200000
="5512",1,0,1
="5521",0,10000,-10000
="5522",2000,0,2000
="5529",0,25000,-25000
="5534",0,1000,-1000
="5603",0,7000,-7000
="5608",631000,155000,476000
="5609",1000,25000,-24000
="5820",0,130,-130
="5864",16000,8000,8000
="5871",0,40,-40
="5871A",0,15000,-15000
="5876",1000,0,1000
="5880",9002,344,8658
="6005",527000,2000,525000
="6015",12000,204000,-192000
="6016",150001,200000,-49999
="6020",4000,2000,2000
="6021",10000,0,10000
="6026",0,200000,-200000
="6104",25000,51000,-26000
="6111",1,0,1
="6113",5000,21,4979
="6116",384500,260000,124500
="6118",36000,374000,-338000
="6120",3000,1000,2000
="6121",81200,48000,33200
="6123",0,10000,-10000
="6125",11000,125000,-114000
="6126",2,3000,-2998
="6127",3000,51000,-48000
="6129",72000,59000,13000
="6133",0,2000,-2000
="6138",1,1000,-999
="6139",38000,11000,27000
="6140",0,24000,-24000
="6141",2000,47000,-45000
="6147",100200,1143000,-1042800
="6150",33020,1000,32020
="6151",0,5000,-5000
="6152",2000,5000,-3000
="6153",120002,63000,57002
="6156",1,2000,-1999
="6158",1,0,1
="6161",1,0,1
="6163",0,1000,-1000
="6164",17000,212000,-195000
="6166",0,2000,-2000
="6168",20000,10000,10000
="6169",1,0,1
="6170",0,1000,-1000
="6173",4000,9000,-5000
="6175",28000,23000,5000
="6176",21000,3000,18000
="6177",0,1000,-1000
="6180",3000,6000,-3000
="6182",146000,99000,47000
="6183",0,1000,-1000
="6185",23,0,23
="6187",36000,103000,-67000
="6188",1001,0,1001
="6191",10000,12000,-2000
="6192",0,1000,-1000
="6195",26000,100,25900
="6196",11000,80000,-69000
="6197",1000,0,1000
="6201",0,1000,-1000
="6202",13000,10000,3000
="6203",7000,71000,-64000
="6205",0,5000,-5000
="6207",1000,0,1000
="6208",149053,80151,68902
="6209",1002,0,1002
="6213",25000,5000,20000
="6214",4000,2000,2000
="6215",10000,12000,-2000
="6217",16000,63000,-47000
="6219",0,6000,-6000
="6223",39000,187200,-148200
="6224",58000,44000,14000
="6226",16000,15000,1000
="6229",1,0,1
="6230",15000,1000,14000
="6231",2000,2000,0
="6233",129001,166000,-36999
="6234",1,0,1
="6235",0,5000,-5000
="6237",0,190000,-190000
="6239",145000,11000,134000
="6243",4000,5000,-1000
="6244",6000,0,6000
="6245",91000,20000,71000
="6246",1,0,1
="6247",1000,0,1000
="6257",112000,4000,108000
="6261",1000,500,500
="6265",0,300,-300
="6266",1000,0,1000
="6269",7007,18000,-10993
="6271",140000,180000,-40000
="6274",1000,100000,-99000
="6275",4000,6000,-2000
="6276",116000,98000,18000
="6278",18000,16000,2000
="6279",28000,126000,-98000
="6282",9000,6000,3000
="6283",32050,32000,50
="6284",35280,131000,-95720
="6285",6000,12000,-6000
="6288",0,3000,-3000
="6404",1000,0,1000
="6409",5000,1000,4000
="6411",117001,27000,90001
="6414",12000,26748,-14748
="6415",5000,2000,3000
="6416",0,5000,-5000
="6417",3000,3000,0
="6426",0,1000,-1000
="6432",18030,51000,-32970
="6435",0,1000,-1000
="6438",0,271000,-271000
="6441",7000,18000,-11000
="6443",36080,37000,-920
="6446",0,1000,-1000
="6449",12001,85000,-72999
="6451",6000,37000,-31000
="6456",6005,23000,-16995
="6457",23000,9000,14000
="6462",1,5000,-4999
="6465",0,5000,-5000
="6470",1,4000,-3999
="6472",6000,5200,800
="6486",1000,0,1000
="6488",7000,43000,-36000
="6491",1000,0,1000
="6492",12000,4000,8000
="6494",0,8000,-8000
="6496",1000,1000,0
="6504",65000,100,64900
="6505",20,29000,-28980
="6509",8000,11000,-3000
="6510",14000,1000,13000
="6512",20,200,-180
="6516",0,4000,-4000
="6525",18000,0,18000
="6531",200000,121000,79000
="6532",1000,0,1000
="6533",13000,12010,990
="6538",0,4000,-4000
="6547",6050,10100,-4050
="6548",6000,5000,1000
="6558",0,15000,-15000
="6561",1000,0,1000
="6573",1000,0,1000
="6576",0,10000,-10000
="6578",4000,0,4000
="6581",1000,0,1000
="6582",19000,0,19000
="6589",6000,2000,4000
="6591",1001,35000,-33999
="6593",1021,0,1021
="6605",0,1000,-1000
="6609",20,0,20
="6640",0,7000,-7000
="6643",1000,0,1000
="6666",0,1000,-1000
="6668",1000,0,1000
="6669",0,7000,-7000
="6679",4000,9090,-5090
="6683",13063,44000,-30937
="6697",44000,0,44000
="6698",8000,5000,3000
="6706",10000,8000,2000
="6712",1000,0,1000
="6715",2000,1000,1000
="6728",2000,0,2000
="6732",9000,3000,6000
="6743",10000,4000,6000
="6756",1000,0,1000
="6803",69,0,69
="711310",1000,0,1000
="711479",5000,0,5000
="711562",74000,0,74000
="711673",11000,0,11000
="711700",20000,0,20000
="711702",82000,0,82000
="711703",2000,0,2000
="711938",60000,0,60000
="711943",30000,0,30000
="712014",2000,5000,-3000
="712018",107000,100000,7000
="712021",8000,0,8000
="712147",60000,0,60000
="712262",26000,3000,23000
="712264",240000,0,240000
="712326",27000,28000,-1000
="712327",20000,0,20000
="712370",10000,0,10000
="712372",0,97000,-97000
="712403",0,287000,-287000
="712605",35000,30000,5000
="712606",1000,0,1000
="712610",30000,0,30000
="712612",25000,4000,21000
="712615",51000,60000,-9000
="712616",200000,45000,155000
="712630",278000,60000,218000
="712633",5000,0,5000
="712916",865000,554000,311000
="712918",0,10000,-10000
="712922",262000,30000,232000
="712923",6000,5000,1000
="712979",200000,20000,180000
="712980",34000,4000,30000
="712981",223000,289000,-66000
="713042",651000,269000,382000
="713071",10000,0,10000
="713074",365000,2000,363000
="713085",1000,101000,-100000
="713182",1397000,137000,1260000
="713183",5000,69000,-64000
="713184",41000,90000,-49000
="713226",25000,0,25000
="713241",0,130000,-130000
="713324",1061000,0,1061000
="713325",10000,0,10000
="713326",0,30000,-30000
="713327",915000,1184000,-269000
="713349",105000,1000,104000
="713352",30000,2000,28000
="713388",0,40000,-40000
="713419",0,73000,-73000
="713514",2130000,409000,1721000
="713515",0,300000,-300000
="713516",30000,20000,10000
="713517",207000,0,207000
="713545",185000,20000,165000
="713588",10000,0,10000
="713647",4000,284000,-280000
="713651",147000,20000,127000
="713653",0,10000,-10000
="713654",55000,610000,-555000
="713675",176000,1763000,-1587000
="713676",61000,0,61000
="713677",55000,0,55000
="713694",30000,0,30000
="713695",60000,0,60000
="713820",260000,0,260000
="713939",42000,0,42000
="714030",0,257000,-257000
="714082",400000,0,400000
="714153",110000,15000,95000
="714212",39000,2000,37000
="714213",38000,55000,-17000
="714214",0,2000,-2000
="714236",0,10000,-10000
="714237",19000,0,19000
="714238",3000,0,3000
="714239",0,21000,-21000
="714241",0,10000,-10000
="714254",50000,5000,45000
="714272",14000,177000,-163000
="714320",94000,5000,89000
="714324",0,29000,-29000
="714384",0,6000,-6000
="714431",181000,10000,171000
="714469",5000,0,5000
="714489",191000,0,191000
="714490",30000,10000,20000
="714513",263000,100000,163000
="714514",257000,116000,141000
="714516",349000,82000,267000
="714517",42000,191000,-149000
="714518",820000,369000,451000
="714620",50000,17000,33000
="714621",18000,4000,14000
="714622",295000,1000,294000
="714623",0,5000,-5000
="714624",499000,0,499000
="714648",16000,0,16000
="714685",81000,20000,61000
="714686",2000,0,2000
="714712",4000,153000,-149000
="714741",136000,753000,-617000
="714742",0,5000,-5000
="714795",30000,1000,29000
="714853",0,5000,-5000
="714857",0,10000,-10000
="714858",353000,74000,279000
="714859",58000,23000,35000
="714860",0,3000,-3000
="714887",30000,15000,15000
="714889",0,48000,-48000
="714922",246000,0,246000
="714949",10000,0,10000
="714950",0,11000,-11000
="714995",20000,52000,-32000
="715011",0,80000,-80000
="715012",130000,0,130000
="715013",21000,45000,-24000
="715022",46000,0,46000
="715034",200000,200000,0
="715043",0,25000,-25000
="715067",276000,51000,225000
="715068",146000,14000,132000
="715069",238000,0,238000
="715070",63000,40000,23000
="715071",2000,0,2000
="715072",245000,143000,102000
="715073",1000,0,1000
="715115",29000,70000,-41000
="715116",50000,3000,47000
="715118",199000,0,199000
="715159",621000,131000,490000
="715163",228000,60000,168000
="715164",22000,122000,-100000
="715180",14000,15000,-1000
="715181",101000,0,101000
="715239",150000,54000,96000
="715250",0,75000,-75000
="715285",46000,10000,36000
="715287",399000,100000,299000
="715288",46000,0,46000
="715356",4000,1000,3000
="715417",2000,0,2000
="715519",67000,0,67000
="715520",59000,0,59000
="715534",0,50000,-50000
="715552",15000,0,15000
="715553",180000,40000,140000
="715554",103000,0,103000
="715555",83000,0,83000
="715556",0,43000,-43000
="715580",15000,10000,5000
="715609",240000,0,240000
="715630",0,5000,-5000
="715657",37000,130000,-93000
="715658",71000,25000,46000
="715660",97000,49000,48000
="715661",23000,17000,6000
="715662",84000,307000,-223000
="715692",300000,1000,299000
="715693",82000,76000,6000
="715694",22000,72000,-50000
="715743",111000,27000,84000
="715780",0,110000,-110000
="715781",88000,0,88000
="715813",838000,34000,804000
="715814",66000,57000,9000
="715815",125000,33000,92000
="715850",10000,0,10000
="715863",0,5000,-5000
="715872",1000,0,1000
="715901",22000,2000,20000
="715902",14000,0,14000
="715935",12000,0,12000
="715939",20000,0,20000
="715971",462000,0,462000
="715972",69000,25000,44000
="716032",873000,7000,866000
="716033",12000,30000,-18000
="716034",98000,21000,77000
="716035",40000,10000,30000
="716036",10000,5000,5000
="716037",11000,6000,5000
="716110",9000,15000,-6000
="716111",68000,15000,53000
="716112",34000,15000,19000
="716137",6000,10000,-4000
="716251",25000,0,25000
="716295",76000,3000,73000
="716296",69000,10000,59000
="716297",101000,10000,91000
="716300",0,1000,-1000
="716368",4000,43000,-39000
="716369",337000,2000,335000
="716370",236000,104000,132000
="716381",5000,0,5000
="716432",20000,0,20000
="716433",137000,0,137000
="716462",8000,0,8000
="716507",15000,0,15000
="716508",2000,0,2000
="716509",0,11000,-11000
="716535",20000,0,20000
="716591",15000,10000,5000
="716592",2000,2000,0
="716593",20000,0,20000
="716594",278000,35000,243000
="716595",23000,83000,-60000
="716596",38000,81000,-43000
="716643",37000,0,37000
="716650",0,50000,-50000
="716677",47000,212000,-165000
="716679",11000,40000,-29000
="716680",7000,0,7000
="716685",30000,0,30000
="716718",20000,0,20000
="716756",10000,0,10000
="716761",40000,23000,17000
="716785",8000,0,8000
="716816",754000,368000,386000
="716837",29000,20000,9000
="716877",0,10000,-10000
="716905",348000,120000,228000
="716907",91000,309000,-218000
="716933",30000,0,30000
="716953",22000,0,22000
="716954",15000,0,15000
="716955",138000,45000,93000
="716956",7000,40000,-33000
="716957",50000,5000,45000
="716958",22000,729000,-707000
="716997",95000,168000,-73000
="716998",92000,174000,-82000
="716999",353000,677000,-324000
="717007",5000,14000,-9000
="717013",20000,0,20000
="717024",4000,2000,2000
="717037",50000,0,50000
="717086",12000,14000,-2000
="717087",9000,0,9000
="717088",7000,0,7000
="717102",220000,105000,115000
="717103",200000,874000,-674000
="717174",2000,0,2000
="717197",50000,0,50000
="717203",23000,30000,-7000
="717204",314000,545000,-231000
="717206",120000,0,120000
="717208",72000,252000,-180000
="717209",21000,11000,10000
="717210",245000,39000,206000
="717305",100000,500000,-400000
="717307",100000,20000,80000
="717308",0,3000,-3000
="717311",20000,0,20000
="717333",100000,0,100000
="717351",0,50000,-50000
="717352",0,46000,-46000
="717353",10000,78000,-68000
="717354",0,585000,-585000
="717355",0,27000,-27000
="717356",0,20000,-20000
="717358",67000,549000,-482000
="717359",364000,3000,361000
="717360",5000,0,5000
="717361",0,14000,-14000
="717362",0,350000,-350000
="717363",15000,0,15000
="717364",46000,0,46000
="717423",10000,0,10000
="717459",52000,20000,32000
="717460",147000,599000,-452000
="717461",70000,196000,-126000
="717462",30000,103000,-73000
="717465",46000,0,46000
="717468",70000,5000,65000
="717469",10000,0,10000
="717491",550000,0,550000
="717513",0,20000,-20000
="717515",23000,2000,21000
="717517",0,5000,-5000
="717518",287000,774000,-487000
="717519",57000,100000,-43000
="717520",0,199000,-199000
="717521",10000,0,10000
="717523",102000,1071000,-969000
="717524",67000,90000,-23000
="717525",20000,44000,-24000
="717526",11000,2000,9000
="717531",650000,58000,592000
="717568",0,20000,-20000
="717570",79000,71000,8000
="717605",0,10000,-10000
="73604P",331000,310000,21000
="73653P",3000,50000,-47000
="73654P",3000,0,3000
="73655P",10000,24000,-14000
="73686P",10000,0,10000
="73689P",0,2000,-2000
="73691P",2000,0,2000
="73692P",52000,5000,47000
="73717P",0,12000,-12000
="73729P",0,46000,-46000
="73731P",4000,46000,-42000
="73740P",0,40000,-40000
="73747P",0,10000,-10000
="73748P",0,28000,-28000
="73754P",5000,0,5000
="73755P",8000,5000,3000
="73762P",1000,0,1000
="73774P",10000,15000,-5000
="73789P",0,2000,-2000
="73796P",90000,80000,10000
="73799P",752000,9000,743000
="73803P",395000,716000,-321000
="73804P",100000,11000,89000
="73805P",333000,120000,213000
="7402",0,1000,-1000
="7556",0,3000,-3000
="8011",37001,37000,1
="8016",4200,14000,-9800
="8021",1001,0,1001
="8024",0,5000,-5000
="8027",0,6000,-6000
="8028",0,4000,-4000
="8038",1001,0,1001
="8039",1,0,1
="8040",2000,7000,-5000
="8043",13070,542000,-528930
="8044",0,9000,-9000
="8046",105000,209000,-104000
="8049",1,0,1
="8050",1,0,1
="8064",20000,19000,1000
="8066",1001,0,1001
="8068",1000,0,1000
="8069",24001,29000,-4999
="8070",12000,33000,-21000
="8072",140000,23000,117000
="8076",3000,3000,0
="8081",10001,6000,4001
="8084",0,64000,-64000
="8085",50000,1000,49000
="8086",111000,195000,-84000
="8088",7000,35000,-28000
="8097",0,60000,-60000
="8099",10100,157000,-146900
="8103",29001,17130,11871
="8105",8000,11000,-3000
="8107",8000,0,8000
="8110",18000,28000,-10000
="8112",2001,10000,-7999
="8121",16001,21000,-4999
="8150",854000,43000,811000
="8155",0,1000,-1000
="8163",2001,10000,-7999
="8171",33001,7000,26001
="8183",30001,29000,1001
="8213",0,5000,-5000
="8215",1000,0,1000
="8222",1200,990,210
="8234",1000,0,1000
="8255",0,6000,-6000
="8261",10000,22000,-12000
="8271",151001,79000,72001
="8277",376000,170000,206000
="8299",73000,270220,-197220
="8349",0,1000,-1000
="8358",72400,401000,-328600
="8367",5000,0,5000
="8383",7000,0,7000
="8390",51000,0,51000
="8403",107,0,107
="8404",2000,0,2000
="8406",4000,0,4000
="8410",0,103000,-103000
="8416",0,1000,-1000
="8429",1000,664,336
="8433",0,88,-88
="8436",0,75000,-75000
="8464",7000,0,7000
="8472",2000,1000,1000
="8482",5000,0,5000
="8924",0,4000,-4000
="8926",0,1000,-1000
="8929",10,0,10
="8930",0,62,-62
="8932",3000,0,3000
="8936",3201,0,3201
="8937",1000,0,1000
="8938",0,30000,-30000
="8996",1001,1000,1
="9103",1500000,1000,1499000
="9105",25000,20000,5000
="910861",0,1000,-1000
="911608",0,10000,-10000
="911868",1000,30000,-29000
="912398",2119,1990,129
="9802",0,13000,-13000
="9902",52001,348000,-295999
="9904",226050,94000,132050
="9907",0,114000,-114000
="9911",2000,0,2000
="9912",0,1000,-1000
="9914",253000,2000,251000
="9917",1,0,1
="9919",64000,2000,62000
="9921",4000,2000,2000
="9929",0,5000,-5000
="9933",110,0,110
="9938",58000,381000,-323000
="9939",1000,0,1000
="9940",0,1000,-1000
="9941",100,3000,-2900
="9944",1000,0,1000
="9945",5700,9000,-3300
="9949",1000,0,1000
="9951",0,5000,-5000
="9955",2000,0,2000
="9958",7400,3000,4400
