="0050",241798,133625,108173
="0052",1020,0,1020
="0056",219596,90043,129553
="0061",30000,0,30000
="006205",60000,0,60000
="006206",1000,0,1000
="006207",0,1000,-1000
="006208",240200,240000,200
="00631L",3000,1000,2000
="00632R",1817000,155000,1662000
="00633L",30000,261000,-231000
="00634R",4000,0,4000
="00636",30000,0,30000
="00637L",59000,3732000,-3673000
="00638R",2000,0,2000
="00642U",115000,113000,2000
="00646",1050,450,600
="00648R",1000,0,1000
="00650L",5000,5000,0
="00664R",553000,0,553000
="00671R",0,30000,-30000
="00676R",6000,0,6000
="00677U",15582000,6348000,9234000
="00678",0,1000,-1000
="00680L",2000,5000,-3000
="00683L",0,35000,-35000
="00684R",0,62000,-62000
="00686R",10000,0,10000
="00687B",50000,50000,0
="00688L",50000,50000,0
="00689R",50000,50000,0
="00692",80,4015,-3935
="00693U",0,492000,-492000
="00694B",50000,50000,0
="00695B",50000,50000,0
="00696B",100000,107000,-7000
="00697B",50000,50000,0
="00701",778000,25000,753000
="00708L",20000,2000,18000
="00712",7000,0,7000
="00713",61000,0,61000
="00714",100000,100000,0
="00715L",29000,1321000,-1292000
="00717",16000,7000,9000
="00718B",100000,100000,0
="00719B",50000,50000,0
="00720B",69000,50000,19000
="00721B",50000,50000,0
="00722B",50000,52000,-2000
="00723B",50000,50000,0
="00724B",50000,60000,-10000
="00728",12000,1000,11000
="00730",200,0,200
="00733",100000,100000,0
="00735",4000,0,4000
="00740B",28000,25000,3000
="00741B",25000,25000,0
="00745B",25000,25000,0
="00746B",25000,25000,0
="00751B",63000,51000,12000
="00752",0,1000,-1000
="00754B",50000,50000,0
="00755B",52000,51000,1000
="00756B",54000,50000,4000
="00757",1000,0,1000
="00759B",0,1000,-1000
="00762",0,12000,-12000
="00764B",50000,51000,-1000
="00765B",50000,50000,0
="00772B",90000,101000,-11000
="00773B",71000,70000,1000
="00784B",25000,25000,0
="00785B",25000,25000,0
="00786B",7000,0,7000
="00787B",4000,0,4000
="00788B",14000,0,14000
="00795B",70000,70000,0
="00796B",70000,70000,0
="00830",2000,31000,-29000
="00847B",72000,70000,2000
="00848B",70000,70000,0
="00849B",70000,70000,0
="00850",2000,2000,0
="00861",0,1000,-1000
="00862B",70000,70000,0
="00863B",70000,70000,0
="00864B",70000,70000,0
="00868B",50000,50000,0
="00869B",50000,50000,0
="00870B",50000,50000,0
="00871B",50000,50000,0
="00876",51000,349000,-298000
="00878",195060,1000,194060
="00881",233950,4536000,-4302050
="020011",10000,10000,0
="020016",1000,0,1000
="020018",122000,45000,77000
="020019",344000,278000,66000
="02001B",10000,2000,8000
="020021",1304000,1257000,47000
="020022",12000,0,12000
="03396P",0,998000,-998000
="03459P",0,499000,-499000
="03572P",0,5000,-5000
="03672P",0,454000,-454000
="03732P",5000,0,5000
="03859P",0,128000,-128000
="04126P",10000,0,10000
="04223P",0,10000,-10000
="04317P",45000,0,45000
="04513P",315000,583000,-268000
="04575P",0,153000,-153000
="04594P",0,99000,-99000
="04686P",100000,0,100000
="04729P",0,267000,-267000
="04732P",666000,0,666000
="04826P",5000,4000,1000
="04860P",5000,33000,-28000
="04908P",6000,51000,-45000
="04915P",0,20000,-20000
="04941P",10000,0,10000
="04953P",10000,0,10000
="04978P",0,100000,-100000
="04985P",100000,18000,82000
="04997P",47000,0,47000
="05006P",66000,5000,61000
="05067P",599000,70000,529000
="05070P",60000,0,60000
="05103P",50000,0,50000
="05104P",0,23000,-23000
="05121P",0,6000,-6000
="05128P",25000,574000,-549000
="05132P",0,200000,-200000
="05144P",400000,0,400000
="05161P",78000,44000,34000
="05162P",0,39000,-39000
="05237P",73000,45000,28000
="05259P",2000,0,2000
="05297P",11000,81000,-70000
="05299P",4000,10000,-6000
="05342P",0,38000,-38000
="05422P",87000,0,87000
="05469P",20000,0,20000
="05481P",57000,113000,-56000
="05482P",0,40000,-40000
="05500P",30000,50000,-20000
="05585P",975000,0,975000
="05594P",235000,59000,176000
="05595P",85000,479000,-394000
="05632P",8000,0,8000
="05697P",266000,508000,-242000
="05698P",20000,202000,-182000
="05699P",30000,5000,25000
="05705P",200000,0,200000
="05706P",92000,10000,82000
="05707P",10000,784000,-774000
="05714P",5000,0,5000
="05749P",10000,744000,-734000
="05750P",65000,14000,51000
="05760P",100000,0,100000
="05774P",533000,250000,283000
="05776P",69000,49000,20000
="05777P",136000,386000,-250000
="05829P",1000,0,1000
="05858P",30000,187000,-157000
="061289",210000,0,210000
="061291",20000,0,20000
="061292",1000,0,1000
="061730",0,39000,-39000
="062122",531000,8000,523000
="063054",2000,0,2000
="063057",23000,148000,-125000
="063198",0,12000,-12000
="063201",7000,12000,-5000
="063209",1000,0,1000
="063337",0,1000,-1000
="063350",10000,0,10000
="063437",44000,0,44000
="063439",1000,0,1000
="063444",138000,2000,136000
="063452",21000,4000,17000
="063665",2000,0,2000
="063788",12000,0,12000
="063926",10000,5000,5000
="064039",0,10000,-10000
="064047",17000,0,17000
="064055",40000,20000,20000
="064057",175000,100000,75000
="064137",0,10000,-10000
="064145",300000,0,300000
="064152",80000,50000,30000
="064162",10000,0,10000
="064241",55000,0,55000
="064446",10000,0,10000
="064448",0,6000,-6000
="064453",65000,2000,63000
="064462",65000,20000,45000
="064710",15000,0,15000
="064713",102000,40000,62000
="064714",15000,0,15000
="064715",0,50000,-50000
="064719",8000,0,8000
="064725",3000,0,3000
="064729",0,100000,-100000
="064835",21000,0,21000
="064914",500000,0,500000
="064915",10000,0,10000
="064916",600000,0,600000
="064919",0,80000,-80000
="064921",0,30000,-30000
="064925",151000,101000,50000
="064926",10000,0,10000
="065063",0,60000,-60000
="065186",38000,0,38000
="065315",100000,0,100000
="065341",10000,0,10000
="065342",0,3000,-3000
="065353",106000,0,106000
="065450",200000,100000,100000
="065451",300000,0,300000
="065533",10000,0,10000
="065539",20000,0,20000
="065541",100000,0,100000
="065653",10000,0,10000
="065679",1000,14000,-13000
="065683",22000,276000,-254000
="065685",169000,10000,159000
="065686",114000,237000,-123000
="065888",22000,0,22000
="065889",73000,14000,59000
="065890",18000,5000,13000
="065892",10000,50000,-40000
="065893",25000,0,25000
="065945",55000,0,55000
="065946",10000,0,10000
="065950",681000,15000,666000
="065953",10000,0,10000
="065957",0,54000,-54000
="066005",10000,2000,8000
="066197",5000,0,5000
="066198",2000,3000,-1000
="066201",0,160000,-160000
="066203",24000,82000,-58000
="066204",150000,0,150000
="066205",121000,0,121000
="066211",1000,0,1000
="066214",35000,0,35000
="066217",10000,0,10000
="066218",0,10000,-10000
="066422",20000,0,20000
="066456",70000,0,70000
="066460",41000,26000,15000
="066462",620000,0,620000
="066471",261000,0,261000
="066524",78000,4000,74000
="066525",25000,2000,23000
="066526",1755000,539000,1216000
="066529",57000,18000,39000
="066694",10000,0,10000
="067147",1000,0,1000
="067149",71000,0,71000
="067150",821000,20000,801000
="067152",20000,0,20000
="067153",0,100000,-100000
="067154",0,17000,-17000
="067157",20000,0,20000
="067276",106000,114000,-8000
="067277",0,60000,-60000
="067278",0,1000,-1000
="067279",112000,0,112000
="067368",45000,30000,15000
="067370",21000,0,21000
="067371",132000,0,132000
="067378",5000,42000,-37000
="067383",55000,315000,-260000
="067503",70000,0,70000
="067505",0,10000,-10000
="067510",186000,49000,137000
="067515",53000,0,53000
="067516",80000,0,80000
="067642",3000,0,3000
="067645",50000,0,50000
="067709",5000,0,5000
="067767",20000,1000,19000
="067768",40000,1000,39000
="067770",11000,2000,9000
="067772",70000,41000,29000
="067774",135000,0,135000
="067775",70000,306000,-236000
="067831",10000,10000,0
="067832",62000,11000,51000
="067835",116000,103000,13000
="067836",0,6000,-6000
="067837",0,49000,-49000
="068045",200000,5000,195000
="068046",323000,0,323000
="068048",474000,20000,454000
="068113",10000,0,10000
="068127",1000,0,1000
="068128",0,67000,-67000
="068129",600000,22000,578000
="068131",39000,10000,29000
="068217",72000,0,72000
="068219",0,12000,-12000
="068220",929000,413000,516000
="068221",451000,19000,432000
="068223",0,625000,-625000
="068224",0,9000,-9000
="068382",1000,0,1000
="068383",0,2000,-2000
="068388",10000,0,10000
="068389",40000,0,40000
="068390",87000,69000,18000
="068391",0,13000,-13000
="068395",0,20000,-20000
="068396",7000,0,7000
="068397",309000,0,309000
="068510",10000,20000,-10000
="068511",765000,28000,737000
="068513",0,20000,-20000
="068514",20000,10000,10000
="068516",0,700000,-700000
="068519",1000,0,1000
="068521",567000,52000,515000
="068592",131000,0,131000
="068593",10000,0,10000
="068594",22000,69000,-47000
="068595",8000,76000,-68000
="068669",11000,0,11000
="068670",2823000,4925000,-2102000
="068671",2000,18000,-16000
="068672",0,90000,-90000
="068674",0,100000,-100000
="068765",18000,0,18000
="068766",4000,0,4000
="068767",25000,68000,-43000
="068768",5000,10000,-5000
="068769",2000,188000,-186000
="068843",0,10000,-10000
="068844",2000,0,2000
="068847",4000,0,4000
="068852",1425000,365000,1060000
="068854",0,50000,-50000
="068883",8000,1000,7000
="068884",448000,0,448000
="068887",40000,0,40000
="068939",0,76000,-76000
="069031",25000,0,25000
="069034",0,100000,-100000
="069039",25000,0,25000
="069094",125000,0,125000
="069095",210000,110000,100000
="069097",312000,100000,212000
="069099",2000,13000,-11000
="069103",30000,15000,15000
="069105",6000,0,6000
="069106",12000,23000,-11000
="069190",26000,8000,18000
="069191",26000,15000,11000
="069192",0,28000,-28000
="069193",34000,22000,12000
="069397",130000,65000,65000
="069402",10000,36000,-26000
="069404",30000,50000,-20000
="069405",60000,0,60000
="069407",153000,91000,62000
="069409",15000,12000,3000
="069411",69000,138000,-69000
="069412",10000,27000,-17000
="069414",3577000,1651000,1926000
="069415",11000,0,11000
="069416",312000,510000,-198000
="069417",50000,0,50000
="069420",0,11000,-11000
="069446",0,20000,-20000
="069448",91000,0,91000
="069449",1915000,765000,1150000
="069612",1000,12000,-11000
="069614",36000,0,36000
="069616",11000,0,11000
="069619",0,201000,-201000
="069622",10000,0,10000
="069623",0,3000,-3000
="069691",1055000,493000,562000
="069693",174000,228000,-54000
="069823",12000,2000,10000
="069824",0,20000,-20000
="069927",0,120000,-120000
="069930",64000,116000,-52000
="069931",0,20000,-20000
="069933",81000,6000,75000
="069934",0,24000,-24000
="070133",275000,36000,239000
="070134",65000,0,65000
="070135",31000,30000,1000
="070136",5000,262000,-257000
="070138",186000,26000,160000
="070139",0,80000,-80000
="070141",588000,924000,-336000
="070147",33000,60000,-27000
="070148",3000,70000,-67000
="070245",230000,0,230000
="070250",38000,25000,13000
="070252",0,40000,-40000
="070255",305000,149000,156000
="070258",86000,0,86000
="070376",29000,0,29000
="070426",36000,0,36000
="070428",0,1000,-1000
="070430",208000,0,208000
="070431",15000,0,15000
="070444",9000,61000,-52000
="070445",522000,168000,354000
="070531",164000,303000,-139000
="070533",0,65000,-65000
="070534",11000,4000,7000
="070536",59000,4000,55000
="070538",195000,100000,95000
="070539",32000,0,32000
="070541",0,5000,-5000
="070606",30000,0,30000
="070608",63000,8000,55000
="070609",3000,0,3000
="070785",0,6000,-6000
="070800",10000,0,10000
="070857",50000,10000,40000
="070860",1477000,197000,1280000
="070861",0,18000,-18000
="070862",503000,61000,442000
="070864",562000,43000,519000
="070867",1000,100000,-99000
="071125",19000,0,19000
="071129",0,1000,-1000
="071206",30000,1000,29000
="071214",25000,0,25000
="071215",16000,1000,15000
="071217",96000,0,96000
="071218",0,5000,-5000
="071220",31000,142000,-111000
="071221",0,30000,-30000
="071222",30000,36000,-6000
="071223",41000,11000,30000
="071224",100000,12000,88000
="071225",0,35000,-35000
="071226",14000,0,14000
="071319",5000,0,5000
="071320",1000,0,1000
="071321",449000,60000,389000
="071323",96000,0,96000
="071327",0,20000,-20000
="071331",80000,0,80000
="071334",169000,17000,152000
="071390",0,21000,-21000
="071438",10000,0,10000
="071445",11000,2000,9000
="071446",21000,25000,-4000
="071447",55000,190000,-135000
="071448",12000,70000,-58000
="071457",55000,0,55000
="071567",33000,0,33000
="071568",49000,1000,48000
="071569",0,13000,-13000
="071571",202000,0,202000
="071692",327000,40000,287000
="071707",0,3000,-3000
="071708",93000,1000,92000
="071709",0,100000,-100000
="071710",50000,15000,35000
="071731",60000,0,60000
="071750",10000,0,10000
="071845",8000,9000,-1000
="071887",0,35000,-35000
="071890",11000,0,11000
="072023",10000,0,10000
="072046",45000,26000,19000
="072047",25000,1000,24000
="072049",0,50000,-50000
="072051",413000,149000,264000
="072122",15000,0,15000
="072123",45000,2000,43000
="072254",0,3000,-3000
="072300",0,166000,-166000
="072306",445000,10000,435000
="072307",126000,0,126000
="072310",0,75000,-75000
="072312",0,100000,-100000
="072313",440000,47000,393000
="072402",1000,0,1000
="072403",87000,101000,-14000
="072404",57000,61000,-4000
="072406",69000,0,69000
="072408",0,5000,-5000
="072409",100000,5000,95000
="072410",71000,32000,39000
="072412",88000,38000,50000
="072462",22000,2000,20000
="072556",0,20000,-20000
="072557",0,7000,-7000
="072559",218000,0,218000
="072561",0,100000,-100000
="072562",30000,15000,15000
="072566",341000,0,341000
="072568",9000,0,9000
="072625",10000,14000,-4000
="072628",15000,0,15000
="072633",55000,0,55000
="072634",295000,26000,269000
="072638",86000,50000,36000
="072707",34000,0,34000
="072710",2000,0,2000
="072712",5000,10000,-5000
="072808",15000,1000,14000
="072812",3000,0,3000
="072813",10000,0,10000
="072964",269000,331000,-62000
="072968",22000,0,22000
="072971",2000,10000,-8000
="072973",0,2000,-2000
="073027",98000,53000,45000
="073028",1000,0,1000
="073029",17000,0,17000
="073031",385000,91000,294000
="073032",20000,40000,-20000
="073035",46000,41000,5000
="073036",125000,15000,110000
="073037",773000,454000,319000
="073038",564000,44000,520000
="073039",576000,390000,186000
="073040",25000,40000,-15000
="073095",4000,0,4000
="073096",0,20000,-20000
="073097",259000,214000,45000
="073100",251000,151000,100000
="073102",248000,669000,-421000
="073103",535000,10000,525000
="073104",13000,89000,-76000
="073105",145000,20000,125000
="073106",5000,7000,-2000
="073377",36000,10000,26000
="073378",172000,0,172000
="073379",254000,0,254000
="073383",4000,25000,-21000
="073388",233000,63000,170000
="073487",30000,0,30000
="073489",53000,2000,51000
="073493",82000,50000,32000
="073497",17000,7000,10000
="073500",0,20000,-20000
="073502",50000,127000,-77000
="073503",185000,5000,180000
="073572",12000,0,12000
="073577",15000,1000,14000
="073615",14000,0,14000
="073616",14000,9000,5000
="073617",338000,0,338000
="073619",50000,0,50000
="073735",499000,0,499000
="073740",0,6000,-6000
="073741",5000,2000,3000
="073742",10000,1000,9000
="073743",24000,5000,19000
="073744",8000,0,8000
="073745",23000,14000,9000
="073746",10000,15000,-5000
="073747",0,12000,-12000
="073748",25000,10000,15000
="073808",36000,0,36000
="073809",0,13000,-13000
="073810",0,20000,-20000
="073811",10000,0,10000
="073812",14000,0,14000
="073813",50000,26000,24000
="073920",20000,0,20000
="073982",56000,20000,36000
="073984",11000,3000,8000
="073985",10000,30000,-20000
="074062",27000,7000,20000
="074065",10000,0,10000
="074067",1000,16000,-15000
="074068",11000,74000,-63000
="074069",30000,1000,29000
="074167",12000,0,12000
="074168",222000,193000,29000
="074171",33000,7000,26000
="074255",0,27000,-27000
="074257",19000,746000,-727000
="074343",20000,0,20000
="074344",8000,5000,3000
="074347",3012000,1032000,1980000
="074349",21000,23000,-2000
="074350",1000,146000,-145000
="074351",15000,18000,-3000
="074352",541000,350000,191000
="074353",10000,27000,-17000
="074354",148000,103000,45000
="074444",0,10000,-10000
="074446",385000,156000,229000
="074447",15000,30000,-15000
="074448",119000,0,119000
="074449",6000,45000,-39000
="074450",64000,36000,28000
="074451",9000,60000,-51000
="074453",61000,82000,-21000
="074454",1000,2000,-1000
="074455",149000,30000,119000
="074493",15000,0,15000
="074498",0,30000,-30000
="074499",60000,0,60000
="074546",0,30000,-30000
="074680",0,3000,-3000
="074681",0,100000,-100000
="074685",10000,51000,-41000
="074686",57000,12000,45000
="074687",738000,28000,710000
="074689",7000,0,7000
="074690",62000,27000,35000
="074758",1000,0,1000
="074786",33000,0,33000
="074787",235000,9000,226000
="074788",33000,11000,22000
="074789",0,2000,-2000
="074790",219000,43000,176000
="074791",109000,3000,106000
="074792",22000,0,22000
="074793",10000,30000,-20000
="074794",34000,12000,22000
="074796",5000,0,5000
="074800",82000,4000,78000
="074801",20000,10000,10000
="074802",221000,206000,15000
="074803",22000,0,22000
="074804",340000,20000,320000
="074807",246000,159000,87000
="074810",120000,0,120000
="074811",20000,0,20000
="074812",420000,0,420000
="074814",50000,0,50000
="074818",0,2000,-2000
="074819",382000,81000,301000
="074895",71000,0,71000
="074900",73000,22000,51000
="074901",0,17000,-17000
="074902",154000,164000,-10000
="074905",0,20000,-20000
="074906",40000,0,40000
="074907",1000,0,1000
="074908",64000,10000,54000
="075030",0,150000,-150000
="075051",17000,64000,-47000
="075066",0,3000,-3000
="075167",2000,0,2000
="075168",1000,0,1000
="075172",459000,96000,363000
="075173",33000,0,33000
="075174",65000,0,65000
="075240",0,23000,-23000
="075243",0,14000,-14000
="075396",11000,86000,-75000
="075399",147000,13000,134000
="075401",0,20000,-20000
="075402",0,22000,-22000
="075404",45000,0,45000
="075405",50000,0,50000
="075407",50000,0,50000
="075412",50000,0,50000
="075413",30000,0,30000
="075502",0,1000,-1000
="075513",32000,7000,25000
="075517",2000,130000,-128000
="075534",2000,2000,0
="075641",159000,0,159000
="075642",60000,70000,-10000
="075693",10000,6000,4000
="075694",132000,0,132000
="075697",3000,139000,-136000
="075699",4000,0,4000
="075700",30000,0,30000
="075701",25000,0,25000
="075826",34000,0,34000
="075828",5000,0,5000
="075829",231000,10000,221000
="075830",73000,20000,53000
="075831",652000,10000,642000
="075964",120000,0,120000
="075965",10000,50000,-40000
="075968",21000,34000,-13000
="075969",131000,134000,-3000
="075970",65000,193000,-128000
="075971",45000,7000,38000
="075972",86000,1000,85000
="076027",15000,0,15000
="076055",17000,45000,-28000
="076057",2798000,21000,2777000
="076058",0,4000,-4000
="076059",57000,40000,17000
="076061",0,3000,-3000
="076063",30000,132000,-102000
="076064",227000,384000,-157000
="076180",20000,2000,18000
="076181",0,1000,-1000
="076182",10000,2000,8000
="076185",3000,0,3000
="076289",52000,1000,51000
="076290",0,30000,-30000
="076291",59000,59000,0
="076292",10000,0,10000
="076405",100000,58000,42000
="076406",9000,3000,6000
="076407",4000,0,4000
="076408",99000,40000,59000
="076409",3000,0,3000
="076410",97000,199000,-102000
="076411",212000,88000,124000
="076412",134000,2000,132000
="076413",261000,0,261000
="076414",382000,10000,372000
="076415",369000,70000,299000
="076416",412000,102000,310000
="076417",100000,0,100000
="076418",373000,224000,149000
="076420",410000,58000,352000
="076421",2000,3000,-1000
="076551",23000,56000,-33000
="076651",20000,0,20000
="076652",278000,89000,189000
="076653",1280000,29000,1251000
="076654",137000,90000,47000
="076655",54000,94000,-40000
="076777",23000,0,23000
="076835",499000,0,499000
="076913",0,20000,-20000
="076914",8000,0,8000
="076915",53000,188000,-135000
="076916",56000,0,56000
="076917",22000,0,22000
="076918",6000,0,6000
="076920",0,20000,-20000
="076921",200000,40000,160000
="076922",499000,339000,160000
="076941",2000,0,2000
="076971",27000,0,27000
="077011",10000,0,10000
="077039",60000,20000,40000
="077061",530000,133000,397000
="077065",0,87000,-87000
="077066",781000,342000,439000
="077067",70000,108000,-38000
="077068",51000,51000,0
="077069",34000,453000,-419000
="077103",56000,68000,-12000
="077104",1000,0,1000
="077105",15000,40000,-25000
="077107",11000,40000,-29000
="077108",197000,320000,-123000
="077109",423000,140000,283000
="077110",0,2000,-2000
="077217",0,9000,-9000
="077275",391000,93000,298000
="077276",45000,42000,3000
="077277",48000,27000,21000
="077278",61000,27000,34000
="077279",171000,0,171000
="077280",10000,3000,7000
="077281",299000,80000,219000
="077374",0,10000,-10000
="077412",44000,55000,-11000
="077458",2000,2000,0
="077585",10000,400000,-390000
="077586",16000,0,16000
="077587",18000,31000,-13000
="077588",74000,1000,73000
="077591",80000,10000,70000
="077593",10000,0,10000
="077594",34000,10000,24000
="077595",8000,50000,-42000
="077596",10000,0,10000
="077647",98000,0,98000
="077648",120000,22000,98000
="077649",30000,11000,19000
="077651",0,25000,-25000
="077652",20000,38000,-18000
="077653",40000,141000,-101000
="077654",5000,3000,2000
="077655",50000,65000,-15000
="077656",249000,2000,247000
="077657",89000,0,89000
="077658",32000,16000,16000
="077659",6000,6000,0
="077796",0,2000,-2000
="077810",77000,176000,-99000
="077811",178000,328000,-150000
="077942",356000,30000,326000
="077944",958000,341000,617000
="077945",505000,88000,417000
="077946",27000,20000,7000
="078038",1067000,414000,653000
="078087",120000,53000,67000
="078088",62000,0,62000
="078089",109000,12000,97000
="078091",10000,26000,-16000
="078092",0,180000,-180000
="078093",21000,264000,-243000
="078095",3000,47000,-44000
="078096",5000,5000,0
="078097",284000,0,284000
="078099",10000,0,10000
="078278",20000,0,20000
="078363",0,1000,-1000
="078400",1000,0,1000
="078461",36000,380000,-344000
="078462",14000,81000,-67000
="078464",14000,10000,4000
="078465",13000,0,13000
="078466",610000,36000,574000
="078468",26000,20000,6000
="078469",418000,26000,392000
="078470",79000,0,79000
="078471",10000,0,10000
="078472",5000,0,5000
="078473",35000,10000,25000
="078474",39000,0,39000
="078475",55000,0,55000
="078476",68000,200000,-132000
="078496",10000,0,10000
="078610",35000,0,35000
="078638",5000,0,5000
="078718",33000,8000,25000
="078719",166000,0,166000
="078720",113000,47000,66000
="078721",703000,1101000,-398000
="078724",28000,10000,18000
="078846",5000,0,5000
="078847",55000,14000,41000
="078848",2656000,293000,2363000
="078849",131000,57000,74000
="078850",41000,51000,-10000
="078851",22000,4000,18000
="078852",15000,0,15000
="078853",81000,71000,10000
="078854",412000,749000,-337000
="078855",50000,87000,-37000
="078856",32000,172000,-140000
="078857",4000,0,4000
="078942",206000,0,206000
="078943",1000,10000,-9000
="078944",75000,178000,-103000
="078945",116000,94000,22000
="078946",59000,0,59000
="078947",387000,145000,242000
="078949",20000,27000,-7000
="078965",2000,0,2000
="079074",2000,0,2000
="079090",152000,19000,133000
="079091",90000,0,90000
="079096",499000,0,499000
="079285",3000,0,3000
="079287",815000,15000,800000
="079288",106000,80000,26000
="079289",35000,13000,22000
="079290",707000,227000,480000
="079291",8000,121000,-113000
="079315",0,2000,-2000
="079425",97000,2000,95000
="079426",100000,8000,92000
="079427",289000,175000,114000
="079428",14000,0,14000
="079429",100000,1176000,-1076000
="079430",202000,6000,196000
="079433",189000,14000,175000
="079434",0,60000,-60000
="079435",184000,32000,152000
="079457",0,51000,-51000
="079563",17000,50000,-33000
="079583",2000,10000,-8000
="079584",1000,4000,-3000
="079585",308000,0,308000
="079586",40000,5000,35000
="079727",336000,15000,321000
="079729",7000,19000,-12000
="079730",81000,186000,-105000
="079732",680000,48000,632000
="079733",98000,0,98000
="079734",54000,11000,43000
="079736",233000,13000,220000
="079737",81000,245000,-164000
="079738",0,1128000,-1128000
="079739",0,10000,-10000
="079740",88000,87000,1000
="079741",227000,196000,31000
="079742",164000,112000,52000
="079743",244000,20000,224000
="079744",111000,635000,-524000
="079745",423000,176000,247000
="079778",5000,0,5000
="079868",52000,80000,-28000
="079869",33000,0,33000
="079870",200000,0,200000
="079871",1108000,2041000,-933000
="079872",114000,0,114000
="079873",391000,0,391000
="079928",1000,0,1000
="079979",92000,162000,-70000
="079980",6000,0,6000
="079981",1744000,47000,1697000
="079982",20000,93000,-73000
="079983",160000,580000,-420000
="079984",8000,50000,-42000
="079985",343000,188000,155000
="080161",15000,5000,10000
="080162",244000,0,244000
="080165",37000,83000,-46000
="080166",50000,0,50000
="080168",80000,0,80000
="080169",180000,30000,150000
="080170",202000,24000,178000
="080171",6000,0,6000
="080172",72000,0,72000
="080173",0,30000,-30000
="080174",150000,10000,140000
="080175",92000,24000,68000
="080176",10000,100000,-90000
="080177",240000,165000,75000
="080178",297000,99000,198000
="080180",58000,0,58000
="080181",141000,187000,-46000
="080182",20000,55000,-35000
="080183",100000,20000,80000
="080184",2000,20000,-18000
="080186",52000,161000,-109000
="080205",0,24000,-24000
="080230",0,24000,-24000
="080293",2000,0,2000
="080343",6000,5000,1000
="080344",85000,105000,-20000
="080345",79000,95000,-16000
="080346",202000,145000,57000
="080347",342000,56000,286000
="080348",8000,2000,6000
="080349",1437000,872000,565000
="080350",0,78000,-78000
="080351",492000,5000,487000
="080386",0,500000,-500000
="080490",0,150000,-150000
="080506",0,280000,-280000
="080537",30000,14000,16000
="080540",17000,5000,12000
="080541",10000,36000,-26000
="080542",20000,210000,-190000
="080543",5000,108000,-103000
="080544",101000,257000,-156000
="080545",137000,193000,-56000
="080546",242000,129000,113000
="080547",61000,40000,21000
="080594",130000,10000,120000
="080595",1000,0,1000
="080596",20000,50000,-30000
="080598",24000,312000,-288000
="080599",460000,50000,410000
="080600",0,104000,-104000
="080601",2000,3000,-1000
="080602",153000,214000,-61000
="080603",52000,33000,19000
="080675",0,100000,-100000
="080696",1000,0,1000
="080833",18000,0,18000
="080846",60000,0,60000
="080857",0,18000,-18000
="080859",2000,15000,-13000
="080860",137000,157000,-20000
="080861",383000,135000,248000
="080862",25000,0,25000
="080864",226000,569000,-343000
="080867",726000,205000,521000
="080868",167000,16000,151000
="080869",72000,15000,57000
="080870",0,163000,-163000
="080914",20000,9000,11000
="081018",0,100000,-100000
="081019",349000,25000,324000
="081020",9000,1639000,-1630000
="081021",904000,531000,373000
="081022",0,335000,-335000
="081024",468000,138000,330000
="081025",47000,0,47000
="081026",699000,54000,645000
="081130",2000,0,2000
="081163",0,1000,-1000
="081213",6000,0,6000
="081214",4000,37000,-33000
="081216",167000,15000,152000
="081217",156000,22000,134000
="081218",149000,405000,-256000
="081219",30000,5000,25000
="081220",3000,4000,-1000
="081221",100000,442000,-342000
="081222",92000,40000,52000
="081223",20000,43000,-23000
="081224",579000,423000,156000
="081225",48000,620000,-572000
="081226",319000,426000,-107000
="081227",0,30000,-30000
="081229",50000,0,50000
="081231",15000,101000,-86000
="081232",0,56000,-56000
="081233",0,30000,-30000
="081234",27000,10000,17000
="081270",0,4000,-4000
="081271",0,3000,-3000
="081272",31000,0,31000
="081276",10000,0,10000
="081278",52000,50000,2000
="081279",50000,60000,-10000
="081281",0,2000,-2000
="081282",71000,77000,-6000
="081283",155000,136000,19000
="081285",92000,50000,42000
="081286",90000,33000,57000
="081287",129000,82000,47000
="081288",39000,35000,4000
="081289",86000,0,86000
="081368",0,80000,-80000
="081370",0,170000,-170000
="081408",1000,0,1000
="081428",3000,12000,-9000
="081429",68000,10000,58000
="081430",52000,10000,42000
="081432",0,5000,-5000
="081433",40000,0,40000
="081434",10000,140000,-130000
="081435",17000,10000,7000
="081436",558000,943000,-385000
="081437",57000,241000,-184000
="081438",682000,284000,398000
="081439",10000,22000,-12000
="081440",323000,23000,300000
="081441",0,10000,-10000
="081442",160000,0,160000
="081443",247000,138000,109000
="081444",160000,0,160000
="081446",60000,74000,-14000
="081447",76000,18000,58000
="081448",0,22000,-22000
="081449",229000,0,229000
="081450",109000,6000,103000
="081451",510000,81000,429000
="081452",0,50000,-50000
="081502",0,30000,-30000
="081633",0,20000,-20000
="081684",10000,0,10000
="081692",0,447000,-447000
="081696",180000,0,180000
="081707",188000,65000,123000
="081708",21000,1000,20000
="081709",813000,1588000,-775000
="081710",652000,637000,15000
="081711",1150000,1797000,-647000
="081712",820000,1260000,-440000
="081713",106000,40000,66000
="081714",165000,100000,65000
="081715",90000,345000,-255000
="081716",11000,10000,1000
="081717",354000,390000,-36000
="081718",53000,45000,8000
="081719",21000,25000,-4000
="081720",529000,121000,408000
="081721",0,84000,-84000
="081722",30000,3000,27000
="081723",1028000,1818000,-790000
="081725",585000,429000,156000
="081726",139000,0,139000
="081727",103000,82000,21000
="081864",30000,0,30000
="081865",0,6000,-6000
="081906",0,210000,-210000
="081930",20000,0,20000
="081945",498000,255000,243000
="081946",70000,146000,-76000
="081947",151000,39000,112000
="081948",210000,5000,205000
="081950",108000,1000,107000
="081951",5000,90000,-85000
="081952",83000,1590000,-1507000
="081953",123000,0,123000
="081954",1000,1000,0
="081955",83000,115000,-32000
="081956",17000,6000,11000
="081957",0,68000,-68000
="081958",0,6000,-6000
="081959",136000,292000,-156000
="082006",0,8000,-8000
="082067",10000,0,10000
="082124",437000,2364000,-1927000
="082125",0,20000,-20000
="082127",215000,11000,204000
="082128",1536000,2690000,-1154000
="082129",202000,235000,-33000
="082130",226000,7831000,-7605000
="082131",50000,0,50000
="082132",143000,187000,-44000
="082133",28000,86000,-58000
="082134",5000,1000,4000
="082135",40000,6000,34000
="082136",176000,844000,-668000
="082137",0,96000,-96000
="082138",19000,95000,-76000
="082139",213000,2000,211000
="082140",5000,116000,-111000
="082141",40000,0,40000
="082142",399000,30000,369000
="082143",0,20000,-20000
="082144",86000,807000,-721000
="082145",327000,0,327000
="082314",0,20000,-20000
="082315",468000,447000,21000
="082316",16000,50000,-34000
="082318",10000,247000,-237000
="082319",1733000,696000,1037000
="082320",47000,34000,13000
="082321",164000,525000,-361000
="082325",15000,120000,-105000
="082326",73000,101000,-28000
="082328",0,5000,-5000
="082329",303000,10000,293000
="082330",185000,248000,-63000
="082331",114000,80000,34000
="082332",98000,5000,93000
="082333",15000,17000,-2000
="082334",54000,76000,-22000
="082335",445000,30000,415000
="082336",201000,340000,-139000
="082337",419000,329000,90000
="082338",35000,3000,32000
="082339",129000,16000,113000
="082395",285000,200000,85000
="082396",0,201000,-201000
="082418",0,214000,-214000
="082476",9000,9000,0
="082477",0,20000,-20000
="082478",1000,369000,-368000
="082479",0,10000,-10000
="082481",799000,655000,144000
="082482",735000,1443000,-708000
="082483",5000,27000,-22000
="082484",0,25000,-25000
="082485",1000,90000,-89000
="082486",228000,1164000,-936000
="082487",200000,1004000,-804000
="082488",172000,1201000,-1029000
="082490",0,10000,-10000
="082491",0,56000,-56000
="082493",0,174000,-174000
="082494",0,494000,-494000
="082495",230000,411000,-181000
="082498",50000,79000,-29000
="082499",22000,73000,-51000
="082500",0,5000,-5000
="082501",42000,36000,6000
="082521",3000,0,3000
="082536",10000,0,10000
="082560",0,588000,-588000
="082562",0,5000,-5000
="082564",0,10000,-10000
="082573",0,50000,-50000
="082574",0,143000,-143000
="082576",0,25000,-25000
="082577",0,150000,-150000
="08930P",0,10000,-10000
="1101",25000,10000,15000
="1102",0,520000,-520000
="1103",9000,0,9000
="1104",0,224000,-224000
="1108",30000,0,30000
="1201",0,5000,-5000
="1210",100000,33000,67000
="1215",1000,0,1000
="1216",353000,12000,341000
="1217",1000,0,1000
="1218",1,2000,-1999
="1219",20000,0,20000
="1227",2000,1000,1000
="1229",6100,0,6100
="1232",1000,2000,-1000
="1234",2,0,2
="1236",39,0,39
="1301",28000,4014,23986
="1303",100,8000,-7900
="1304",8100,18000,-9900
="1305",1000,12000,-11000
="1308",20000,150000,-130000
="1309",3000,217000,-214000
="1310",9000,150000,-141000
="1312",2004,78000,-75996
="1313",1000,15000,-14000
="1314",25000,29000,-4000
="1316",0,8000,-8000
="1319",2000,5000,-3000
="1325",1000,4000,-3000
="1326",2000,3000,-1000
="1336",20000,20000,0
="1337",65,0,65
="1338",0,6000,-6000
="1340",1,0,1
="1402",35000,0,35000
="1409",6023,16000,-9977
="1413",0,1000,-1000
="1414",4000,0,4000
="1417",2000,0,2000
="1419",7000,0,7000
="1440",6000,15350,-9350
="1441",60,0,60
="1444",32000,18000,14000
="1445",0,50000,-50000
="1447",10000,1000,9000
="1449",2000,0,2000
="1451",1080,990,90
="1453",0,250,-250
="1454",2000,10000,-8000
="1455",8000,0,8000
="1460",100,0,100
="1463",0,10,-10
="1465",1043,0,1043
="1466",2000,7000,-5000
="1467",1000,0,1000
="1468",0,1000,-1000
="1473",61,300,-239
="1474",0,1000,-1000
="1476",2000,40000,-38000
="1477",1000,4000,-3000
="1504",2000,0,2000
="1506",0,1001,-1001
="1513",14000,21000,-7000
="1519",0,3000,-3000
="1524",89000,38000,51000
="1526",3000,1000,2000
="1527",1000,0,1000
="1528",2,0,2
="1530",0,33,-33
="1532",1000,1000,0
="1533",43000,84000,-41000
="1536",23000,107000,-84000
="1537",0,1000,-1000
="1538",1000,0,1000
="1539",0,2000,-2000
="1558",0,1000,-1000
="1568",76000,203000,-127000
="1569",6000,0,6000
="1582",1000,3000,-2000
="1584",32000,0,32000
="1586",1000,17050,-16050
="1589",31000,5000,26000
="1590",14000,5000,9000
="1593",25000,1000,24000
="1597",4000,5000,-1000
="1598",16000,3000,13000
="1605",73000,142000,-69000
="1608",10000,19000,-9000
="1609",40004,33000,7004
="1612",12000,54100,-42100
="1626",5000,0,5000
="1701",3,2000,-1997
="1707",0,4000,-4000
="1709",0,2000,-2000
="1710",2000,201126,-199126
="1711",40,0,40
="1712",30000,0,30000
="1714",25000,0,25000
="1717",58000,1000,57000
="1718",30100,77000,-46900
="1720",5000,0,5000
="1722",1,1000,-999
="1736",5000,14000,-9000
="1752",1000,0,1000
="1760",0,1000,-1000
="1762",2080,0,2080
="1773",3000,3000,0
="1784",0,1000,-1000
="1785",131000,207100,-76100
="1786",0,287,-287
="1795",15000,0,15000
="1802",9000,27000,-18000
="1809",10000,7000,3000
="1815",9000,1000,8000
="1817",15000,0,15000
="1903",3000,0,3000
="1904",3000,18114,-15114
="1905",143000,15000,128000
="1907",114000,32000,82000
="1909",2000,42000,-40000
="2002",15002,57200,-42198
="2006",1000,41000,-40000
="2007",1000,0,1000
="2008",2000,0,2000
="2009",17000,9136,7864
="2010",0,71000,-71000
="2013",1000,0,1000
="2014",54000,207000,-153000
="2015",0,5000,-5000
="2017",10000,0,10000
="2023",0,11000,-11000
="2025",0,2000,-2000
="2027",810150,55000,755150
="2031",8000,57000,-49000
="2032",1000,0,1000
="2033",0,4000,-4000
="2034",1000,13000,-12000
="2038",24000,128000,-104000
="2049",1000,35000,-34000
="2101",0,20000,-20000
="2102",1,0,1
="2103",0,10000,-10000
="2104",35001,0,35001
="2105",0,38000,-38000
="2106",0,1000,-1000
="2107",8000,0,8000
="2108",2000,4000,-2000
="2109",50000,0,50000
="2201",22100,39000,-16900
="2204",0,33000,-33000
="2206",18000,1000,17000
="2208",150,0,150
="2231",14000,19000,-5000
="2233",11000,0,11000
="2239",3000,1000,2000
="2241",5100,0,5100
="2301",0,600000,-600000
="2303",6229815,6056600,173215
="2308",29763,184059,-154296
="2312",0,31000,-31000
="2313",131110,298000,-166890
="2314",2000,0,2000
="2316",1001,1000,1
="2317",1141388,3076767,-1935379
="2324",761120,3872000,-3110880
="2327",177580,188160,-10580
="2328",1206000,588010,617990
="2329",50020,5000,45020
="2330",475765,622938,-147173
="2331",14000,2000,12000
="2332",5000,17000,-12000
="2337",111700,294200,-182500
="2338",34000,50000,-16000
="2340",2000,16000,-14000
="2342",45000,16000,29000
="2344",170001,282000,-111999
="2345",13000,10000,3000
="2347",0,6000,-6000
="2348",0,5000,-5000
="2351",14000,27000,-13000
="2352",17000,514000,-497000
="2353",4051,273887,-269836
="2354",356002,294100,61902
="2355",125000,31000,94000
="2356",5000,25000,-20000
="2357",1100,140037,-138937
="2359",12000,0,12000
="2360",35000,1000,34000
="2363",7000,2000,5000
="2367",16000,63000,-47000
="2368",661000,1261000,-600000
="2369",60000,53000,7000
="2371",17000,24000,-7000
="2374",12000,2000,10000
="2375",112000,126000,-14000
="2376",3000,18000,-15000
="2377",1050,89000,-87950
="2379",14020,29060,-15040
="2382",10050,101200,-91150
="2383",18000,31000,-13000
="2385",0,1000,-1000
="2387",243665,59060,184605
="2388",8200,6200,2000
="2392",15000,70000,-55000
="2393",5000,333000,-328000
="2395",0,3000,-3000
="2399",1000,1000,0
="2401",78000,348000,-270000
="2402",2000,0,2000
="2404",3100,49004,-45904
="2405",2001,0,2001
="2406",1,2036,-2035
="2408",44090,81000,-36910
="2409",305000,5569000,-5264000
="2412",40010,2000,38010
="2413",814000,58000,756000
="2415",0,10000,-10000
="2417",18000,6000,12000
="2421",9000,11000,-2000
="2424",1000,0,1000
="2425",0,5000,-5000
="2426",5,5000,-4995
="2428",6000,51000,-45000
="2429",2000,0,2000
="2436",727000,168114,558886
="2439",5000,3000,2000
="2441",222000,12000,210000
="2442",10000,0,10000
="2444",1000,3000,-2000
="2449",1385000,53000,1332000
="2451",0,40000,-40000
="2454",16110,175000,-158890
="2455",25000,55000,-30000
="2456",24100,559000,-534900
="2457",14000,3000,11000
="2458",45000,987000,-942000
="2460",93000,161046,-68046
="2461",0,2000,-2000
="2464",9000,8000,1000
="2467",100,14500,-14400
="2471",93000,66000,27000
="2472",5000,5000,0
="2474",501000,45000,456000
="2478",9000,125000,-116000
="2480",20000,15000,5000
="2481",54000,58000,-4000
="2482",1146,990,156
="2484",2000,0,2000
="2485",1001,2000,-999
="2486",18000,406000,-388000
="2489",2000,0,2000
="2491",1000,1000,0
="2492",51000,64000,-13000
="2493",1000,2000,-1000
="2497",3000,7000,-4000
="2498",10000,22000,-12000
="2504",102000,5000,97000
="2505",24545,405000,-380455
="2511",5000,4000,1000
="2515",14000,25000,-11000
="2516",5000,0,5000
="2520",24000,6000,18000
="2534",50,0,50
="2537",5000,0,5000
="2540",0,1000,-1000
="2542",0,200,-200
="2545",20000,0,20000
="2547",3000,10000,-7000
="2601",8000,5000,3000
="2603",5374372,13481275,-8106903
="2605",58000,69000,-11000
="2606",1000,41000,-40000
="2607",20000,12000,8000
="2609",1187000,1532000,-345000
="2610",50100,106500,-56400
="2611",1000,328000,-327000
="2612",1000,1000,0
="2613",2000,0,2000
="2614",2000,0,2000
="2615",110000,450000,-340000
="2616",1,0,1
="2618",27045,30000,-2955
="2633",6020,12100,-6080
="2634",2000,1037,963
="2636",10000,0,10000
="2637",20445,2000,18445
="2640",4000,0,4000
="2641",1000,1000,0
="2723",1000,4000,-3000
="2729",0,19000,-19000
="2732",2000,0,2000
="2736",2000,0,2000
="2754",1000,1110,-110
="2801",0,23080,-23080
="2812",1300,3000,-1700
="2820",5000,0,5000
="2823",6872,32800,-25928
="2834",11000,250,10750
="2851",0,62000,-62000
="2852",3000,0,3000
="2855",3000,37300,-34300
="2867",0,20000,-20000
="2880",6001,1000,5001
="2881",503000,14000,489000
="2881A",0,110000,-110000
="2882",33000,17000,16000
="2883",67019,150000,-82981
="2884",211771,88000,123771
="2885",26000,25000,1000
="2886",9000,710000,-701000
="2887",10000,0,10000
="2887E",0,8000,-8000
="2888",51000,216038,-165038
="2889",0,11000,-11000
="2890",20000,0,20000
="2891",2310026,37000,2273026
="2892",49000,3000,46000
="2901",21,0,21
="2911",1070,500,570
="2913",0,228000,-228000
="2915",4000,27000,-23000
="3002",0,7000,-7000
="3003",90000,12000,78000
="3006",352000,606000,-254000
="3008",3167,9011,-5844
="3010",0,4000,-4000
="3011",13000,0,13000
="3014",64000,67100,-3100
="3015",2000,2000,0
="3016",69050,74000,-4950
="3017",44000,348000,-304000
="3018",1000,990,10
="3019",50,1000,-950
="3022",48000,11000,37000
="3023",3000,6000,-3000
="3025",0,28000,-28000
="3026",7000,1000,6000
="3028",24000,0,24000
="3029",32000,0,32000
="3032",1000,12000,-11000
="3034",89000,75160,13840
="3035",65000,45000,20000
="3036",0,18000,-18000
="3037",255000,184000,71000
="3038",10000,0,10000
="3041",6000,0,6000
="3042",554050,405000,149050
="3044",13000,13000,0
="3048",29000,17000,12000
="3049",0,10000,-10000
="3050",0,5000,-5000
="3056",4000,0,4000
="3057",50,0,50
="3058",15000,60,14940
="3059",1000,18229,-17229
="3060",0,11000,-11000
="3062",20000,4000,16000
="3064",0,635,-635
="3067",0,1000,-1000
="3071",1000,10000,-9000
="3078",22000,52000,-30000
="3081",2002,7000,-4998
="3083",4000,0,4000
="3088",1000,0,1000
="3092",355000,103000,252000
="3094",6005,14000,-7995
="3105",28005,75379,-47374
="3114",2000,0,2000
="3128",8000,0,8000
="3131",22000,27410,-5410
="3138",72000,0,72000
="3141",0,2000,-2000
="3144",0,1000,-1000
="3147",0,3000,-3000
="3149",28000,253000,-225000
="3152",10000,4000,6000
="3163",6000,1000,5000
="3164",25,0,25
="3167",0,247,-247
="3169",6000,0,6000
="3178",0,2000,-2000
="3189",56000,82300,-26300
="3205",1000,0,1000
="3206",18000,1000,17000
="3209",1000,0,1000
="3211",56,5000,-4944
="3217",0,13000,-13000
="3218",4000,3000,1000
="3227",121000,300000,-179000
="3228",8000,2000,6000
="3231",45050,100000,-54950
="3232",4000,0,4000
="3234",0,1000,-1000
="3236",4000,0,4000
="3257",1000,0,1000
="3260",9000,67000,-58000
="3264",5000,18000,-13000
="3272",0,10000,-10000
="3290",4,132,-128
="3293",4389,33000,-28611
="3296",13023,16000,-2977
="3297",0,5000,-5000
="3305",0,19000,-19000
="3311",0,257,-257
="3312",0,1000,-1000
="3317",2000,2000,0
="3321",2000,0,2000
="3322",1002,7000,-5998
="3323",46000,44000,2000
="3324",82000,83000,-1000
="3338",3000,0,3000
="3346",8000,69000,-61000
="3356",2000,0,2000
="3360",0,4000,-4000
="3373",12000,6000,6000
="3374",119050,161200,-42150
="3376",2000,2000,0
="3380",148400,36000,112400
="3388",1000,1000,0
="3390",3,0,3
="3406",12058,46000,-33942
="3413",292000,326009,-34009
="3419",0,10000,-10000
="3432",20,0,20
="3437",19000,51000,-32000
="3438",5000,0,5000
="3443",50103,61000,-10897
="3450",5004,2000,3004
="3455",1000,0,1000
="3465",1000,1000,0
="3466",1042,1000,42
="3479",1000,1000,0
="3481",477020,272000,205020
="3483",22000,1094,20906
="3484",106000,65241,40759
="3489",14000,1000,13000
="3490",3000,1000,2000
="3498",0,8000,-8000
="3501",3000,0,3000
="3504",1000,1000,0
="3508",2000,60000,-58000
="3511",0,15000,-15000
="3515",3000,2000,1000
="3520",0,1000,-1000
="3522",0,248000,-248000
="3526",4000,50000,-46000
="3527",1000,8000,-7000
="3529",5000,34346,-29346
="3530",37000,135000,-98000
="3532",1000,7000,-6000
="3533",10000,46000,-36000
="3535",2000,7000,-5000
="3537",2000,0,2000
="3540",45000,27000,18000
="3541",1000,0,1000
="3543",13000,0,13000
="3545",423000,438300,-15300
="3546",32,0,32
="3548",28000,0,28000
="3550",0,1000,-1000
="3552",64000,50000,14000
="3556",1000,50,950
="3557",50,0,50
="3563",0,2000,-2000
="3564",3000,5000,-2000
="3576",17280,26000,-8720
="3580",19000,14000,5000
="3581",13000,5000,8000
="3583",17000,10000,7000
="3587",117000,14000,103000
="3588",112000,78092,33908
="3594",5000,0,5000
="3596",6000,2000,4000
="3597",144000,0,144000
="3605",29000,31000,-2000
="3611",1000,0,1000
="3617",0,7000,-7000
="3622",2000,2000,0
="3624",6000,0,6000
="3625",0,109000,-109000
="3628",0,4000,-4000
="3645",53000,0,53000
="3652",1000,0,1000
="3653",155000,57050,97950
="3661",7000,9001,-2001
="3663",0,10000,-10000
="3665",20000,48000,-28000
="3666",9000,0,9000
="3669",2000,0,2000
="3673",51200,93000,-41800
="3675",2000,0,2000
="3679",2000,0,2000
="3680",47100,30000,17100
="3682",2000,2000,0
="3686",1000,0,1000
="3689",19,0,19
="3691",4002,50000,-45998
="3694",1000,1000,0
="3702",1000,7000,-6000
="3703",3000,3000,0
="3704",213000,1246000,-1033000
="3706",70000,3000,67000
="3707",374000,699015,-325015
="3708",2003,0,2003
="3711",241668,157220,84448
="3712",1000,4000,-3000
="3714",16000,15500,500
="4105",1000,2000,-1000
="4106",2070,6000,-3930
="4108",1000,100000,-99000
="4113",4000,0,4000
="4114",30000,218,29782
="4119",7000,15000,-8000
="4123",0,1230,-1230
="4128",2001,3000,-999
="4129A",0,4000,-4000
="4130",2000,0,2000
="4137",40000,0,40000
="4142",27200,27000,200
="4147",0,3000,-3000
="4152",3000,0,3000
="4153",4000,0,4000
="4157",2000,15000,-13000
="4162",3001,1958,1043
="4167",36000,2000,34000
="4174",0,12000,-12000
="4401",7000,0,7000
="4414",1000,2000,-1000
="4416",1000,0,1000
="4420",1091,1100,-9
="4526",200,0,200
="4529",5000,0,5000
="4536",0,1000,-1000
="4551",21000,6000,15000
="4562",116000,0,116000
="4563",0,145000,-145000
="4564",10000,44000,-34000
="4566",11000,1000,10000
="4571",29000,1000,28000
="4576",2000,16000,-14000
="4707",1000,0,1000
="4716",0,27000,-27000
="4721",4000,0,4000
="4735",1000,10000,-9000
="4736",2000,1000,1000
="4739",0,1000,-1000
="4743",17705,16101,1604
="4755",0,1000,-1000
="4760",14000,29000,-15000
="4763",0,37000,-37000
="4903",2,0,2
="4904",1000,0,1000
="4906",20000,0,20000
="4915",10100,271000,-260900
="4919",7000,7000,0
="4927",35000,30050,4950
="4934",1000,10,990
="4935",2035,269000,-266965
="4938",644370,1234500,-590130
="4943",0,12000,-12000
="4953",1000,0,1000
="4956",4004,5000,-996
="4958",68000,11000,57000
="4960",2000,0,2000
="4961",20020,53000,-32980
="4966",7000,15159,-8159
="4967",26000,59000,-33000
="4968",64000,104000,-40000
="4971",1000,0,1000
="4972",79,0,79
="4973",3000,3000,0
="4974",11000,1000,10000
="4976",273000,307000,-34000
="4977",1000,4000,-3000
="4989",1000,0,1000
="4991",1,0,1
="4999",0,3000,-3000
="5011",1000,4000,-3000
="5014",22000,0,22000
="5203",1000,0,1000
="5210",0,58000,-58000
="5211",35,0,35
="5212",1000,1000,0
="5213",18000,0,18000
="5215",6000,0,6000
="5220",0,1000,-1000
="5223",0,19000,-19000
="5227",2005,8000,-5995
="5243",51000,154000,-103000
="5258",0,3000,-3000
="5269",5010,27000,-21990
="5274",6000,6000,0
="5287",0,1000,-1000
="5291",1000,2000,-1000
="5299",20000,3000,17000
="5306",135750,25000,110750
="5309",2000,12000,-10000
="5321",0,11000,-11000
="5328",6000,2000,4000
="5347",56000,14000,42000
="5351",11000,14,10986
="5355",399,0,399
="5371",292000,6000,286000
="5386",22000,111000,-89000
="5410",4000,0,4000
="5425",1000,32000,-31000
="5434",1000,1000,0
="5438",1,0,1
="5443",168000,307697,-139697
="5452",10000,40000,-30000
="5457",290000,195000,95000
="5464",342,0,342
="5465",0,2000,-2000
="5469",60000,15000,45000
="5471",107000,62000,45000
="5474",1000,0,1000
="5483",86164,82000,4164
="5488",12000,0,12000
="5490",4,0,4
="5498",11000,2000,9000
="5519",0,30000,-30000
="5521",21000,0,21000
="5522",0,75,-75
="5529",1000,21385,-20385
="5546",1000,0,1000
="5603",1000,1000,0
="5608",783000,2454000,-1671000
="5701",0,1000,-1000
="5871",100000,0,100000
="5876",0,2000,-2000
="5880",10000,0,10000
="5902",2000,0,2000
="5904",0,1000,-1000
="5905",1,0,1
="6005",2000,3000,-1000
="6015",9001,22000,-12999
="6016",10000,11000,-1000
="6021",10000,0,10000
="6026",0,5000,-5000
="6104",8000,43000,-35000
="6108",3,0,3
="6111",0,5000,-5000
="6115",0,2000,-2000
="6116",155000,342000,-187000
="6118",318000,0,318000
="6120",2000,200,1800
="6121",2100,12000,-9900
="6125",100000,46000,54000
="6126",2001,1000,1001
="6127",7000,24000,-17000
="6129",5000,13000,-8000
="6138",0,2000,-2000
="6139",19030,27000,-7970
="6140",0,7000,-7000
="6141",6000,3000,3000
="6147",7700,90200,-82500
="6150",10000,12115,-2115
="6153",276080,499000,-222920
="6154",39,250,-211
="6156",54000,41000,13000
="6158",0,3000,-3000
="6161",1000,0,1000
="6163",1,0,1
="6164",2017,2000,17
="6165",1000,0,1000
="6166",0,3000,-3000
="6167",0,30000,-30000
="6168",1000,0,1000
="6169",1,0,1
="6173",1000,2000,-1000
="6175",2000,0,2000
="6176",8030,9000,-970
="6179",1000,0,1000
="6180",12000,4000,8000
="6182",803350,242099,561251
="6183",0,1000,-1000
="6185",111,300,-189
="6187",93000,275000,-182000
="6188",3000,2000,1000
="6189",0,1000,-1000
="6191",120000,165000,-45000
="6194",0,2000,-2000
="6195",0,1000,-1000
="6196",168220,46000,122220
="6197",3,4000,-3997
="6203",3000,3000,0
="6205",8000,6000,2000
="6207",10000,9000,1000
="6208",35050,82000,-46950
="6209",2000,0,2000
="6213",25000,10000,15000
="6214",0,1000,-1000
="6217",40000,16000,24000
="6220",0,1000,-1000
="6221",8000,0,8000
="6223",18000,48000,-30000
="6224",0,6000,-6000
="6226",10010,5000,5010
="6227",2000,0,2000
="6230",1000,25000,-24000
="6231",2000,1000,1000
="6233",134005,113000,21005
="6235",8000,29000,-21000
="6237",101000,288000,-187000
="6239",0,14000,-14000
="6243",12000,12000,0
="6244",13000,20000,-7000
="6245",20000,77000,-57000
="6247",5000,0,5000
="6257",13004,44000,-30996
="6261",1000,10000,-9000
="6266",2073,0,2073
="6269",841100,64000,777100
="6271",104000,280532,-176532
="6274",60000,0,60000
="6275",7000,6000,1000
="6278",186000,32010,153990
="6279",83000,57525,25475
="6282",16000,6000,10000
="6283",3000,94000,-91000
="6284",7520,16000,-8480
="6285",18000,7000,11000
="6288",3000,0,3000
="6290",4000,0,4000
="6404",0,1000,-1000
="6409",2000,2000,0
="6411",154000,19000,135000
="6414",43000,190000,-147000
="6415",4001,5000,-999
="6416",2200,1000,1200
="6417",0,2000,-2000
="6431",0,1000,-1000
="6432",1000,2000,-1000
="6435",5000,30000,-25000
="6438",20000,20000,0
="6441",23000,21000,2000
="6443",33153,43140,-9987
="6446",1000,4000,-3000
="6449",1000,0,1000
="6451",9000,15000,-6000
="6456",77010,99000,-21990
="6457",0,100000,-100000
="6462",2000,7000,-5000
="6472",3,1000,-997
="6485",368000,0,368000
="6488",28115,308600,-280485
="6491",1000,64000,-63000
="6492",1000,1000,0
="6496",18,0,18
="6504",0,2000,-2000
="6505",1001,0,1001
="6509",1000,60000,-59000
="6510",19000,1000,18000
="6516",0,6000,-6000
="6525",13000,9000,4000
="6531",86003,119000,-32997
="6532",115000,91000,24000
="6533",14000,16000,-2000
="6538",2000,2001,-1
="6541",0,2000,-2000
="6547",6054,0,6054
="6548",2000,4000,-2000
="6552",0,5000,-5000
="6558",1000,1000,0
="6573",0,1000,-1000
="6576",2000,7000,-5000
="6582",0,1000,-1000
="6589",2000,2000,0
="6591",2000,9000,-7000
="6592",0,1000,-1000
="6593",0,50,-50
="6603",10000,10000,0
="6605",1000,8000,-7000
="6609",0,20,-20
="6613",4000,4000,0
="6640",1000,5000,-4000
="6642",0,5000,-5000
="6643",2000,1000,1000
="6654",0,1000,-1000
="6664",0,4000,-4000
="6669",11000,12000,-1000
="6679",29000,13000,16000
="6683",1000,4000,-3000
="6706",7400,12000,-4600
="6712",20000,0,20000
="6715",1000,0,1000
="6716",0,2000,-2000
="6732",2000,16000,-14000
="6756",1000,1000,0
="711270",30000,0,30000
="711329",0,40000,-40000
="711517",0,10000,-10000
="711607",30000,0,30000
="711629",199000,0,199000
="711677",3000,0,3000
="711700",0,3000,-3000
="711702",8000,62000,-54000
="712014",0,10000,-10000
="712017",3000,0,3000
="712018",307000,264000,43000
="712020",20000,0,20000
="712147",10000,0,10000
="712264",34000,0,34000
="712326",102000,127000,-25000
="712328",0,15000,-15000
="712372",10000,10000,0
="712403",6000,330000,-324000
="712503",20000,0,20000
="712504",3000,26000,-23000
="712605",450000,30000,420000
="712608",10000,0,10000
="712609",3000,3000,0
="712611",44000,0,44000
="712612",125000,30000,95000
="712615",7000,0,7000
="712616",100000,0,100000
="712633",100000,2000,98000
="712916",598000,452000,146000
="712918",0,12000,-12000
="712920",50000,0,50000
="712921",100000,0,100000
="712922",243000,0,243000
="712923",58000,31000,27000
="712977",0,15000,-15000
="712979",30000,0,30000
="712980",55000,32000,23000
="712981",690000,376000,314000
="712982",3000,60000,-57000
="713036",10000,0,10000
="713037",80000,0,80000
="713040",6000,0,6000
="713042",40000,4000,36000
="713073",70000,94000,-24000
="713085",25000,189000,-164000
="713124",149000,0,149000
="713182",479000,74000,405000
="713183",343000,60000,283000
="713184",286000,3000,283000
="713215",20000,0,20000
="713226",10000,0,10000
="713240",50000,110000,-60000
="713241",5000,0,5000
="713317",95000,0,95000
="713324",90000,0,90000
="713325",20000,0,20000
="713327",1035000,766000,269000
="713349",80000,3000,77000
="713352",24000,619000,-595000
="713388",10000,0,10000
="713404",0,10000,-10000
="713514",374000,725000,-351000
="713515",13000,0,13000
="713516",0,32000,-32000
="713545",350000,3000,347000
="713587",0,1000,-1000
="713647",340000,10000,330000
="713653",10000,100000,-90000
="713675",598000,3222000,-2624000
="713676",11000,0,11000
="713677",49000,6000,43000
="713782",900000,0,900000
="713820",12000,50000,-38000
="713833",4000,0,4000
="713868",0,62000,-62000
="713888",11000,100000,-89000
="713953",0,10000,-10000
="713977",10000,0,10000
="714030",0,11000,-11000
="714033",0,70000,-70000
="714034",125000,0,125000
="714153",543000,0,543000
="714212",26000,8000,18000
="714213",36000,1000,35000
="714214",0,2000,-2000
="714236",0,70000,-70000
="714237",26000,5000,21000
="714254",0,28000,-28000
="714272",230000,501000,-271000
="714367",73000,0,73000
="714384",0,13000,-13000
="714386",10000,10000,0
="714490",20000,0,20000
="714513",190000,883000,-693000
="714514",2000,0,2000
="714516",275000,207000,68000
="714517",211000,20000,191000
="714518",174000,87000,87000
="714584",450000,0,450000
="714620",116000,169000,-53000
="714622",50000,0,50000
="714624",10000,0,10000
="714685",106000,60000,46000
="714712",126000,66000,60000
="714742",10000,0,10000
="714795",183000,30000,153000
="714856",15000,96000,-81000
="714857",30000,0,30000
="714858",224000,43000,181000
="714860",93000,10000,83000
="714887",23000,40000,-17000
="714950",111000,0,111000
="714995",48000,84000,-36000
="715066",100000,0,100000
="715067",66000,0,66000
="715068",13000,0,13000
="715070",10000,32000,-22000
="715072",1930000,39000,1891000
="715115",1062000,185000,877000
="715116",10000,0,10000
="715118",119000,0,119000
="715160",54000,0,54000
="715164",50000,0,50000
="715180",169000,0,169000
="715225",0,30000,-30000
="715248",0,14000,-14000
="715250",0,175000,-175000
="715285",96000,29000,67000
="715287",67000,0,67000
="715288",569000,30000,539000
="715327",1000,0,1000
="715417",1000,0,1000
="715478",368000,240000,128000
="715520",291000,478000,-187000
="715548",0,20000,-20000
="715555",148000,360000,-212000
="715556",3000,0,3000
="715580",0,10000,-10000
="715657",212000,65000,147000
="715658",50000,0,50000
="715660",0,51000,-51000
="715662",50000,134000,-84000
="715692",12000,201000,-189000
="715780",0,20000,-20000
="715815",11000,0,11000
="715872",0,8000,-8000
="715935",32000,196000,-164000
="715972",22000,0,22000
="716032",16000,0,16000
="716035",0,27000,-27000
="716036",22000,0,22000
="716037",2000,20000,-18000
="716110",4000,4000,0
="716112",51000,16000,35000
="716137",139000,5000,134000
="716295",18000,112000,-94000
="716296",22000,52000,-30000
="716297",15000,241000,-226000
="716298",8000,6000,2000
="716300",0,4000,-4000
="716305",120000,0,120000
="716325",16000,0,16000
="716357",0,30000,-30000
="716358",115000,85000,30000
="716367",5000,10000,-5000
="716368",12000,168000,-156000
="716370",130000,180000,-50000
="716508",5000,10000,-5000
="716535",60000,0,60000
="716590",10000,5000,5000
="716595",13000,2000,11000
="716668",0,30000,-30000
="716677",34000,0,34000
="716678",2000,0,2000
="716760",1000,0,1000
="716785",8000,0,8000
="716816",416000,1484000,-1068000
="716837",0,11000,-11000
="716838",0,125000,-125000
="716905",150000,35000,115000
="716907",671000,395000,276000
="716908",207000,522000,-315000
="716955",15000,20000,-5000
="716956",325000,494000,-169000
="716957",700000,71000,629000
="716958",228000,735000,-507000
="716998",208000,469000,-261000
="717000",78000,0,78000
="717007",0,11000,-11000
="717086",81000,195000,-114000
="717207",0,10000,-10000
="717208",669000,596000,73000
="717210",249000,112000,137000
="717308",6000,67000,-61000
="717310",423000,0,423000
="717355",0,30000,-30000
="717356",224000,1301000,-1077000
="717358",26000,1000,25000
="717360",30000,15000,15000
="717460",76000,0,76000
="717465",135000,0,135000
="717466",247000,0,247000
="717468",50000,78000,-28000
="717475",80000,0,80000
="717476",50000,0,50000
="717515",325000,11000,314000
="717517",0,141000,-141000
="717518",216000,411000,-195000
="717520",47000,0,47000
="717525",336000,20000,316000
="717526",86000,28000,58000
="717566",260000,425000,-165000
="717568",40000,10000,30000
="717570",267000,521000,-254000
="717605",8000,22000,-14000
="717606",0,25000,-25000
="717607",15000,0,15000
="717610",0,20000,-20000
="717635",0,50000,-50000
="717636",41000,137000,-96000
="717640",30000,0,30000
="717685",0,160000,-160000
="717686",0,10000,-10000
="717688",40000,10000,30000
="73597P",300000,590000,-290000
="73604P",4000,30000,-26000
="73654P",9000,14000,-5000
="73692P",0,17000,-17000
="73717P",136000,257000,-121000
="73774P",30000,47000,-17000
="73804P",40000,0,40000
="7556",43000,0,43000
="8011",0,3000,-3000
="8016",105000,36000,69000
="8027",6000,0,6000
="8028",6000,16000,-10000
="8034",0,2000,-2000
="8039",1000,2000,-1000
="8040",124102,100000,24102
="8042",2000,0,2000
="8043",1000,0,1000
="8044",9000,57199,-48199
="8046",172000,120000,52000
="8048",0,10000,-10000
="8049",21000,6000,15000
="8050",0,4000,-4000
="8054",3000,3000,0
="8059",0,2000,-2000
="8068",1000,0,1000
="8069",7000,592000,-585000
="8070",3000,26000,-23000
="8074",4000,0,4000
="8076",1001,8000,-6999
="8081",7000,8000,-1000
="8084",1000,0,1000
="8085",2000,0,2000
="8086",38150,185000,-146850
="8088",1004,1000,4
="8089",4000,0,4000
="8093",0,122000,-122000
="8096",19000,30000,-11000
="8103",2000,1000,1000
="8110",12000,0,12000
="8112",1200,7000,-5800
="8121",4000,2000,2000
="8147",2000,0,2000
="8150",4004,234000,-229996
="8155",1000,0,1000
="8163",2000,3000,-1000
="8171",6000,8000,-2000
="8183",2000,4000,-2000
="8210",0,3000,-3000
="8213",8000,9000,-1000
="8215",1000,6000,-5000
="8222",39,0,39
="8234",4000,0,4000
="8255",3000,0,3000
="8261",1000,6050,-5050
="8271",2000,0,2000
="8277",1000,10000,-9000
="8299",8050,36002,-27952
="8358",26000,332000,-306000
="8367",0,10000,-10000
="8383",0,3000,-3000
="8390",0,6021,-6021
="8403",3000,6148,-3148
="8404",20000,0,20000
="8406",0,30000,-30000
="8416",0,1000,-1000
="8422",0,1000,-1000
="8423",0,200,-200
="8429",1000,0,1000
="8436",1002,7000,-5998
="8454",5000,10000,-5000
="8464",15000,0,15000
="8472",0,2000,-2000
="8489",0,1050,-1050
="8905",51,0,51
="8916",10000,0,10000
="8926",15000,0,15000
="8929",126,100,26
="8932",1050000,1650000,-600000
="8933",2709,0,2709
="8996",3000,8000,-5000
="9105",0,15000,-15000
="911608",0,10000,-10000
="912000",51000,0,51000
="912398",2600,990,1610
="9802",1000,30000,-29000
="9904",15000,0,15000
="9906",0,1000,-1000
="9907",5000,0,5000
="9910",0,50000,-50000
="9911",2000,66000,-64000
="9912",168,0,168
="9914",61000,15014,45986
="9919",2003,3000,-997
="9921",2300,2000,300
="9930",2000,0,2000
="9933",2000,0,2000
="9938",120000,445000,-325000
="9940",1000,2000,-1000
="9941",0,3000,-3000
="9942",0,15000,-15000
="9945",26000,6000,20000
="9949",121,457,-336
="9955",3000,0,3000
="9958",2200,35000,-32800
