="0050",129710,46100,83610
="0052",0,14000,-14000
="0055",1000,0,1000
="0056",189000,11609,177391
="006205",50000,0,50000
="006208",4300,0,4300
="00631L",3000,0,3000
="00632R",2377000,256000,2121000
="00633L",0,351000,-351000
="00636",0,10000,-10000
="00637L",2360000,152000,2208000
="00640L",0,10000,-10000
="00642U",61000,2000,59000
="00646",1000,10000,-9000
="00648R",0,30000,-30000
="00653L",0,4000,-4000
="00664R",3000,150000,-147000
="00669R",0,23000,-23000
="00677U",3400000,313000,3087000
="00679B",0,58000,-58000
="00680L",2000,0,2000
="00682U",0,16000,-16000
="00683L",0,4000,-4000
="00687B",50000,50000,0
="00688L",50000,50000,0
="00689R",50000,50000,0
="00692",2000,0,2000
="00693U",26000,0,26000
="00694B",50000,50000,0
="00695B",50000,50000,0
="00696B",101000,100000,1000
="00697B",50000,53000,-3000
="00701",1000,0,1000
="00712",5000,0,5000
="00713",61000,0,61000
="00714",100000,100000,0
="00715L",8000,0,8000
="00719B",50000,50000,0
="00720B",54000,50000,4000
="00721B",52000,50000,2000
="00722B",59000,56000,3000
="00723B",50000,51000,-1000
="00724B",64000,51000,13000
="00728",2100,0,2100
="00735",0,4000,-4000
="00737",40,1000,-960
="00738U",42000,0,42000
="00739",1000,0,1000
="00740B",29000,25000,4000
="00741B",28000,25000,3000
="00745B",25000,25000,0
="00746B",25000,25000,0
="00748B",76000,0,76000
="00751B",71000,64000,7000
="00752",0,3100,-3100
="00753L",35000,0,35000
="00754B",51000,50000,1000
="00755B",60000,52000,8000
="00756B",52000,50000,2000
="00757",1000,5000,-4000
="00764B",50000,51000,-1000
="00765B",50000,50000,0
="00772B",91000,71000,20000
="00773B",70000,75000,-5000
="00784B",25000,25000,0
="00785B",25000,25000,0
="00787B",0,1000,-1000
="00795B",70000,70000,0
="00796B",70000,70000,0
="00830",0,140,-140
="00845B",1000,0,1000
="00847B",70000,70000,0
="00848B",70000,70000,0
="00849B",71000,70000,1000
="00850",1000,29000,-28000
="00862B",70000,97000,-27000
="00863B",70000,70000,0
="00864B",70000,70000,0
="00868B",50000,50000,0
="00869B",50000,50000,0
="00870B",50000,50000,0
="00871B",75000,50000,25000
="00875",30,0,30
="00876",100,0,100
="00877",2000,0,2000
="00878",130000,0,130000
="00881",127250,71400,55850
="020003",0,2000,-2000
="020011",10000,10000,0
="020015",0,2000,-2000
="020018",13000,14000,-1000
="020019",174000,51000,123000
="02001B",1000,0,1000
="020021",1273000,1544000,-271000
="020022",1000,21000,-20000
="03563P",50000,0,50000
="04017P",49000,0,49000
="04310P",0,3000,-3000
="04513P",185000,748000,-563000
="04566P",0,4000,-4000
="04594P",24000,0,24000
="04686P",100000,60000,40000
="04729P",0,54000,-54000
="04826P",54000,0,54000
="04827P",10000,0,10000
="04828P",0,15000,-15000
="04829P",0,2000,-2000
="04860P",8000,35000,-27000
="04908P",6000,40000,-34000
="04985P",115000,40000,75000
="05006P",72000,102000,-30000
="05032P",0,5000,-5000
="05067P",201000,0,201000
="05069P",3000,0,3000
="05102P",0,509000,-509000
="05103P",0,50000,-50000
="05104P",0,5000,-5000
="05128P",30000,38000,-8000
="05129P",0,24000,-24000
="05143P",0,14000,-14000
="05161P",257000,341000,-84000
="05162P",0,42000,-42000
="05211P",100000,0,100000
="05237P",120000,2000,118000
="05297P",394000,182000,212000
="05299P",11000,0,11000
="05300P",1000,42000,-41000
="05342P",429000,44000,385000
="05422P",0,120000,-120000
="05433P",100000,0,100000
="05481P",35000,30000,5000
="05482P",0,73000,-73000
="05484P",120000,0,120000
="05500P",31000,0,31000
="05585P",83000,0,83000
="05594P",40000,211000,-171000
="05595P",582000,1016000,-434000
="05632P",12000,54000,-42000
="05641P",5000,0,5000
="05697P",135000,0,135000
="05698P",14000,86000,-72000
="05699P",4000,192000,-188000
="05703P",200000,0,200000
="05707P",3000,78000,-75000
="05745P",0,93000,-93000
="05749P",66000,2000,64000
="05750P",1000,0,1000
="057544",10000,0,10000
="05774P",188000,0,188000
="05777P",1114000,466000,648000
="05829P",200000,0,200000
="05858P",10000,10000,0
="05867P",100000,0,100000
="05888P",100000,0,100000
="05906P",74000,84000,-10000
="05907P",0,71000,-71000
="05908P",10000,141000,-131000
="05955P",105000,170000,-65000
="05973P",46000,67000,-21000
="05978P",200000,0,200000
="05986P",29000,26000,3000
="06002P",400000,0,400000
="06032P",108000,58000,50000
="06058P",0,194000,-194000
="06113P",50000,58000,-8000
="06136P",8000,136000,-128000
="06137P",50000,10000,40000
="06152P",0,19000,-19000
="063057",93000,50000,43000
="063444",2000,0,2000
="064055",74000,0,74000
="064057",60000,0,60000
="064137",20000,0,20000
="064145",0,50000,-50000
="064162",0,10000,-10000
="064448",38000,9000,29000
="064462",31000,0,31000
="064719",19000,0,19000
="064720",20000,0,20000
="064724",15000,0,15000
="064729",15000,0,15000
="064821",0,5000,-5000
="064827",1000,0,1000
="064835",63000,0,63000
="064911",20000,0,20000
="064914",0,10000,-10000
="064915",1000,0,1000
="065185",40000,10000,30000
="065679",76000,14000,62000
="065683",6000,0,6000
="065686",0,10000,-10000
="065889",40000,0,40000
="065952",5000,0,5000
="066010",0,52000,-52000
="066197",701000,24000,677000
="066203",0,96000,-96000
="066213",0,400000,-400000
="066456",2000,0,2000
="066460",38000,105000,-67000
="066471",20000,0,20000
="066524",0,36000,-36000
="066526",825000,172000,653000
="067147",0,11000,-11000
="067149",30000,60000,-30000
="067150",50000,0,50000
="067151",6000,0,6000
="067157",7000,0,7000
="067275",30000,0,30000
="067368",81000,0,81000
="067370",0,3000,-3000
="067372",1000,0,1000
="067373",45000,0,45000
="067378",10000,0,10000
="067383",0,5000,-5000
="067450",0,402000,-402000
="067505",50000,0,50000
="067510",5000,0,5000
="067515",95000,0,95000
="067770",13000,6000,7000
="067771",0,10000,-10000
="067776",0,10000,-10000
="067831",0,1000,-1000
="067832",16000,0,16000
="067835",0,10000,-10000
="067836",40000,0,40000
="068046",0,10000,-10000
="068048",20000,5000,15000
="068127",10000,0,10000
="068129",438000,7000,431000
="068130",37000,0,37000
="068131",55000,0,55000
="068217",1000,0,1000
="068219",2000,0,2000
="068220",377000,16000,361000
="068221",572000,204000,368000
="068223",84000,0,84000
="068224",40000,23000,17000
="068385",0,1000,-1000
="068386",1000,0,1000
="068388",331000,80000,251000
="068390",32000,3000,29000
="068391",100000,0,100000
="068392",5000,0,5000
="068396",15000,0,15000
="068511",32000,3000,29000
="068512",0,169000,-169000
="068514",552000,335000,217000
="068515",25000,35000,-10000
="068516",0,565000,-565000
="068521",129000,0,129000
="068562",3000,0,3000
="068594",4000,0,4000
="068595",0,10000,-10000
="068669",1000,0,1000
="068670",2446000,3257000,-811000
="068671",20000,9000,11000
="068673",3000,15000,-12000
="068674",1000,0,1000
="068767",0,5000,-5000
="068769",67000,0,67000
="068771",730000,0,730000
="068772",0,30000,-30000
="068832",9000,0,9000
="068848",82000,1000,81000
="068849",6000,2000,4000
="068852",5000,10000,-5000
="068887",190000,0,190000
="068939",0,940000,-940000
="069040",0,20000,-20000
="069095",0,48000,-48000
="069097",1000,0,1000
="069098",0,29000,-29000
="069105",0,13000,-13000
="069106",30000,37000,-7000
="069190",0,100000,-100000
="069191",0,2000,-2000
="069192",25000,2000,23000
="069193",360000,1000,359000
="069397",180000,0,180000
="069402",1000,0,1000
="069407",20000,18000,2000
="069409",0,138000,-138000
="069412",111000,60000,51000
="069414",890000,1624000,-734000
="069416",423000,122000,301000
="069448",45000,0,45000
="069449",550000,699000,-149000
="069612",140000,35000,105000
="069615",0,1000,-1000
="069618",71000,190000,-119000
="069619",6000,0,6000
="069622",10000,0,10000
="069691",284000,78000,206000
="069693",50000,0,50000
="069711",0,90000,-90000
="069824",6000,0,6000
="069933",0,2000,-2000
="070020",73000,0,73000
="070129",300000,100000,200000
="070133",182000,20000,162000
="070134",337000,89000,248000
="070135",2000,72000,-70000
="070136",50000,100000,-50000
="070139",1000000,0,1000000
="070141",80000,65000,15000
="070146",14000,0,14000
="070147",10000,5000,5000
="070148",152000,350000,-198000
="070245",89000,0,89000
="070250",10000,0,10000
="070252",10000,0,10000
="070255",900000,210000,690000
="070258",3000,40000,-37000
="070376",0,20000,-20000
="070426",42000,10000,32000
="070428",29000,15000,14000
="070429",0,1000,-1000
="070430",113000,0,113000
="070431",2000,1000,1000
="070444",19000,1000,18000
="070445",44000,15000,29000
="070531",10000,120000,-110000
="070533",260000,310000,-50000
="070534",0,42000,-42000
="070535",10000,0,10000
="070538",229000,1000,228000
="070539",30000,0,30000
="070606",976000,21000,955000
="070608",202000,10000,192000
="070800",10000,0,10000
="070857",30000,0,30000
="070859",0,5000,-5000
="070860",499000,0,499000
="070862",20000,111000,-91000
="070864",0,593000,-593000
="070866",6000,38000,-32000
="070867",0,1000,-1000
="070913",0,43000,-43000
="070954",0,17000,-17000
="071123",0,10000,-10000
="071127",0,40000,-40000
="071129",5000,0,5000
="071206",0,1000,-1000
="071207",4000,0,4000
="071220",0,1041000,-1041000
="071319",0,70000,-70000
="071321",366000,0,366000
="071322",0,3000,-3000
="071323",68000,0,68000
="071327",21000,0,21000
="071330",10000,0,10000
="071334",7000,0,7000
="071388",0,70000,-70000
="071445",0,10000,-10000
="071446",344000,31000,313000
="071448",65000,0,65000
="071457",50000,0,50000
="071569",0,1000,-1000
="071704",10000,0,10000
="071710",192000,0,192000
="071750",20000,0,20000
="071783",90000,0,90000
="071845",200000,14000,186000
="071846",0,10000,-10000
="071987",0,8000,-8000
="072046",541000,44000,497000
="072049",1885000,1517000,368000
="072051",1000,0,1000
="072122",94000,0,94000
="072305",0,45000,-45000
="072307",96000,0,96000
="072310",50000,20000,30000
="072311",0,170000,-170000
="072313",10000,0,10000
="072403",122000,56000,66000
="072404",50000,55000,-5000
="072410",95000,0,95000
="072412",30000,0,30000
="072481",0,20000,-20000
="072482",0,20000,-20000
="072556",4000,20000,-16000
="072557",276000,111000,165000
="072559",240000,0,240000
="072561",0,80000,-80000
="072562",15000,12000,3000
="072566",194000,4000,190000
="072625",0,3000,-3000
="072634",0,10000,-10000
="072708",0,31000,-31000
="072711",20000,438000,-418000
="072712",30000,40000,-10000
="072766",0,20000,-20000
="072812",3000,0,3000
="072964",1124000,308000,816000
="072971",7000,2000,5000
="072973",0,1000,-1000
="073024",60000,400000,-340000
="073027",211000,65000,146000
="073028",129000,0,129000
="073031",155000,1049000,-894000
="073035",30000,0,30000
="073036",30000,0,30000
="073037",29000,44000,-15000
="073038",92000,20000,72000
="073039",80000,0,80000
="073040",0,4000,-4000
="073094",3000,0,3000
="073096",106000,1000,105000
="073097",621000,60000,561000
="073099",10000,0,10000
="073100",0,5000,-5000
="073101",0,4000,-4000
="073102",0,525000,-525000
="073103",86000,0,86000
="073104",10000,0,10000
="073105",3000,20000,-17000
="073106",51000,150000,-99000
="073315",10000,0,10000
="073377",5000,209000,-204000
="073378",0,10000,-10000
="073379",427000,20000,407000
="073387",1000,0,1000
="073388",135000,0,135000
="073487",0,82000,-82000
="073493",223000,60000,163000
="073495",0,17000,-17000
="073496",0,400000,-400000
="073500",39000,0,39000
="073502",0,808000,-808000
="073580",3000,1000,2000
="073617",0,160000,-160000
="073620",30000,0,30000
="073737",0,3000,-3000
="073739",1000,0,1000
="073740",0,10000,-10000
="073741",10000,0,10000
="073743",0,10000,-10000
="073747",65000,10000,55000
="073748",30000,0,30000
="073808",25000,40000,-15000
="073809",90000,114000,-24000
="073811",5000,21000,-16000
="073812",85000,0,85000
="073813",75000,0,75000
="073859",0,30000,-30000
="073920",0,130000,-130000
="073981",0,50000,-50000
="073982",0,60000,-60000
="074062",0,10000,-10000
="074063",10000,10000,0
="074066",0,50000,-50000
="074067",108000,0,108000
="074068",60000,0,60000
="074069",17000,0,17000
="074165",19000,0,19000
="074167",0,10000,-10000
="074168",142000,0,142000
="074169",30000,0,30000
="074258",166000,0,166000
="074347",1051000,1063000,-12000
="074349",20000,8000,12000
="074350",64000,24000,40000
="074352",7000,320000,-313000
="074354",75000,127000,-52000
="074355",5000,0,5000
="074446",704000,0,704000
="074447",1628000,82000,1546000
="074449",40000,0,40000
="074450",20000,0,20000
="074452",10000,0,10000
="074453",45000,20000,25000
="074498",0,100000,-100000
="074499",15000,0,15000
="074676",0,2000,-2000
="074681",0,86000,-86000
="074686",2000,0,2000
="074687",268000,13000,255000
="074787",9000,10000,-1000
="074788",0,10000,-10000
="074789",11000,20000,-9000
="074791",72000,75000,-3000
="074792",0,207000,-207000
="074793",5000,0,5000
="074794",9000,0,9000
="074798",0,10000,-10000
="074803",14000,0,14000
="074804",384000,0,384000
="074806",40000,20000,20000
="074807",50000,11000,39000
="074810",50000,0,50000
="074814",20000,0,20000
="074819",171000,20000,151000
="074895",0,10000,-10000
="074897",1342000,822000,520000
="074899",65000,30000,35000
="074901",7000,55000,-48000
="074902",0,5000,-5000
="074907",2000,0,2000
="074908",71000,0,71000
="075049",0,30000,-30000
="075051",110000,1000,109000
="075054",58000,131000,-73000
="075168",89000,0,89000
="075171",8000,71000,-63000
="075172",70000,0,70000
="075173",0,4000,-4000
="075396",10000,0,10000
="075398",0,10000,-10000
="075399",10000,1000,9000
="075401",130000,70000,60000
="075402",0,13000,-13000
="075409",0,2000,-2000
="075412",0,5000,-5000
="075513",22000,40000,-18000
="075534",0,4000,-4000
="075641",144000,0,144000
="075642",102000,0,102000
="075658",10000,0,10000
="075694",10000,0,10000
="075697",121000,0,121000
="075700",40000,0,40000
="075701",50000,0,50000
="075796",0,3000,-3000
="075831",10000,0,10000
="075966",51000,112000,-61000
="075969",120000,59000,61000
="075970",137000,17000,120000
="075971",86000,65000,21000
="075972",139000,59000,80000
="076050",10000,20000,-10000
="076055",57000,0,57000
="076057",416000,516000,-100000
="076059",1000,0,1000
="076061",5000,10000,-5000
="076062",69000,0,69000
="076063",78000,0,78000
="076064",0,12000,-12000
="076181",5000,0,5000
="076182",6000,10000,-4000
="076184",60000,10000,50000
="076185",30000,48000,-18000
="076289",315000,0,315000
="076290",60000,0,60000
="076291",29000,0,29000
="076292",117000,246000,-129000
="076408",19000,0,19000
="076410",5000,0,5000
="076413",40000,0,40000
="076415",3000,10000,-7000
="076416",662000,38000,624000
="076417",15000,20000,-5000
="076418",8000,110000,-102000
="076419",37000,0,37000
="076550",0,231000,-231000
="076551",118000,10000,108000
="076586",10000,0,10000
="076587",10000,0,10000
="076653",214000,40000,174000
="076654",90000,90000,0
="076655",0,2000,-2000
="076675",0,2000,-2000
="076912",0,236000,-236000
="076914",0,149000,-149000
="076915",85000,100000,-15000
="076916",108000,0,108000
="076917",5000,0,5000
="076922",55000,0,55000
="076941",1000,0,1000
="077061",0,30000,-30000
="077065",219000,0,219000
="077066",1000,10000,-9000
="077068",0,3000,-3000
="077069",25000,27000,-2000
="077103",22000,13000,9000
="077104",10000,0,10000
="077105",27000,41000,-14000
="077107",24000,0,24000
="077108",139000,80000,59000
="077217",40000,0,40000
="077267",0,20000,-20000
="077275",15000,0,15000
="077276",403000,485000,-82000
="077278",15000,0,15000
="077393",10000,0,10000
="077412",0,10000,-10000
="077457",3000,3000,0
="077585",116000,110000,6000
="077586",23000,0,23000
="077587",25000,16000,9000
="077588",10000,0,10000
="077591",60000,65000,-5000
="077592",50000,0,50000
="077595",86000,0,86000
="077627",20000,0,20000
="077646",20000,178000,-158000
="077648",51000,4000,47000
="077649",1000,42000,-41000
="077651",150000,64000,86000
="077652",1205000,1000,1204000
="077656",103000,0,103000
="077658",33000,0,33000
="077659",0,28000,-28000
="077690",0,2000,-2000
="077729",1000,0,1000
="077810",19000,10000,9000
="077811",0,20000,-20000
="077812",41000,0,41000
="077941",20000,0,20000
="077942",93000,287000,-194000
="077944",480000,310000,170000
="077945",224000,220000,4000
="077946",64000,20000,44000
="078038",0,10000,-10000
="078039",0,75000,-75000
="078087",29000,0,29000
="078089",5000,80000,-75000
="078091",90000,10000,80000
="078093",30000,0,30000
="078095",41000,40000,1000
="078096",127000,33000,94000
="078097",485000,0,485000
="078299",0,200000,-200000
="078461",227000,212000,15000
="078462",139000,0,139000
="078463",61000,0,61000
="078465",0,1000,-1000
="078466",228000,285000,-57000
="078468",40000,0,40000
="078469",35000,63000,-28000
="078470",45000,18000,27000
="078471",0,58000,-58000
="078472",0,26000,-26000
="078473",0,110000,-110000
="078474",149000,0,149000
="078476",1000,92000,-91000
="078718",51000,22000,29000
="078719",0,5000,-5000
="078720",0,1000,-1000
="078721",29000,177000,-148000
="078724",56000,0,56000
="078727",4000,2000,2000
="078823",3000,0,3000
="078845",0,1000,-1000
="078846",150000,0,150000
="078847",0,2000,-2000
="078848",2317000,344000,1973000
="078849",79000,45000,34000
="078850",312000,40000,272000
="078851",150000,0,150000
="078852",0,110000,-110000
="078853",147000,42000,105000
="078854",279000,26000,253000
="078856",15000,22000,-7000
="078857",1000,20000,-19000
="078940",40000,0,40000
="078943",0,8000,-8000
="078944",157000,13000,144000
="078945",279000,0,279000
="078947",76000,40000,36000
="078949",289000,0,289000
="079065",90000,100000,-10000
="079090",0,50000,-50000
="079091",243000,0,243000
="079286",0,71000,-71000
="079287",19000,155000,-136000
="079288",8000,4000,4000
="079289",0,7000,-7000
="079290",169000,35000,134000
="079291",19000,0,19000
="079353",20000,0,20000
="079425",1000,0,1000
="079426",225000,99000,126000
="079427",148000,30000,118000
="079428",0,298000,-298000
="079429",244000,709000,-465000
="079430",74000,0,74000
="079431",291000,0,291000
="079432",68000,0,68000
="079434",20000,0,20000
="079435",0,31000,-31000
="079457",10000,15000,-5000
="079473",10000,0,10000
="079582",3000,0,3000
="079583",10000,0,10000
="079586",60000,60000,0
="079726",7000,0,7000
="079727",157000,138000,19000
="079728",0,10000,-10000
="079729",23000,12000,11000
="079730",30000,0,30000
="079732",23000,29000,-6000
="079733",60000,0,60000
="079734",103000,197000,-94000
="079737",5000,20000,-15000
="079738",106000,120000,-14000
="079740",228000,114000,114000
="079741",69000,2000,67000
="079742",147000,588000,-441000
="079743",0,50000,-50000
="079744",220000,0,220000
="079745",81000,0,81000
="079868",301000,13000,288000
="079871",40000,263000,-223000
="079872",50000,2000,48000
="079873",7000,45000,-38000
="079878",0,110000,-110000
="079961",4000,3000,1000
="079981",110000,1223000,-1113000
="079983",22000,2000,20000
="079984",6000,10000,-4000
="079985",255000,63000,192000
="080033",5000,0,5000
="080161",130000,0,130000
="080162",17000,0,17000
="080163",3000,43000,-40000
="080165",0,20000,-20000
="080167",21000,0,21000
="080168",22000,0,22000
="080170",12000,0,12000
="080171",30000,0,30000
="080174",0,5000,-5000
="080175",7000,3000,4000
="080176",2000,37000,-35000
="080177",215000,170000,45000
="080178",0,104000,-104000
="080179",0,345000,-345000
="080180",0,20000,-20000
="080181",0,35000,-35000
="080183",50000,170000,-120000
="080184",31000,0,31000
="080186",54000,0,54000
="080205",8000,60000,-52000
="080344",101000,10000,91000
="080345",250000,20000,230000
="080346",0,5000,-5000
="080347",10000,0,10000
="080348",0,133000,-133000
="080349",25000,45000,-20000
="080351",0,10000,-10000
="080389",9000,0,9000
="080540",160000,0,160000
="080541",3000,10000,-7000
="080543",0,52000,-52000
="080544",0,45000,-45000
="080545",148000,41000,107000
="080546",139000,615000,-476000
="080547",130000,10000,120000
="080594",123000,40000,83000
="080595",0,5000,-5000
="080596",61000,80000,-19000
="080597",1000,10000,-9000
="080598",17000,225000,-208000
="080600",0,609000,-609000
="080601",5000,19000,-14000
="080602",0,6000,-6000
="080603",20000,180000,-160000
="080696",150000,0,150000
="080728",40000,0,40000
="080753",150000,0,150000
="080844",105000,0,105000
="080857",20000,0,20000
="080859",135000,6000,129000
="080860",1000,20000,-19000
="080861",35000,67000,-32000
="080862",0,72000,-72000
="080864",163000,10000,153000
="080867",151000,64000,87000
="080868",150000,10000,140000
="080879",58000,0,58000
="081017",100000,0,100000
="081018",10000,0,10000
="081019",0,380000,-380000
="081020",134000,95000,39000
="081021",0,106000,-106000
="081024",245000,340000,-95000
="081025",0,221000,-221000
="081026",10000,0,10000
="081130",3000,0,3000
="081213",141000,0,141000
="081216",25000,0,25000
="081217",73000,5000,68000
="081218",285000,82000,203000
="081219",65000,0,65000
="081220",205000,10000,195000
="081221",227000,12000,215000
="081222",133000,20000,113000
="081223",0,70000,-70000
="081224",370000,2271000,-1901000
="081225",311000,76000,235000
="081226",365000,25000,340000
="081228",0,5000,-5000
="081229",0,1000,-1000
="081230",0,1000,-1000
="081231",320000,20000,300000
="081233",50000,22000,28000
="081234",13000,0,13000
="081270",19000,0,19000
="081271",0,6000,-6000
="081272",118000,0,118000
="081276",90000,0,90000
="081278",425000,54000,371000
="081280",0,2000,-2000
="081281",0,499000,-499000
="081282",0,10000,-10000
="081285",185000,11000,174000
="081287",620000,91000,529000
="081289",75000,70000,5000
="081429",11000,0,11000
="081430",0,20000,-20000
="081434",50000,0,50000
="081435",2000,0,2000
="081436",391000,926000,-535000
="081437",400000,0,400000
="081438",3000,131000,-128000
="081439",40000,40000,0
="081440",10000,21000,-11000
="081443",176000,130000,46000
="081444",0,62000,-62000
="081446",600000,400000,200000
="081447",206000,25000,181000
="081448",403000,10000,393000
="081450",690000,195000,495000
="081451",67000,78000,-11000
="081452",1000,21000,-20000
="081575",300000,0,300000
="081661",100000,0,100000
="081692",40000,30000,10000
="081707",18000,13000,5000
="081708",50000,60000,-10000
="081709",40000,67000,-27000
="081710",60000,50000,10000
="081711",5821000,816000,5005000
="081712",7682000,798000,6884000
="081714",158000,0,158000
="081715",438000,332000,106000
="081716",10000,184000,-174000
="081717",50000,42000,8000
="081718",10000,132000,-122000
="081719",232000,11000,221000
="081720",401000,216000,185000
="081721",693000,379000,314000
="081722",20000,10000,10000
="081723",489000,289000,200000
="081724",110000,0,110000
="081725",449000,231000,218000
="081726",155000,36000,119000
="081727",120000,2000,118000
="081816",170000,0,170000
="081868",20000,0,20000
="081930",0,49000,-49000
="081945",102000,120000,-18000
="081946",165000,73000,92000
="081947",483000,665000,-182000
="081948",10000,0,10000
="081950",162000,58000,104000
="081951",27000,24000,3000
="081952",360000,604000,-244000
="081953",0,131000,-131000
="081955",32000,0,32000
="081958",5000,0,5000
="081959",614000,737000,-123000
="081999",0,20000,-20000
="082016",100000,0,100000
="082041",2000,2000,0
="082123",10000,325000,-315000
="082124",929000,623000,306000
="082127",47000,26000,21000
="082128",2031000,2427000,-396000
="082129",309000,32000,277000
="082130",1602000,3922000,-2320000
="082131",573000,0,573000
="082132",170000,482000,-312000
="082133",137000,8000,129000
="082134",10000,10000,0
="082135",40000,0,40000
="082136",52000,0,52000
="082137",119000,96000,23000
="082138",41000,100000,-59000
="082139",0,21000,-21000
="082140",272000,140000,132000
="082141",0,10000,-10000
="082142",130000,0,130000
="082143",292000,400000,-108000
="082144",831000,590000,241000
="082145",1042000,20000,1022000
="082176",81000,0,81000
="082314",5000,0,5000
="082315",70000,261000,-191000
="082318",81000,134000,-53000
="082319",2529000,722000,1807000
="082320",104000,49000,55000
="082321",175000,236000,-61000
="082324",0,29000,-29000
="082325",7000,5000,2000
="082326",10000,35000,-25000
="082328",1000,5000,-4000
="082330",82000,165000,-83000
="082331",132000,72000,60000
="082332",84000,23000,61000
="082333",62000,28000,34000
="082334",142000,0,142000
="082335",41000,48000,-7000
="082337",41000,24000,17000
="082338",10000,20000,-10000
="082339",10000,0,10000
="082398",80000,0,80000
="082467",0,230000,-230000
="082475",0,4000,-4000
="082476",445000,0,445000
="082477",533000,61000,472000
="082478",4000,10000,-6000
="082479",0,22000,-22000
="082480",100000,0,100000
="082481",1045000,2227000,-1182000
="082482",1123000,1307000,-184000
="082483",0,2000,-2000
="082485",30000,40000,-10000
="082486",15000,5000,10000
="082487",453000,249000,204000
="082488",274000,677000,-403000
="082490",29000,65000,-36000
="082491",0,5000,-5000
="082492",108000,333000,-225000
="082493",782000,14000,768000
="082494",211000,5000,206000
="082495",461000,165000,296000
="082496",0,10000,-10000
="082497",0,1000,-1000
="082499",47000,2000,45000
="082500",4000,0,4000
="082501",24000,40000,-16000
="082502",153000,0,153000
="082503",291000,47000,244000
="082531",50000,0,50000
="082538",1000,0,1000
="082555",40000,0,40000
="082558",74000,205000,-131000
="082559",0,37000,-37000
="082560",355000,704000,-349000
="082561",47000,5000,42000
="082562",47000,68000,-21000
="082563",761000,778000,-17000
="082564",713000,1327000,-614000
="082566",18000,0,18000
="082571",0,21000,-21000
="082574",117000,8000,109000
="082575",64000,0,64000
="082576",11000,45000,-34000
="082577",2000,55000,-53000
="082578",108000,106000,2000
="082580",0,1000,-1000
="082643",5000,5000,0
="082749",25000,40000,-15000
="082751",126000,323000,-197000
="082752",0,10000,-10000
="082753",0,10000,-10000
="082754",135000,27000,108000
="082755",75000,214000,-139000
="082756",100000,0,100000
="082757",20000,0,20000
="082758",143000,21000,122000
="082764",1000,1000,0
="082765",25000,0,25000
="082766",40000,0,40000
="082767",0,2000,-2000
="082768",110000,73000,37000
="082769",0,20000,-20000
="082770",78000,4000,74000
="082771",379000,152000,227000
="082772",302000,100000,202000
="082773",1107000,682000,425000
="082774",533000,23000,510000
="082775",6000,2000,4000
="082776",26000,10000,16000
="082785",166000,65000,101000
="082788",93000,0,93000
="082798",96000,209000,-113000
="082799",75000,298000,-223000
="082923",0,3000,-3000
="082924",0,301000,-301000
="082925",89000,550000,-461000
="082928",7000,0,7000
="082929",16000,4000,12000
="082930",41000,25000,16000
="082931",2000,0,2000
="082932",300000,0,300000
="082933",521000,282000,239000
="082934",404000,65000,339000
="082936",9000,0,9000
="082937",299000,0,299000
="083034",17000,0,17000
="083045",0,273000,-273000
="083061",0,114000,-114000
="083197",70000,75000,-5000
="083198",97000,10000,87000
="083199",233000,665000,-432000
="083201",20000,32000,-12000
="083202",0,180000,-180000
="083203",65000,16000,49000
="083204",325000,122000,203000
="083205",0,804000,-804000
="083206",115000,300000,-185000
="083207",362000,458000,-96000
="083208",823000,187000,636000
="083209",5000,0,5000
="083211",0,10000,-10000
="083212",165000,45000,120000
="083213",85000,11000,74000
="083214",0,5000,-5000
="083215",30000,58000,-28000
="083216",311000,9000,302000
="083217",0,90000,-90000
="083218",18000,1000,17000
="083220",0,12000,-12000
="083221",133000,0,133000
="083254",0,200000,-200000
="083326",200000,40000,160000
="083327",254000,526000,-272000
="083328",32000,88000,-56000
="083329",25000,11000,14000
="083330",2000,110000,-108000
="083331",1000,0,1000
="083332",50000,0,50000
="083333",29000,28000,1000
="083335",0,2000,-2000
="083336",318000,792000,-474000
="083338",831000,4449000,-3618000
="083340",0,134000,-134000
="083341",57000,61000,-4000
="083342",210000,200000,10000
="083343",5000,18000,-13000
="083344",11000,20000,-9000
="083345",1000,40000,-39000
="083347",63000,16000,47000
="083349",50000,0,50000
="083350",132000,31000,101000
="083460",126000,295000,-169000
="083461",4000,36000,-32000
="083462",65000,27000,38000
="083463",806000,840000,-34000
="083464",6000,0,6000
="083465",130000,65000,65000
="083466",0,30000,-30000
="083471",65000,16000,49000
="083472",0,113000,-113000
="083473",15000,50000,-35000
="083476",34000,2000,32000
="083477",10000,0,10000
="083478",30000,72000,-42000
="083480",0,5000,-5000
="083665",0,45000,-45000
="083668",330000,90000,240000
="083670",1000,0,1000
="083671",0,100000,-100000
="083672",21000,0,21000
="083673",0,152000,-152000
="083674",30000,45000,-15000
="083675",2000,10000,-8000
="083681",16000,0,16000
="083682",0,30000,-30000
="083684",30000,0,30000
="083685",44000,2000,42000
="083687",0,11000,-11000
="083688",2000,0,2000
="083689",150000,0,150000
="083742",0,60000,-60000
="083787",85000,31000,54000
="083788",691000,146000,545000
="083789",14000,1774000,-1760000
="083790",52000,95000,-43000
="083791",58000,21000,37000
="083793",33000,26000,7000
="083798",50000,0,50000
="084006",614000,210000,404000
="084010",216000,171000,45000
="084011",36000,15000,21000
="084012",34000,318000,-284000
="084015",0,104000,-104000
="084016",50000,30000,20000
="084017",0,10000,-10000
="084018",0,84000,-84000
="084019",330000,312000,18000
="084020",0,23000,-23000
="084022",48000,0,48000
="084023",0,10000,-10000
="084025",210000,108000,102000
="084026",0,20000,-20000
="084230",760000,84000,676000
="084231",109000,619000,-510000
="084232",0,5000,-5000
="084236",0,25000,-25000
="084237",278000,61000,217000
="084238",15000,19000,-4000
="084244",0,2000,-2000
="084245",0,4000,-4000
="084248",0,80000,-80000
="084249",0,275000,-275000
="084251",10000,53000,-43000
="084378",0,10000,-10000
="084379",0,4000,-4000
="084380",0,3000,-3000
="084383",0,317000,-317000
="084385",0,20000,-20000
="08883P",0,1000000,-1000000
="1101",36000,0,36000
="1102",1034,0,1034
="1103",2002,0,2002
="1104",20100,0,20100
="1203",1,0,1
="1210",0,1000,-1000
="1216",310000,610000,-300000
="1217",81002,0,81002
="1218",2002,0,2002
="1219",2,1000,-998
="1229",2000,0,2000
="1235",1000,0,1000
="1301",18000,2000,16000
="1303",14346,3000,11346
="1304",0,85000,-85000
="1305",54000,2000,52000
="1307",2000,0,2000
="1309",1000,2000,-1000
="1310",0,5000,-5000
="1312",0,10000,-10000
="1313",0,7000,-7000
="1314",12002,45000,-32998
="1316",10000,0,10000
="1319",1000,0,1000
="1325",1003,0,1003
="1326",45000,3000,42000
="1337",3000,0,3000
="1338",2,1000,-998
="1340",1,0,1
="1402",15000,0,15000
="1409",3000,0,3000
="1414",0,1000,-1000
="1419",1000,0,1000
="1434",208000,0,208000
="1440",4000,48000,-44000
="1441",1150,0,1150
="1444",12000,12000,0
="1446",5000,0,5000
="1447",0,1495,-1495
="1454",0,26000,-26000
="1455",0,1000,-1000
="1456",0,1000,-1000
="1460",100,0,100
="1473",100,0,100
="1474",100,0,100
="1476",6000,2000,4000
="1477",0,3000,-3000
="1504",1,103000,-102999
="1512",6,0,6
="1513",156001,144231,11770
="1515",123000,13000,110000
="1517",0,1000,-1000
="1519",6000,13000,-7000
="1522",0,2000,-2000
="1524",50,4000,-3950
="1527",1000,0,1000
="1528",2,0,2
="1533",141000,126000,15000
="1536",3000,89050,-86050
="1538",4,0,4
="1541",2000,0,2000
="1558",7,0,7
="1560",1000,2000,-1000
="1565",0,1000,-1000
="1568",0,1000,-1000
="1580",11,0,11
="1582",200,27000,-26800
="1584",121300,52000,69300
="1587",0,3000,-3000
="1589",2000,0,2000
="1590",5000,20010,-15010
="1592",0,1000,-1000
="1593",1000,16000,-15000
="1595",4,0,4
="1597",26000,43000,-17000
="1598",0,5000,-5000
="1604",1,0,1
="1605",21000,0,21000
="1608",0,10000,-10000
="1609",54001,3000,51001
="1611",11,0,11
="1618",0,1000,-1000
="1701",1000,0,1000
="1702",44000,0,44000
="1708",1,0,1
="1711",1100,0,1100
="1712",1,0,1
="1713",1,0,1
="1714",6000,31000,-25000
="1718",6001,2000,4001
="1720",1000,0,1000
="1722",2,0,2
="1732",109000,9000,100000
="1737",1,0,1
="1760",0,3000,-3000
="1773",0,3000,-3000
="1784",0,1000,-1000
="1785",13000,20000,-7000
="1786",1,5000,-4999
="1789",0,2000,-2000
="1796",1000,0,1000
="1802",38054,6000,32054
="1806",0,14000,-14000
="1815",2000,3000,-1000
="1904",6002,199,5803
="1905",2000,10000,-8000
="1907",6000,0,6000
="1909",53000,4000,49000
="2002",316014,12000,304014
="2006",7000,5000,2000
="2007",4000,0,4000
="2009",20000,3000,17000
="2010",76000,0,76000
="2013",10000,0,10000
="2014",27000,4000,23000
="2015",0,10000,-10000
="2023",0,1000,-1000
="2027",5000,42000,-37000
="2028",7000,7000,0
="2034",2000,0,2000
="2038",0,12000,-12000
="2049",6000,26000,-20000
="2061",1000,0,1000
="2065",12000,0,12000
="2101",0,4000,-4000
="2104",8001,0,8001
="2105",6000,5000,1000
="2106",6000,15000,-9000
="2107",1000,0,1000
="2108",13000,0,13000
="2201",38056,136000,-97944
="2206",0,15000,-15000
="2208",100,300,-200
="2231",16015,12000,4015
="2233",1,0,1
="2235",1065,0,1065
="2239",0,3000,-3000
="2247",20000,0,20000
="2301",10000,33000,-23000
="2302",209000,0,209000
="2303",638130,4518000,-3879870
="2308",18011,132550,-114539
="2312",3000,0,3000
="2313",28000,159000,-131000
="2314",25000,1000,24000
="2316",2272,0,2272
="2317",255559,1450360,-1194801
="2323",10000,16000,-6000
="2324",17000,50000,-33000
="2327",37265,158000,-120735
="2328",182000,419000,-237000
="2329",125001,119000,6001
="2330",266001,472059,-206058
="2331",108000,103000,5000
="2332",6000,2000,4000
="2337",54250,562000,-507750
="2338",11000,1000,10000
="2340",4000,43000,-39000
="2342",5000,4000,1000
="2344",243000,212000,31000
="2345",9000,35000,-26000
="2347",175000,1000,174000
="2348",5000,5000,0
="2349",1,0,1
="2351",105000,17000,88000
="2352",78000,137000,-59000
="2353",1516059,5648000,-4131941
="2354",90000,112500,-22500
="2355",1000,16000,-15000
="2356",1000,33000,-32000
="2357",0,22000,-22000
="2359",19000,0,19000
="2360",1000,0,1000
="2363",5000,11080,-6080
="2364",10,0,10
="2365",2,0,2
="2367",11000,61000,-50000
="2368",46000,95000,-49000
="2369",12002,11000,1002
="2371",26000,44000,-18000
="2375",113000,123000,-10000
="2376",32000,40000,-8000
="2377",9000,7000,2000
="2379",40103,55100,-14997
="2380",2000,0,2000
="2382",64000,5000,59000
="2383",24000,49000,-25000
="2385",51000,0,51000
="2387",139005,73000,66005
="2388",7000,0,7000
="2390",10000,7000,3000
="2392",1010,0,1010
="2393",5000,6000,-1000
="2395",2001,0,2001
="2399",11000,10000,1000
="2401",1425002,487000,938002
="2404",26000,1000,25000
="2405",2000,0,2000
="2406",1,5000,-4999
="2408",191100,23000,168100
="2409",2077000,2486000,-409000
="2412",14200,3005,11195
="2413",3000,0,3000
="2415",16000,16000,0
="2417",1,16000,-15999
="2420",3000,0,3000
="2421",1000,5000,-4000
="2426",2,1000,-998
="2428",4000,0,4000
="2430",1,0,1
="2436",0,5000,-5000
="2439",39000,13000,26000
="2440",0,1000,-1000
="2441",13000,4000,9000
="2442",3000,6000,-3000
="2443",11,0,11
="2449",182001,408000,-225999
="2451",54000,0,54000
="2454",211151,229000,-17849
="2455",69000,146000,-77000
="2456",28000,20000,8000
="2457",1001,0,1001
="2458",68000,32000,36000
="2459",1000,0,1000
="2460",8000,70000,-62000
="2464",0,2000,-2000
="2467",106000,0,106000
="2471",5000,1000,4000
="2472",23000,10000,13000
="2474",6004,17000,-10996
="2476",60000,0,60000
="2478",6000,7000,-1000
="2481",85000,46000,39000
="2482",100,0,100
="2485",0,1000,-1000
="2489",133,0,133
="2491",0,3000,-3000
="2492",30100,48400,-18300
="2497",6000,6000,0
="2498",123001,5000,118001
="2501",1000,0,1000
="2504",251000,40000,211000
="2505",9000,43909,-34909
="2509",0,3000,-3000
="2511",12000,0,12000
="2515",40050,5000,35050
="2520",12002,5000,7002
="2530",1,0,1
="2535",4000,4000,0
="2538",10000,0,10000
="2539",0,34,-34
="2540",0,16000,-16000
="2542",147000,33000,114000
="2545",13000,0,13000
="2546",0,2000,-2000
="2547",10001,0,10001
="2548",1004,0,1004
="2601",5000,0,5000
="2603",1735550,2441000,-705450
="2605",4000,2000,2000
="2606",2000,0,2000
="2607",0,1000,-1000
="2609",1207071,1332000,-124929
="2610",127020,1955200,-1828180
="2611",0,1000,-1000
="2613",5000,0,5000
="2614",2,0,2
="2615",34000,208000,-174000
="2616",2,0,2
="2617",25000,5000,20000
="2618",29000,526000,-497000
="2633",4000,5000,-1000
="2636",1000,0,1000
="2637",5000,999,4001
="2640",2000,0,2000
="2705",0,24000,-24000
="2723",0,2000,-2000
="2727",22000,13000,9000
="2732",6000,6000,0
="2748",0,1000,-1000
="2755",1000,0,1000
="2801",9060,30000,-20940
="2809",140100,1000,139100
="2812",0,4197,-4197
="2823",9500,20010,-10510
="2834",21000,10000,11000
="2841",615,0,615
="2855",64100,15000,49100
="2867",2100,5000,-2900
="2880",85002,3000,82002
="2881",73000,22300,50700
="2882",20000,65000,-45000
="2883",123002,1000,122002
="2884",70840,0,70840
="2885",11102,229,10873
="2886",238000,0,238000
="2887",17044,0,17044
="2888",205000,0,205000
="2889",0,16000,-16000
="2890",3030001,1000,3029001
="2891",264102,4893000,-4628898
="2892",7100,12,7088
="2897",805000,0,805000
="2905",1050,0,1050
="2911",1000,1000,0
="2912",10,1010,-1000
="2913",196,1100,-904
="2915",77000,0,77000
="2929",150000,530,149470
="3003",10000,45000,-35000
="3005",72000,0,72000
="3006",6000,69000,-63000
="3008",2055,4002,-1947
="3010",1000,0,1000
="3011",0,33000,-33000
="3014",5,0,5
="3015",1000,5000,-4000
="3016",2000,21000,-19000
="3017",35100,22000,13100
="3018",2000,2000,0
="3019",33000,33000,0
="3022",10000,0,10000
="3023",1000,1000,0
="3026",2000,2000,0
="3029",2000,2000,0
="3030",1000,0,1000
="3032",13000,0,13000
="3034",25000,73000,-48000
="3035",35000,15000,20000
="3036",2000,0,2000
="3037",106000,118000,-12000
="3041",1001,0,1001
="3042",58000,89000,-31000
="3043",7,0,7
="3044",13000,4000,9000
="3045",1000,0,1000
="3049",5420,2000,3420
="3050",0,5000,-5000
="3051",405,0,405
="3055",50,0,50
="3057",1001,1000,1
="3058",4000,3000,1000
="3059",148001,1196000,-1047999
="3060",1260,1000,260
="3062",9000,0,9000
="3071",46000,134000,-88000
="3078",1000,1000,0
="3081",11000,5000,6000
="3083",2000,0,2000
="3090",0,5000,-5000
="3092",12000,23000,-11000
="3094",11000,15000,-4000
="3105",26035,42000,-15965
="3114",2000,2000,0
="3115",2,0,2
="3122",253000,232000,21000
="3128",21000,18000,3000
="3131",3000,2000,1000
="3138",3184,6000,-2816
="3141",13000,14000,-1000
="3149",2000,5000,-3000
="3152",20000,14000,6000
="3164",1000,1000,0
="3169",25000,9000,16000
="3178",77000,79000,-2000
="3189",22000,149000,-127000
="3207",1000,0,1000
="3211",1000,3000,-2000
="3217",7000,36000,-29000
="3218",13000,4000,9000
="3219",10000,0,10000
="3227",5000,14000,-9000
="3228",154000,18000,136000
="3231",22000,155700,-133700
="3236",1000,0,1000
="3252",1000,0,1000
="3257",208000,69000,139000
="3260",15010,16000,-990
="3264",20000,40000,-20000
="3265",0,20000,-20000
="3272",3000,3000,0
="3285",4000,0,4000
="3287",0,2000,-2000
="3293",3000,31000,-28000
="3296",4000,1000,3000
="3305",1000,17000,-16000
="3312",1,0,1
="3317",2,0,2
="3322",0,3000,-3000
="3323",144000,695000,-551000
="3324",8100,8050,50
="3346",3000,6000,-3000
="3362",103000,11125,91875
="3373",13000,0,13000
="3374",109000,423620,-314620
="3376",3000,2000,1000
="3380",108000,137000,-29000
="3406",8000,19000,-11000
="3413",3000,19000,-16000
="3432",18000,15000,3000
="3437",10000,10000,0
="3441",169000,140000,29000
="3443",83000,69004,13996
="3450",1000,0,1000
="3454",0,6000,-6000
="3466",1000,1000,0
="3481",591870,693000,-101130
="3483",6000,0,6000
="3484",43000,4000,39000
="3491",0,3000,-3000
="3492",1000,0,1000
="3494",5000,0,5000
="3501",0,1000,-1000
="3504",12000,2000,10000
="3516",16000,31000,-15000
="3518",2000,0,2000
="3522",1,1000,-999
="3526",5000,24200,-19200
="3527",0,1000,-1000
="3529",1000,4000,-3000
="3530",2000,6000,-4000
="3532",2000,2000,0
="3533",15000,14000,1000
="3540",0,5000,-5000
="3545",208010,356000,-147990
="3546",2000,3000,-1000
="3552",392060,369000,23060
="3556",1,0,1
="3576",16000,3000,13000
="3580",34000,22000,12000
="3587",4000,119000,-115000
="3588",4000,6000,-2000
="3596",1000,0,1000
="3597",2000,2000,0
="3605",7000,5000,2000
="3609",1,0,1
="3611",1000,0,1000
="3615",3000,0,3000
="3622",9000,8000,1000
="3625",5000,6000,-1000
="3630",255000,99000,156000
="3632",300,0,300
="3642",1000,0,1000
="3645",1000,0,1000
="3646",0,89,-89
="3653",21000,22000,-1000
="3661",29000,58000,-29000
="3665",21000,111000,-90000
="3666",26000,22000,4000
="3669",7000,28000,-21000
="3673",0,16000,-16000
="3675",0,6000,-6000
="3679",1000,0,1000
="3680",36000,19000,17000
="3682",1,0,1
="3685",5000,0,5000
="3686",0,2000,-2000
="3691",5000,3000,2000
="3694",1000,3000,-2000
="3702",8000,18774,-10774
="3703",6000,1000,5000
="3704",87000,45000,42000
="3706",43000,0,43000
="3707",2000,70000,-68000
="3708",0,1000,-1000
="3710",3027000,232000,2795000
="3711",289252,219600,69652
="3714",62005,41000,21005
="4102",1,0,1
="4105",2000,0,2000
="4106",1000,0,1000
="4108",0,1000,-1000
="4119",2000,5200,-3200
="4120",0,1000,-1000
="4128",1002,1000,2
="4133",72,0,72
="4137",18000,4000,14000
="4142",35081,11000,24081
="4152",0,1000,-1000
="4155",0,4000,-4000
="4157",1000,0,1000
="4160",1000,1000,0
="4162",1,0,1
="4163",0,1000,-1000
="4167",10031,11000,-969
="4168",2000,0,2000
="4171",11000,16000,-5000
="4173",6000,0,6000
="4174",1000,0,1000
="4306",3002,0,3002
="4414",400,0,400
="4416",1000,0,1000
="4528",14000,3000,11000
="4536",1000,0,1000
="4540",2000,23000,-21000
="4549",0,1000,-1000
="4551",2000,1000,1000
="4561",0,1000,-1000
="4562",2000,2000,0
="4564",0,5000,-5000
="4566",183000,176000,7000
="4576",64000,44000,20000
="4721",1000,0,1000
="4739",0,1000,-1000
="4741",2000,0,2000
="4743",6011,2150,3861
="4746",0,3000,-3000
="4760",1000,3000,-2000
="4803",0,116,-116
="4903",4,0,4
="4904",1400,0,1400
="4906",3000,0,3000
="4912",153000,6000,147000
="4915",79000,90000,-11000
="4916",3000,3000,0
="4919",32000,23000,9000
="4927",10000,29000,-19000
="4930",3000,0,3000
="4933",1000,15000,-14000
="4938",78280,223000,-144720
="4939",1,0,1
="4943",1000,3000,-2000
="4952",0,100,-100
="4953",4000,1000,3000
="4958",5000,4050,950
="4960",15000,45000,-30000
="4961",709180,176000,533180
="4966",2000,2000,0
="4967",2000,5000,-3000
="4968",16000,33000,-17000
="4972",20,0,20
="4973",0,1000,-1000
="4974",22000,20000,2000
="4976",96000,125000,-29000
="4999",1000,0,1000
="5009",0,3000,-3000
="5011",3000,1000,2000
="5014",1873000,99000,1774000
="5203",5000,1000,4000
="5210",90,0,90
="5213",6000,0,6000
="5215",1000,0,1000
="5220",1000,0,1000
="5223",68000,62000,6000
="5243",39000,113000,-74000
="5258",0,10000,-10000
="5269",30000,44000,-14000
="5272",5000,5000,0
="5276",0,1000,-1000
="5278",2000,5160,-3160
="5285",5000,0,5000
="5288",0,3000,-3000
="5299",2000,6,1994
="5306",1100,63000,-61900
="5309",2002,5000,-2998
="5344",0,1000,-1000
="5347",341250,45000,296250
="5351",1,0,1
="5371",2000,0,2000
="5386",8000,27000,-19000
="5388",0,10,-10
="5392",1000,0,1000
="5425",22000,11000,11000
="5439",195000,100000,95000
="5443",75000,55000,20000
="5450",0,1000,-1000
="5457",36000,4000,32000
="5464",6000,0,6000
="5465",0,5000,-5000
="5469",0,10000,-10000
="5471",42000,12000,30000
="5478",0,2000,-2000
="5483",52210,62000,-9790
="5484",52000,0,52000
="5488",4000,21000,-17000
="5512",2,0,2
="5515",6000,0,6000
="5521",10000,2000,8000
="5522",88000,0,88000
="5529",0,3000,-3000
="5534",0,2000,-2000
="5536",0,1000,-1000
="5604",0,1000,-1000
="5608",4000,0,4000
="5701",11,0,11
="5820",100,0,100
="5864",0,2000,-2000
="5871",72010,4000,68010
="5876",22000,0,22000
="5880",161851,7000,154851
="5905",1000,0,1000
="6005",3000,0,3000
="6015",2,0,2
="6104",7000,39000,-32000
="6108",1000,0,1000
="6114",6000,0,6000
="6115",1000,0,1000
="6116",309000,299000,10000
="6118",6000,6000,0
="6121",1000,0,1000
="6125",19000,9000,10000
="6126",5001,0,5001
="6127",0,1000,-1000
="6129",4000,13000,-9000
="6136",5000,0,5000
="6138",1000,0,1000
="6139",1000,0,1000
="6142",1,0,1
="6147",17000,13000,4000
="6150",39000,36100,2900
="6153",5000,26000,-21000
="6156",2,2000,-1998
="6164",1,0,1
="6165",1,1000,-999
="6166",33000,66000,-33000
="6168",3000,0,3000
="6170",1000,0,1000
="6173",1,0,1
="6176",17000,28000,-11000
="6180",1000,0,1000
="6182",35000,67000,-32000
="6187",60000,23090,36910
="6188",7000,63000,-56000
="6189",3000,0,3000
="6191",3000,44000,-41000
="6195",2000,0,2000
="6196",1000,8000,-7000
="6197",1000,0,1000
="6201",3000,2000,1000
="6203",1000,18000,-17000
="6205",10000,1000,9000
="6207",1000,0,1000
="6208",228000,15000,213000
="6209",10000,10000,0
="6213",7000,52000,-45000
="6214",1000,0,1000
="6215",46000,115000,-69000
="6219",138000,56000,82000
="6223",14000,111000,-97000
="6224",1000,0,1000
="6226",0,70000,-70000
="6229",4000,14000,-10000
="6230",0,2000,-2000
="6231",7000,13000,-6000
="6233",28000,49000,-21000
="6237",8000,83000,-75000
="6239",1000,80000,-79000
="6243",0,6000,-6000
="6244",1000,0,1000
="6245",0,6000,-6000
="6257",11500,21500,-10000
="6261",0,100,-100
="6269",2000,7000,-5000
="6271",29000,20000,9000
="6274",12000,3000,9000
="6277",0,4000,-4000
="6278",3000,52000,-49000
="6279",22000,71000,-49000
="6282",10000,10000,0
="6283",0,1000,-1000
="6284",11000,12000,-1000
="6285",3000,500,2500
="6288",3000,10000,-7000
="6289",9,0,9
="6404",6,0,6
="6411",4000,2000,2000
="6414",12000,22000,-10000
="6415",0,3,-3
="6416",1000,0,1000
="6417",4000,1000,3000
="6431",51000,0,51000
="6438",11000,2000,9000
="6441",0,1000,-1000
="6443",17020,5000,12020
="6449",2,2000,-1998
="6451",5000,4000,1000
="6456",17000,12000,5000
="6457",6000,0,6000
="6462",1000,3000,-2000
="6472",0,1007,-1007
="6477",16000,20000,-4000
="6485",106000,0,106000
="6488",7000,15000,-8000
="6491",1000,1000,0
="6492",1000,3000,-2000
="6494",3000,2000,1000
="6496",100,0,100
="6504",0,1000,-1000
="6505",0,1000,-1000
="6510",1000,0,1000
="6516",0,7000,-7000
="6525",2300,3000,-700
="6531",77087,51002,26085
="6533",24000,36015,-12015
="6538",0,2000,-2000
="6541",0,10000,-10000
="6547",15000,15000,0
="6548",5000,0,5000
="6552",3000,1000,2000
="6573",2000,888,1112
="6576",0,1000,-1000
="6578",0,1000,-1000
="6582",0,1000,-1000
="6588",0,1000,-1000
="6589",1000,0,1000
="6591",0,2000,-2000
="6603",18000,1000,17000
="6640",3000,0,3000
="6643",1000,3000,-2000
="6667",1000,0,1000
="6668",2000,0,2000
="6669",1000,11000,-10000
="6672",1200,72000,-70800
="6679",3000,0,3000
="6706",4000,3000,1000
="6732",5020,6000,-980
="6733",2000,6000,-4000
="6743",65000,6000,59000
="6747",11000,21000,-10000
="6751",0,19000,-19000
="6756",1000,0,1000
="6762",0,28,-28
="711701",0,424000,-424000
="711702",20000,0,20000
="712014",0,6000,-6000
="712326",52000,50000,2000
="712372",15000,0,15000
="712504",22000,0,22000
="712606",0,2000,-2000
="712612",50000,101000,-51000
="712633",0,5000,-5000
="712916",196000,104000,92000
="712918",70000,0,70000
="712922",0,42000,-42000
="712979",50000,0,50000
="712980",30000,0,30000
="712981",71000,55000,16000
="713036",40000,0,40000
="713040",65000,0,65000
="713085",0,10000,-10000
="713182",20000,3000,17000
="713183",0,3000,-3000
="713184",60000,20000,40000
="713241",0,5000,-5000
="713327",0,20000,-20000
="713352",0,5000,-5000
="713388",26000,0,26000
="713514",0,95000,-95000
="713515",10000,170000,-160000
="713587",0,1000,-1000
="713589",0,40000,-40000
="713648",510000,0,510000
="713651",0,10000,-10000
="713653",0,10000,-10000
="713675",62000,1157000,-1095000
="714030",0,53000,-53000
="714031",0,10000,-10000
="714156",0,10000,-10000
="714211",0,2000,-2000
="714214",0,3000,-3000
="714236",10000,80000,-70000
="714237",10000,0,10000
="714272",0,3000,-3000
="714341",0,7000,-7000
="714366",17000,0,17000
="714431",5000,120000,-115000
="714441",0,63000,-63000
="714513",6000,50000,-44000
="714516",103000,234000,-131000
="714518",10000,40000,-30000
="714620",10000,50000,-40000
="714623",0,2000,-2000
="714685",17000,0,17000
="714712",1000,60000,-59000
="714713",0,3000,-3000
="714714",0,110000,-110000
="714742",70000,0,70000
="714858",2000,5000,-3000
="714859",135000,17000,118000
="714860",0,8000,-8000
="714889",85000,45000,40000
="715011",1000,0,1000
="715066",31000,0,31000
="715067",41000,20000,21000
="715070",22000,64000,-42000
="715072",10000,5000,5000
="715073",0,5000,-5000
="715118",182000,0,182000
="715158",30000,25000,5000
="715159",233000,365000,-132000
="715161",0,30000,-30000
="715163",30000,0,30000
="715181",4000,38000,-34000
="715239",90000,16000,74000
="715250",100000,190000,-90000
="715286",10000,2000,8000
="715327",0,139000,-139000
="715356",4000,13000,-9000
="715417",3000,86000,-83000
="715478",236000,0,236000
="715520",10000,0,10000
="715550",3000,3000,0
="715553",54000,10000,44000
="715554",20000,0,20000
="715609",1000,0,1000
="715657",60000,21000,39000
="715659",0,2000,-2000
="715661",62000,10000,52000
="715662",163000,5000,158000
="715691",88000,0,88000
="715692",10000,0,10000
="715694",15000,5000,10000
="715780",10000,0,10000
="715781",20000,0,20000
="715782",0,95000,-95000
="715813",228000,50000,178000
="715815",9000,0,9000
="715901",0,10000,-10000
="715935",117000,234000,-117000
="715971",150000,120000,30000
="716032",6000,0,6000
="716034",1119000,0,1119000
="716037",7000,6000,1000
="716067",50000,0,50000
="716084",0,50000,-50000
="716085",400000,0,400000
="716110",0,5000,-5000
="716112",59000,23000,36000
="716137",18000,153000,-135000
="716188",20000,0,20000
="716251",0,5000,-5000
="716252",60000,110000,-50000
="716295",31000,0,31000
="716296",0,51000,-51000
="716298",56000,129000,-73000
="716299",432000,33000,399000
="716362",100000,100000,0
="716369",2000,5000,-3000
="716370",301000,233000,68000
="716433",30000,0,30000
="716493",20000,0,20000
="716504",0,40000,-40000
="716507",2000,0,2000
="716508",23000,0,23000
="716590",0,2000,-2000
="716591",15000,0,15000
="716594",82000,25000,57000
="716596",0,42000,-42000
="716677",70000,40000,30000
="716761",6000,0,6000
="716816",114000,45000,69000
="716837",120000,67000,53000
="716838",10000,0,10000
="716879",14000,0,14000
="716905",0,61000,-61000
="716907",80000,216000,-136000
="716908",23000,125000,-102000
="716953",1000,0,1000
="716954",10000,0,10000
="716955",10000,0,10000
="716956",690000,215000,475000
="716957",10000,120000,-110000
="716958",80000,18000,62000
="716997",379000,435000,-56000
="716998",446000,0,446000
="717024",1000,60000,-59000
="717053",0,5000,-5000
="717086",695000,2000,693000
="717087",120000,0,120000
="717101",202000,10000,192000
="717102",246000,22000,224000
="717197",10000,0,10000
="717203",74000,19000,55000
="717204",406000,910000,-504000
="717205",0,7000,-7000
="717208",0,10000,-10000
="717210",9000,28000,-19000
="717305",20000,10000,10000
="717307",100000,105000,-5000
="717311",6000,125000,-119000
="717333",120000,0,120000
="717351",55000,0,55000
="717352",10000,25000,-15000
="717353",356000,504000,-148000
="717354",50000,20000,30000
="717356",0,23000,-23000
="717359",5000,0,5000
="717363",27000,60000,-33000
="717364",110000,0,110000
="717365",115000,60000,55000
="717460",5000,5000,0
="717461",974000,2236000,-1262000
="717462",390000,320000,70000
="717463",210000,0,210000
="717464",25000,0,25000
="717468",184000,417000,-233000
="717469",6000,158000,-152000
="717476",30000,0,30000
="717500",10000,0,10000
="717513",70000,0,70000
="717514",50000,20000,30000
="717516",0,39000,-39000
="717518",963000,272000,691000
="717519",0,100000,-100000
="717520",5000,100000,-95000
="717522",151000,46000,105000
="717523",16000,13000,3000
="717524",156000,133000,23000
="717525",0,100000,-100000
="717526",54000,3000,51000
="717531",0,25000,-25000
="717566",6000,0,6000
="717570",85000,58000,27000
="717601",95000,5000,90000
="717602",15000,45000,-30000
="717603",10000,35000,-25000
="717606",0,90000,-90000
="717607",100000,0,100000
="717608",1000,0,1000
="717609",9000,10000,-1000
="717610",0,15000,-15000
="717635",0,130000,-130000
="717636",33000,5000,28000
="717639",318000,145000,173000
="717641",100000,0,100000
="717683",80000,75000,5000
="717684",41000,0,41000
="717685",368000,62000,306000
="717686",0,10000,-10000
="717687",10000,15000,-5000
="717688",222000,0,222000
="717689",1000,4000,-3000
="717735",255000,225000,30000
="717736",400000,10000,390000
="717737",30000,200000,-170000
="717738",10000,40000,-30000
="717739",110000,0,110000
="717740",100000,0,100000
="717741",0,5000,-5000
="717742",85000,54000,31000
="717773",1000,115000,-114000
="717775",0,62000,-62000
="717776",115000,0,115000
="717777",10000,5000,5000
="717778",10000,0,10000
="717779",20000,30000,-10000
="717780",100000,104000,-4000
="717815",50000,393000,-343000
="717816",233000,218000,15000
="717817",0,48000,-48000
="717818",306000,15000,291000
="717819",30000,40000,-10000
="717820",0,8000,-8000
="717851",0,52000,-52000
="717860",5000,3000,2000
="717918",25000,80000,-55000
="717952",20000,0,20000
="717953",372000,28000,344000
="717956",30000,10000,20000
="717957",313000,742000,-429000
="717958",5000,25000,-20000
="717959",51000,5000,46000
="717960",100000,0,100000
="717962",834000,2046000,-1212000
="717963",0,15000,-15000
="718039",200000,0,200000
="718040",217000,0,217000
="718041",72000,3000,69000
="718042",32000,1000,31000
="718044",25000,0,25000
="718046",0,30000,-30000
="718047",31000,0,31000
="718093",25000,10000,15000
="718096",8000,0,8000
="718098",102000,0,102000
="718099",121000,474000,-353000
="718100",0,3000,-3000
="718101",10000,0,10000
="718102",0,20000,-20000
="718103",100000,165000,-65000
="718180",0,115000,-115000
="718219",0,100000,-100000
="718223",0,75000,-75000
="718264",0,66000,-66000
="718265",0,15000,-15000
="73653P",45000,195000,-150000
="73655P",52000,32000,20000
="73675P",300000,0,300000
="73691P",15000,14000,1000
="73692P",14000,24000,-10000
="73693P",80000,18000,62000
="73717P",19000,40000,-21000
="73731P",20000,0,20000
="73740P",0,36000,-36000
="73747P",0,31000,-31000
="73748P",51000,83000,-32000
="73754P",17000,64000,-47000
="73755P",54000,12000,42000
="73764P",11000,0,11000
="73774P",205000,140000,65000
="73776P",100000,0,100000
="73794P",0,10000,-10000
="73796P",10000,0,10000
="73803P",318000,119000,199000
="73804P",43000,54000,-11000
="73805P",1051000,1194000,-143000
="73806P",2778000,450000,2328000
="73808P",600000,0,600000
="73821P",100000,0,100000
="73822P",100000,0,100000
="73826P",15000,18000,-3000
="73833P",3000,1000,2000
="73837P",0,50000,-50000
="73838P",0,112000,-112000
="7556",6006,25000,-18994
="8011",1000,0,1000
="8016",32000,15000,17000
="8024",143000,67000,76000
="8028",1000,0,1000
="8033",187000,1050,185950
="8034",2000,0,2000
="8039",16000,0,16000
="8042",1000,0,1000
="8044",0,17000,-17000
="8046",36000,237000,-201000
="8054",252001,245000,7001
="8069",315000,402000,-87000
="8070",3000,3000,0
="8076",5002,5000,2
="8080",3,0,3
="8081",0,1000,-1000
="8085",2,0,2
="8086",105002,155000,-49998
="8089",5000,0,5000
="8093",2000,0,2000
="8096",37002,12000,25002
="8105",2000,2000,0
="8110",9000,5000,4000
="8112",1000,1000,0
="8121",1000,0,1000
="8150",2000,165000,-163000
="8163",5001,0,5001
="8171",4000,4000,0
="8176",2000,1000,1000
="8183",10000,11000,-1000
="8213",2000,0,2000
="8215",12000,8000,4000
="8222",1002,1000,2
="8261",3000,4000,-1000
="8271",1000,0,1000
="8299",1100,5000,-3900
="8341",100,0,100
="8358",1225000,537000,688000
="8383",5000,1000,4000
="8403",2000,0,2000
="8410",2000,0,2000
="8436",6000,2005,3995
="8464",6000,0,6000
="8905",1,0,1
="8916",5000,0,5000
="8924",6000,2000,4000
="8929",1000,1000,0
="8938",1000,26000,-25000
="8996",6000,0,6000
="9103",13000,15000,-2000
="9105",5000,50000,-45000
="9110",1000,0,1000
="911616",1000,0,1000
="912398",1000,1000,0
="9802",6000,0,6000
="9902",0,2500,-2500
="9904",95100,8000,87100
="9907",0,100,-100
="9910",4000,0,4000
="9912",2,0,2
="9914",1000,36000,-35000
="9919",9000,5000,4000
="9921",7001,1000,6001
="9933",96000,0,96000
="9935",1000,0,1000
="9938",27200,39000,-11800
="9945",6600,0,6600
="9949",1000,746,254
="9951",0,3000,-3000
="9958",9000,189000,-180000
