="0050",41781,79320,-37539
="0052",5000,4000,1000
="0056",3200,25000,-21800
="0061",10000,1000,9000
="006206",0,30000,-30000
="006207",0,42000,-42000
="006208",244401,241006,3395
="00631L",6000,3000,3000
="00632R",1887000,83000,1804000
="00633L",5000,8000,-3000
="00637L",31000,2095000,-2064000
="00638R",94000,0,94000
="00642U",210000,2000,208000
="00645",0,1000,-1000
="00646",1000,22000,-21000
="00648R",0,2000,-2000
="00650L",17000,390000,-373000
="00652",0,8000,-8000
="00653L",9000,5000,4000
="00664R",10000,0,10000
="00676R",0,20000,-20000
="00677U",105000,218000,-113000
="00680L",0,2000,-2000
="00681R",0,1000,-1000
="00682U",0,16000,-16000
="00683L",0,40000,-40000
="00684R",0,96000,-96000
="00687B",50000,50000,0
="00688L",50000,50000,0
="00689R",50000,50000,0
="00692",50,2000,-1950
="00693U",21000,0,21000
="00694B",50000,50000,0
="00695B",50000,50000,0
="00696B",100000,100000,0
="00697B",50000,50000,0
="00701",1000,0,1000
="00708L",0,11000,-11000
="00712",15000,0,15000
="00715L",129000,20000,109000
="00717",6000,0,6000
="00718B",100000,100000,0
="00719B",50000,50000,0
="00720B",75000,76000,-1000
="00721B",50000,50000,0
="00722B",51000,58000,-7000
="00723B",52000,50000,2000
="00724B",52000,50000,2000
="00728",31100,0,31100
="00733",100000,123000,-23000
="00738U",9000,0,9000
="00740B",4000,0,4000
="00741B",0,11000,-11000
="00751B",80000,50000,30000
="00752",0,293100,-293100
="00754B",53000,50000,3000
="00755B",51000,51000,0
="00756B",53000,53000,0
="00757",0,1000,-1000
="00764B",52000,50000,2000
="00765B",50000,50000,0
="00772B",97000,70000,27000
="00773B",70000,70000,0
="00788B",3000,0,3000
="00795B",70000,70000,0
="00796B",70000,73000,-3000
="00847B",70000,70000,0
="00848B",70000,70000,0
="00849B",70000,70000,0
="00850",10100,0,10100
="00861",1000,4200,-3200
="00862B",70000,70000,0
="00863B",70000,70000,0
="00864B",70000,70000,0
="00868B",50000,50000,0
="00869B",50000,50000,0
="00870B",50000,50000,0
="00871B",50000,50000,0
="00875",25000,1000,24000
="00876",0,8500,-8500
="00877",0,5000,-5000
="00878",0,1000,-1000
="00881",168993,4741000,-4572007
="020011",18000,8000,10000
="020015",10000,11000,-1000
="020016",0,1000,-1000
="020018",105000,34000,71000
="020019",476000,201000,275000
="020021",1240000,2418000,-1178000
="020022",100000,3000,97000
="03859P",0,19000,-19000
="04397P",0,150000,-150000
="04513P",373000,250000,123000
="04594P",0,40000,-40000
="04686P",50000,0,50000
="04729P",19000,60000,-41000
="04826P",0,10000,-10000
="04827P",5000,5000,0
="04860P",2000,50000,-48000
="04908P",44000,0,44000
="04915P",50000,5000,45000
="04985P",56000,15000,41000
="05006P",144000,15000,129000
="05067P",1048000,0,1048000
="05070P",0,60000,-60000
="05104P",0,3000,-3000
="05128P",34000,0,34000
="05143P",0,72000,-72000
="05144P",50000,30000,20000
="05161P",481000,635000,-154000
="05162P",16000,57000,-41000
="05237P",114000,18000,96000
="05297P",105000,25000,80000
="05298P",25000,0,25000
="05299P",45000,12000,33000
="05300P",22000,72000,-50000
="05342P",0,10000,-10000
="05422P",0,12000,-12000
="05481P",27000,54000,-27000
="05482P",14000,40000,-26000
="05500P",24000,12000,12000
="05585P",499000,0,499000
="05594P",240000,42000,198000
="05595P",906000,806000,100000
="05609P",130000,0,130000
="05614P",200000,0,200000
="05632P",5000,33000,-28000
="05654P",0,10000,-10000
="05697P",3000,20000,-17000
="05698P",11000,11000,0
="05699P",3000,410000,-407000
="05703P",400000,499000,-99000
="05707P",9000,48000,-39000
="05750P",30000,25000,5000
="05774P",200000,0,200000
="05776P",300000,198000,102000
="05777P",425000,234000,191000
="05791P",0,10000,-10000
="05858P",220000,46000,174000
="05888P",300000,0,300000
="05906P",115000,104000,11000
="05907P",78000,40000,38000
="05908P",124000,343000,-219000
="05955P",100000,298000,-198000
="05968P",400000,0,400000
="05969P",650000,0,650000
="05970P",550000,0,550000
="05972P",20000,44000,-24000
="05973P",22000,593000,-571000
="05986P",0,28000,-28000
="06032P",0,208000,-208000
="060342",40000,0,40000
="062122",0,1000,-1000
="062129",100000,0,100000
="062806",1000,0,1000
="063057",365000,293000,72000
="063444",22000,0,22000
="063667",30000,0,30000
="063788",11000,0,11000
="063926",0,10000,-10000
="064057",5000,0,5000
="064162",0,100000,-100000
="064446",10000,0,10000
="064448",100000,115000,-15000
="064453",10000,0,10000
="064462",33000,102000,-69000
="064710",20000,0,20000
="064712",0,4000,-4000
="064713",90000,353000,-263000
="064843",20000,0,20000
="064911",0,65000,-65000
="064915",1000,0,1000
="064921",2000,0,2000
="064925",60000,0,60000
="064929",14000,0,14000
="065185",0,2019000,-2019000
="065186",0,7000,-7000
="065297",10000,0,10000
="065451",10000,0,10000
="065658",0,6000,-6000
="065679",45000,45000,0
="065685",50000,0,50000
="065686",48000,20000,28000
="065889",1000,22000,-21000
="065891",3000,0,3000
="065895",100000,0,100000
="065945",21000,0,21000
="065950",403000,1000,402000
="066197",12000,0,12000
="066198",63000,5000,58000
="066203",67000,25000,42000
="066460",542000,140000,402000
="066467",0,2000,-2000
="066471",2000,120000,-118000
="066524",25000,64000,-39000
="066526",379000,400000,-21000
="066694",3000,0,3000
="067147",0,4000,-4000
="067150",49000,0,49000
="067157",0,10000,-10000
="067276",32000,3000,29000
="067278",50000,279000,-229000
="067368",0,80000,-80000
="067370",10000,0,10000
="067373",0,30000,-30000
="067378",2000,0,2000
="067383",202000,18000,184000
="067503",10000,0,10000
="067510",0,15000,-15000
="067514",0,11000,-11000
="067643",849000,0,849000
="067709",0,100000,-100000
="067770",5000,5000,0
="067774",90000,25000,65000
="067831",0,10000,-10000
="067836",0,20000,-20000
="068045",100000,0,100000
="068046",25000,0,25000
="068052",5000,0,5000
="068128",0,36000,-36000
="068129",285000,562000,-277000
="068217",2000,0,2000
="068220",354000,21000,333000
="068221",322000,586000,-264000
="068223",40000,50000,-10000
="068224",0,37000,-37000
="068390",35000,76000,-41000
="068397",83000,0,83000
="068455",229000,0,229000
="068510",10000,0,10000
="068511",57000,105000,-48000
="068512",10000,7000,3000
="068514",0,622000,-622000
="068515",0,27000,-27000
="068516",0,2951000,-2951000
="068521",192000,0,192000
="068593",30000,0,30000
="068595",17000,0,17000
="068659",0,80000,-80000
="068669",15000,11000,4000
="068670",2175000,1718000,457000
="068672",123000,100000,23000
="068766",10000,0,10000
="068767",85000,26000,59000
="068768",0,5000,-5000
="068769",25000,30000,-5000
="068771",200000,0,200000
="068772",10000,0,10000
="068843",4000,5000,-1000
="068847",5000,0,5000
="068848",0,10000,-10000
="068849",0,10000,-10000
="068851",21000,10000,11000
="068852",0,1081000,-1081000
="068854",3000,0,3000
="068882",1000,0,1000
="069032",1000,0,1000
="069091",50000,0,50000
="069094",130000,0,130000
="069095",240000,0,240000
="069097",5000,9000,-4000
="069098",0,10000,-10000
="069099",0,350000,-350000
="069105",0,33000,-33000
="069106",139000,54000,85000
="069190",3000,15000,-12000
="069191",0,100000,-100000
="069192",24000,224000,-200000
="069397",30000,0,30000
="069402",10000,0,10000
="069404",0,10000,-10000
="069409",10000,0,10000
="069411",17000,5000,12000
="069412",0,60000,-60000
="069414",1298000,1579000,-281000
="069416",250000,45000,205000
="069420",0,30000,-30000
="069446",10000,0,10000
="069448",8000,0,8000
="069449",358000,1306000,-948000
="069453",13000,0,13000
="069612",69000,83000,-14000
="069614",9000,0,9000
="069618",15000,100000,-85000
="069623",0,30000,-30000
="069691",132000,785000,-653000
="069693",10000,0,10000
="069808",0,54000,-54000
="069927",100000,1000,99000
="069928",3000,0,3000
="069930",242000,9000,233000
="069933",0,2000,-2000
="069936",1000,0,1000
="070131",200000,200000,0
="070133",25000,35000,-10000
="070134",88000,617000,-529000
="070135",0,10000,-10000
="070136",0,111000,-111000
="070139",100000,0,100000
="070141",186000,36000,150000
="070147",20000,263000,-243000
="070148",180000,438000,-258000
="070245",132000,39000,93000
="070250",40000,10000,30000
="070252",0,89000,-89000
="070255",170000,100000,70000
="070426",305000,2000,303000
="070428",55000,51000,4000
="070430",0,20000,-20000
="070431",0,5000,-5000
="070444",534000,31000,503000
="070445",486000,126000,360000
="070453",0,1000,-1000
="070531",0,148000,-148000
="070538",41000,210000,-169000
="070539",12000,20000,-8000
="070606",0,1360000,-1360000
="070608",15000,0,15000
="070800",60000,180000,-120000
="070857",15000,0,15000
="070860",0,299000,-299000
="070861",165000,40000,125000
="070862",199000,0,199000
="070864",0,534000,-534000
="070866",2000,0,2000
="070913",0,70000,-70000
="070953",10000,0,10000
="070954",0,3000,-3000
="071127",0,10000,-10000
="071129",0,5000,-5000
="071206",3000,3000,0
="071208",10000,0,10000
="071209",10000,2000,8000
="071212",0,20000,-20000
="071218",45000,0,45000
="071220",320000,953000,-633000
="071221",10000,0,10000
="071224",0,8000,-8000
="071227",23000,0,23000
="071319",240000,0,240000
="071321",0,31000,-31000
="071322",37000,0,37000
="071335",1000,0,1000
="071446",1083000,0,1083000
="071447",120000,66000,54000
="071448",35000,10000,25000
="071457",0,15000,-15000
="071568",161000,0,161000
="071569",0,10000,-10000
="071707",0,6000,-6000
="071708",14000,6000,8000
="071709",40000,0,40000
="071736",20000,0,20000
="071844",110000,0,110000
="071845",0,100000,-100000
="071890",8000,28000,-20000
="071987",0,2000,-2000
="071999",0,18000,-18000
="072046",13000,45000,-32000
="072047",37000,28000,9000
="072049",0,20000,-20000
="072051",165000,71000,94000
="072122",0,142000,-142000
="072123",10000,10000,0
="072152",55000,0,55000
="072305",10000,0,10000
="072312",500000,0,500000
="072313",10000,0,10000
="072403",0,67000,-67000
="072404",108000,118000,-10000
="072409",55000,16000,39000
="072410",205000,116000,89000
="072411",1000,10000,-9000
="072412",60000,30000,30000
="072416",0,20000,-20000
="072462",10000,0,10000
="072556",21000,10000,11000
="072559",198000,30000,168000
="072561",20000,0,20000
="072562",566000,0,566000
="072568",0,1000,-1000
="072625",0,20000,-20000
="072638",0,50000,-50000
="072711",274000,24000,250000
="072712",1000,10000,-9000
="072812",0,1000,-1000
="072964",28000,508000,-480000
="072965",65000,0,65000
="072971",5000,1000,4000
="072973",52000,185000,-133000
="073027",50000,194000,-144000
="073029",5000,0,5000
="073031",305000,254000,51000
="073037",129000,77000,52000
="073038",44000,23000,21000
="073039",387000,314000,73000
="073040",0,1000,-1000
="073094",10000,0,10000
="073095",0,12000,-12000
="073096",7000,0,7000
="073097",0,66000,-66000
="073100",10000,30000,-20000
="073101",0,2000,-2000
="073102",142000,9000,133000
="073103",80000,84000,-4000
="073104",23000,20000,3000
="073105",21000,16000,5000
="073106",196000,0,196000
="073377",36000,0,36000
="073383",8000,0,8000
="073384",20000,20000,0
="073388",497000,67000,430000
="073487",355000,0,355000
="073490",2000,0,2000
="073493",383000,100000,283000
="073495",66000,0,66000
="073496",165000,1000,164000
="073497",15000,0,15000
="073500",30000,30000,0
="073501",1000,0,1000
="073502",193000,0,193000
="073503",10000,0,10000
="073504",499000,0,499000
="073615",134000,6000,128000
="073616",10000,1000,9000
="073735",0,200000,-200000
="073739",1000,0,1000
="073741",0,21000,-21000
="073743",1000,6000,-5000
="073745",13000,30000,-17000
="073746",0,10000,-10000
="073747",0,5000,-5000
="073808",0,43000,-43000
="073809",0,23000,-23000
="073811",100000,63000,37000
="073813",75000,65000,10000
="073920",50000,0,50000
="073982",30000,60000,-30000
="073984",20000,21000,-1000
="074043",0,2000,-2000
="074059",0,10000,-10000
="074060",180000,0,180000
="074066",3000,5000,-2000
="074067",16000,106000,-90000
="074068",105000,169000,-64000
="074069",0,19000,-19000
="074107",0,30000,-30000
="074148",3000,0,3000
="074165",0,10000,-10000
="074167",6000,0,6000
="074168",0,158000,-158000
="074170",1000,0,1000
="074258",11000,100000,-89000
="074343",2000,0,2000
="074347",795000,922000,-127000
="074349",0,14000,-14000
="074350",35000,90000,-55000
="074351",25000,0,25000
="074352",35000,151000,-116000
="074353",10000,70000,-60000
="074354",109000,87000,22000
="074378",0,5000,-5000
="074446",0,60000,-60000
="074447",1000,50000,-49000
="074450",0,39000,-39000
="074451",1000,0,1000
="074452",114000,0,114000
="074453",89000,250000,-161000
="074454",0,15000,-15000
="074455",10000,10000,0
="074495",42000,0,42000
="074499",5000,5000,0
="074535",0,15000,-15000
="074681",0,4000,-4000
="074684",20000,0,20000
="074685",0,5000,-5000
="074686",40000,0,40000
="074687",21000,34000,-13000
="074690",1000,0,1000
="074786",42000,0,42000
="074787",86000,0,86000
="074789",20000,21000,-1000
="074790",10000,18000,-8000
="074791",1000,39000,-38000
="074792",33000,1000,32000
="074794",226000,0,226000
="074795",14000,7000,7000
="074796",159000,6000,153000
="074802",46000,38000,8000
="074803",5000,10000,-5000
="074804",126000,0,126000
="074806",40000,20000,20000
="074807",58000,55000,3000
="074809",0,40000,-40000
="074810",45000,5000,40000
="074811",10000,0,10000
="074812",72000,0,72000
="074814",2000,0,2000
="074819",65000,125000,-60000
="074860",10000,0,10000
="074896",15000,1000,14000
="074897",0,899000,-899000
="074900",3000,0,3000
="074901",31000,0,31000
="074902",0,53000,-53000
="074903",457000,0,457000
="074906",55000,20000,35000
="074908",68000,24000,44000
="075049",622000,14000,608000
="075051",394000,57000,337000
="075052",0,12000,-12000
="075054",103000,0,103000
="075167",49000,0,49000
="075168",324000,129000,195000
="075171",1000,0,1000
="075172",10000,100000,-90000
="075174",26000,64000,-38000
="075243",0,24000,-24000
="075245",151000,58000,93000
="075396",93000,207000,-114000
="075399",33000,1000,32000
="075400",7000,0,7000
="075401",41000,30000,11000
="075402",5000,5000,0
="075404",37000,16000,21000
="075405",101000,0,101000
="075408",337000,0,337000
="075410",47000,0,47000
="075517",21000,15000,6000
="075534",1000,6000,-5000
="075641",125000,0,125000
="075642",15000,135000,-120000
="075693",40000,0,40000
="075694",40000,0,40000
="075697",18000,5000,13000
="075698",97000,158000,-61000
="075700",20000,10000,10000
="075701",0,25000,-25000
="075827",10000,0,10000
="075828",13000,70000,-57000
="075829",347000,0,347000
="075831",0,4000,-4000
="075840",0,325000,-325000
="075886",520000,0,520000
="075964",46000,0,46000
="075965",158000,0,158000
="075966",4000,26000,-22000
="075968",11000,4000,7000
="075969",44000,11000,33000
="075970",205000,171000,34000
="075971",91000,70000,21000
="076055",4000,5000,-1000
="076059",0,20000,-20000
="076061",29000,0,29000
="076062",30000,0,30000
="076064",890000,5000,885000
="076182",31000,2000,29000
="076289",196000,0,196000
="076290",100000,24000,76000
="076292",448000,84000,364000
="076405",30000,0,30000
="076406",3000,0,3000
="076410",2000,10000,-8000
="076411",181000,102000,79000
="076414",46000,0,46000
="076416",573000,25000,548000
="076417",48000,56000,-8000
="076418",647000,580000,67000
="076420",10000,0,10000
="076421",126000,0,126000
="076550",101000,0,101000
="076551",44000,62000,-18000
="076652",0,100000,-100000
="076653",393000,4000,389000
="076654",142000,60000,82000
="076655",25000,30000,-5000
="076675",0,4000,-4000
="076743",970000,0,970000
="076772",0,10000,-10000
="076777",84000,0,84000
="076912",210000,0,210000
="076914",0,32000,-32000
="076917",0,9000,-9000
="076921",0,51000,-51000
="076962",80000,0,80000
="077060",0,1000,-1000
="077061",0,80000,-80000
="077064",0,30000,-30000
="077065",54000,1000,53000
="077066",65000,0,65000
="077067",63000,0,63000
="077068",10000,0,10000
="077069",40000,3000,37000
="077103",71000,44000,27000
="077105",16000,10000,6000
="077108",9000,8000,1000
="077109",130000,214000,-84000
="077110",0,473000,-473000
="077217",20000,0,20000
="077275",50000,0,50000
="077276",825000,45000,780000
="077277",2000,0,2000
="077278",4000,3000,1000
="077280",0,315000,-315000
="077281",101000,11000,90000
="077332",0,24000,-24000
="077412",0,5000,-5000
="077457",2000,0,2000
="077585",998000,17000,981000
="077586",18000,5000,13000
="077587",7000,20000,-13000
="077591",22000,19000,3000
="077593",18000,0,18000
="077594",91000,0,91000
="077595",8000,10000,-2000
="077646",42000,30000,12000
="077647",50000,6000,44000
="077648",0,57000,-57000
="077649",45000,32000,13000
="077652",125000,86000,39000
="077654",0,33000,-33000
="077655",51000,3000,48000
="077656",18000,9000,9000
="077658",0,33000,-33000
="077659",0,41000,-41000
="077810",154000,17000,137000
="077811",264000,80000,184000
="077812",10000,51000,-41000
="077941",147000,1000,146000
="077942",442000,129000,313000
="077944",922000,619000,303000
="077945",177000,2000,175000
="077946",68000,140000,-72000
="078019",10000,0,10000
="078038",5000,7000,-2000
="078039",0,90000,-90000
="078087",25000,4000,21000
="078088",182000,0,182000
="078090",36000,0,36000
="078091",21000,0,21000
="078093",179000,0,179000
="078095",11000,20000,-9000
="078096",0,21000,-21000
="078097",10000,7000,3000
="078098",121000,0,121000
="078099",89000,20000,69000
="078128",0,2000,-2000
="078374",0,15000,-15000
="078463",8000,15000,-7000
="078464",1000,0,1000
="078465",0,4000,-4000
="078466",176000,138000,38000
="078468",23000,5000,18000
="078469",323000,65000,258000
="078470",49000,122000,-73000
="078474",558000,42000,516000
="078475",40000,3000,37000
="078476",45000,0,45000
="078477",0,55000,-55000
="078615",0,9000,-9000
="078718",45000,259000,-214000
="078719",5000,0,5000
="078720",4000,33000,-29000
="078721",1013000,225000,788000
="078722",30000,0,30000
="078724",1064000,84000,980000
="078725",26000,0,26000
="078727",306000,18000,288000
="078845",17000,0,17000
="078846",0,26000,-26000
="078848",2801000,854000,1947000
="078849",26000,31000,-5000
="078850",49000,1000,48000
="078851",76000,5000,71000
="078853",73000,47000,26000
="078854",123000,158000,-35000
="078856",29000,77000,-48000
="078857",7000,0,7000
="078885",0,14000,-14000
="078943",31000,41000,-10000
="078944",47000,10000,37000
="078945",532000,13000,519000
="078946",215000,76000,139000
="078947",10000,84000,-74000
="078949",362000,10000,352000
="079090",2000,50000,-48000
="079091",312000,0,312000
="079286",0,118000,-118000
="079287",105000,0,105000
="079288",47000,41000,6000
="079289",67000,0,67000
="079290",7000,30000,-23000
="079291",30000,0,30000
="079425",247000,31000,216000
="079426",178000,72000,106000
="079427",30000,165000,-135000
="079428",32000,0,32000
="079429",125000,26000,99000
="079430",9000,11000,-2000
="079431",26000,0,26000
="079433",17000,0,17000
="079434",15000,10000,5000
="079435",76000,106000,-30000
="079457",20000,403000,-383000
="079582",50000,0,50000
="079583",74000,10000,64000
="079586",0,11000,-11000
="079626",0,10000,-10000
="079727",65000,495000,-430000
="079728",222000,20000,202000
="079729",76000,10000,66000
="079730",109000,17000,92000
="079731",148000,0,148000
="079732",4000,61000,-57000
="079734",1000,0,1000
="079735",0,1000,-1000
="079736",234000,80000,154000
="079737",207000,210000,-3000
="079739",0,3000,-3000
="079740",378000,35000,343000
="079741",20000,244000,-224000
="079742",363000,54000,309000
="079743",27000,21000,6000
="079744",48000,0,48000
="079745",128000,30000,98000
="079868",61000,67000,-6000
="079871",0,989000,-989000
="079873",22000,0,22000
="079878",72000,86000,-14000
="079932",5000,0,5000
="079961",6000,0,6000
="079979",0,2000,-2000
="079980",52000,0,52000
="079981",5000,158000,-153000
="079982",110000,175000,-65000
="079983",39000,31000,8000
="079984",91000,20000,71000
="079985",104000,64000,40000
="080033",10000,0,10000
="080161",31000,0,31000
="080162",154000,26000,128000
="080163",36000,51000,-15000
="080164",50000,0,50000
="080166",237000,0,237000
="080167",149000,0,149000
="080168",156000,10000,146000
="080170",105000,65000,40000
="080171",56000,0,56000
="080175",3000,28000,-25000
="080176",63000,87000,-24000
="080177",21000,0,21000
="080181",2999000,36000,2963000
="080183",100000,0,100000
="080184",20000,30000,-10000
="080185",10000,0,10000
="080186",4000,40000,-36000
="080205",0,72000,-72000
="080316",0,1447000,-1447000
="080342",66000,0,66000
="080343",196000,4000,192000
="080344",144000,90000,54000
="080345",45000,104000,-59000
="080346",0,20000,-20000
="080348",0,5000,-5000
="080349",96000,77000,19000
="080351",222000,128000,94000
="080352",20000,418000,-398000
="080389",2000,0,2000
="080537",48000,0,48000
="080540",0,28000,-28000
="080541",45000,95000,-50000
="080542",0,2000,-2000
="080544",24000,0,24000
="080545",197000,190000,7000
="080546",54000,32000,22000
="080547",5000,10000,-5000
="080594",20000,247000,-227000
="080595",0,55000,-55000
="080596",90000,48000,42000
="080597",30000,0,30000
="080598",41000,16000,25000
="080599",0,17000,-17000
="080600",114000,63000,51000
="080601",0,5000,-5000
="080602",5000,75000,-70000
="080603",37000,30000,7000
="080604",15000,10000,5000
="080696",40000,0,40000
="080728",53000,0,53000
="080844",64000,0,64000
="080846",0,1259000,-1259000
="080857",0,15000,-15000
="080860",51000,100000,-49000
="080861",87000,99000,-12000
="080864",385000,136000,249000
="080867",71000,4000,67000
="080868",290000,295000,-5000
="080869",90000,8000,82000
="080870",250000,30000,220000
="080879",20000,0,20000
="081014",0,47000,-47000
="081017",0,5000,-5000
="081018",5000,10000,-5000
="081019",36000,0,36000
="081020",319000,124000,195000
="081021",20000,0,20000
="081024",266000,62000,204000
="081025",6000,0,6000
="081130",4000,0,4000
="081213",56000,0,56000
="081214",146000,41000,105000
="081216",29000,33000,-4000
="081217",41000,34000,7000
="081218",160000,795000,-635000
="081219",10000,103000,-93000
="081220",50000,5000,45000
="081221",59000,179000,-120000
="081222",180000,368000,-188000
="081223",0,60000,-60000
="081224",0,2425000,-2425000
="081225",387000,681000,-294000
="081226",10000,77000,-67000
="081227",0,2000,-2000
="081231",3000,10000,-7000
="081233",197000,0,197000
="081234",410000,87000,323000
="081235",80000,10000,70000
="081236",5000,5000,0
="081270",0,22000,-22000
="081271",0,5000,-5000
="081272",30000,0,30000
="081274",0,93000,-93000
="081276",122000,0,122000
="081278",174000,455000,-281000
="081279",0,1000,-1000
="081281",95000,0,95000
="081282",4000,0,4000
="081283",210000,0,210000
="081285",99000,12000,87000
="081286",0,20000,-20000
="081287",123000,141000,-18000
="081289",128000,508000,-380000
="081428",400000,5000,395000
="081429",0,223000,-223000
="081430",0,10000,-10000
="081431",0,5000,-5000
="081434",101000,0,101000
="081435",10000,10000,0
="081436",82000,683000,-601000
="081438",143000,82000,61000
="081439",85000,51000,34000
="081440",77000,57000,20000
="081441",10000,0,10000
="081442",15000,15000,0
="081443",441000,269000,172000
="081444",5000,10000,-5000
="081446",25000,13000,12000
="081447",59000,5000,54000
="081448",5000,0,5000
="081449",35000,0,35000
="081450",41000,340000,-299000
="081451",206000,215000,-9000
="081452",0,29000,-29000
="081562",0,10000,-10000
="081707",0,89000,-89000
="081708",0,173000,-173000
="081709",642000,109000,533000
="081710",182000,417000,-235000
="081711",433000,1477000,-1044000
="081712",277000,2601000,-2324000
="081713",13000,20000,-7000
="081715",92000,340000,-248000
="081716",0,14000,-14000
="081717",67000,124000,-57000
="081718",149000,125000,24000
="081719",38000,32000,6000
="081720",54000,255000,-201000
="081721",157000,256000,-99000
="081722",293000,515000,-222000
="081723",2294000,962000,1332000
="081724",277000,212000,65000
="081725",218000,482000,-264000
="081726",95000,0,95000
="081727",96000,77000,19000
="081816",0,250000,-250000
="081841",0,120000,-120000
="081864",975000,0,975000
="081865",699000,0,699000
="081944",0,15000,-15000
="081945",737000,478000,259000
="081946",175000,119000,56000
="081947",114000,73000,41000
="081948",0,29000,-29000
="081950",105000,0,105000
="081951",96000,100000,-4000
="081952",0,11000,-11000
="081953",1000,0,1000
="081954",5000,0,5000
="081955",4000,0,4000
="081956",0,2180000,-2180000
="081957",0,5000,-5000
="081958",39000,387000,-348000
="081959",392000,278000,114000
="082000",0,8000,-8000
="082016",110000,0,110000
="082051",0,1000,-1000
="082101",0,20000,-20000
="082122",143000,0,143000
="082123",316000,0,316000
="082124",200000,1361000,-1161000
="082126",101000,0,101000
="082127",2000,119000,-117000
="082128",2438000,1682000,756000
="082129",586000,66000,520000
="082130",830000,10165000,-9335000
="082131",494000,94000,400000
="082132",59000,425000,-366000
="082133",111000,27000,84000
="082134",33000,2000,31000
="082135",2000,0,2000
="082136",310000,20000,290000
="082137",188000,195000,-7000
="082138",77000,46000,31000
="082140",127000,139000,-12000
="082141",2000,6000,-4000
="082142",109000,0,109000
="082143",5000,100000,-95000
="082144",708000,723000,-15000
="082145",731000,1050000,-319000
="082205",3000,0,3000
="082206",21000,0,21000
="082306",315000,135000,180000
="082314",0,3000,-3000
="082315",58000,597000,-539000
="082318",2000,109000,-107000
="082319",3788000,873000,2915000
="082320",198000,412000,-214000
="082321",508000,143000,365000
="082322",12000,0,12000
="082324",0,152000,-152000
="082325",185000,199000,-14000
="082326",23000,61000,-38000
="082327",72000,0,72000
="082328",1000,0,1000
="082330",111000,78000,33000
="082331",2000,0,2000
="082332",2000,28000,-26000
="082333",1000,0,1000
="082334",14000,0,14000
="082335",14000,0,14000
="082336",400000,30000,370000
="082337",57000,23000,34000
="082338",10000,63000,-53000
="082339",157000,0,157000
="082350",0,10000,-10000
="082395",1000,0,1000
="082410",0,10000,-10000
="082475",279000,0,279000
="082476",0,10000,-10000
="082477",15000,76000,-61000
="082478",91000,59000,32000
="082479",2000,92000,-90000
="082480",0,100000,-100000
="082481",2284000,2305000,-21000
="082482",2672000,985000,1687000
="082483",409000,110000,299000
="082484",155000,1000,154000
="082486",885000,506000,379000
="082487",379000,373000,6000
="082488",1334000,1578000,-244000
="082490",119000,28000,91000
="082491",100000,165000,-65000
="082492",2613000,25000,2588000
="082493",180000,56000,124000
="082494",441000,683000,-242000
="082495",634000,949000,-315000
="082496",134000,10000,124000
="082497",2000,0,2000
="082498",0,1000,-1000
="082499",112000,535000,-423000
="082500",123000,0,123000
="082501",224000,20000,204000
="082502",348000,75000,273000
="082503",9000,132000,-123000
="082555",0,50000,-50000
="082557",0,16000,-16000
="082558",560000,515000,45000
="082559",0,3000,-3000
="082560",1401000,1655000,-254000
="082561",265000,715000,-450000
="082562",129000,149000,-20000
="082563",108000,676000,-568000
="082564",1600000,349000,1251000
="082565",100000,35000,65000
="082567",19000,0,19000
="082568",171000,12000,159000
="082569",34000,16000,18000
="082573",100000,1000,99000
="082574",527000,536000,-9000
="082575",684000,145000,539000
="082576",355000,186000,169000
="082577",81000,0,81000
="082578",1000,131000,-130000
="082595",10000,0,10000
="082640",0,3000,-3000
="082643",5000,0,5000
="082661",70000,0,70000
="082749",15000,56000,-41000
="082750",1000,86000,-85000
="082751",92000,2000,90000
="082752",12000,0,12000
="082753",60000,30000,30000
="082754",588000,301000,287000
="082755",50000,554000,-504000
="082756",9000,5000,4000
="082757",65000,66000,-1000
="082758",18000,0,18000
="082760",53000,31000,22000
="082761",120000,0,120000
="082762",0,10000,-10000
="082763",0,40000,-40000
="082764",10000,30000,-20000
="082765",15000,10000,5000
="082766",0,23000,-23000
="082767",5000,2000,3000
="082768",887000,523000,364000
="082770",475000,52000,423000
="082771",60000,33000,27000
="082772",0,142000,-142000
="082773",115000,808000,-693000
="082774",80000,400000,-320000
="082775",72000,32000,40000
="082776",21000,2000,19000
="082784",71000,513000,-442000
="082785",193000,573000,-380000
="082789",110000,0,110000
="082798",25000,145000,-120000
="082799",30000,106000,-76000
="082835",4000,0,4000
="082883",50000,100000,-50000
="082923",0,2000,-2000
="082925",265000,665000,-400000
="082926",20000,0,20000
="082928",234000,0,234000
="082929",19000,76000,-57000
="082933",450000,119000,331000
="082934",0,318000,-318000
="082937",116000,62000,54000
="082994",0,100000,-100000
="083034",5000,0,5000
="083035",3000,20000,-17000
="083045",25000,100000,-75000
="083061",117000,0,117000
="083196",0,100000,-100000
="083197",338000,766000,-428000
="083198",0,111000,-111000
="083199",262000,1348000,-1086000
="083201",34000,3000,31000
="083202",55000,60000,-5000
="083203",115000,106000,9000
="083204",296000,424000,-128000
="083205",0,1613000,-1613000
="083206",226000,610000,-384000
="083207",1208000,3039000,-1831000
="083208",156000,651000,-495000
="083209",125000,105000,20000
="083210",111000,173000,-62000
="083211",5000,5000,0
="083212",11000,316000,-305000
="083213",315000,60000,255000
="083214",0,10000,-10000
="083215",67000,70000,-3000
="083216",200000,251000,-51000
="083217",2000,21000,-19000
="083218",10000,0,10000
="083219",0,145000,-145000
="083220",8000,0,8000
="083254",200000,0,200000
="083319",100000,0,100000
="083326",159000,70000,89000
="083327",595000,365000,230000
="083328",491000,25000,466000
="083329",66000,10000,56000
="083330",20000,34000,-14000
="083331",49000,20000,29000
="083335",0,20000,-20000
="083336",1645000,1272000,373000
="083338",108000,40000,68000
="083339",295000,23000,272000
="083340",140000,208000,-68000
="083341",60000,266000,-206000
="083342",0,393000,-393000
="083343",115000,0,115000
="083344",53000,0,53000
="083345",20000,110000,-90000
="083346",0,38000,-38000
="083347",1000,2000,-1000
="083349",0,56000,-56000
="083350",20000,29000,-9000
="083429",1200000,0,1200000
="083460",9000,299000,-290000
="083461",50000,30000,20000
="083462",98000,340000,-242000
="083463",747000,516000,231000
="083464",187000,710000,-523000
="083465",112000,125000,-13000
="083466",0,38000,-38000
="083467",152000,35000,117000
="083470",98000,0,98000
="083471",50000,178000,-128000
="083472",10000,81000,-71000
="083473",0,10000,-10000
="083475",9000,0,9000
="083476",160000,964000,-804000
="083477",0,3000,-3000
="083478",118000,125000,-7000
="083479",50000,5000,45000
="083480",94000,446000,-352000
="083665",0,35000,-35000
="083666",2000,34000,-32000
="083668",0,391000,-391000
="083670",0,8000,-8000
="083671",50000,10000,40000
="083672",0,145000,-145000
="083673",200000,62000,138000
="083674",20000,59000,-39000
="083675",50000,205000,-155000
="083677",0,70000,-70000
="083678",1000,323000,-322000
="083679",0,10000,-10000
="083681",44000,2000,42000
="083682",206000,63000,143000
="083684",26000,6000,20000
="083685",0,21000,-21000
="083687",10000,21000,-11000
="083688",0,70000,-70000
="083787",0,206000,-206000
="083788",0,856000,-856000
="083789",0,252000,-252000
="083792",0,335000,-335000
="083793",0,100000,-100000
="1101",109000,1101000,-992000
="1102",61000,3000,58000
="1103",1000,0,1000
="1109",5000,0,5000
="1210",12000,6000,6000
="1216",1000,260000,-259000
="1218",0,2000,-2000
="1219",8000,8000,0
="1227",2000,4000,-2000
="1229",1000,0,1000
="1259",1000,0,1000
="1301",19000,8000,11000
="1303",3000,0,3000
="1304",0,181000,-181000
="1305",3000,10000,-7000
="1308",2000,2000,0
="1309",8050,0,8050
="1310",1030,0,1030
="1312",2000,125000,-123000
="1313",6000,22000,-16000
="1314",12000,70000,-58000
="1315",0,57,-57
="1316",0,8000,-8000
="1325",54000,15000,39000
="1326",15000,0,15000
="1337",7000,0,7000
="1402",11000,13000,-2000
="1409",0,1000,-1000
="1414",2000,2000,0
="1416",2046,0,2046
="1434",47,0,47
="1441",1000,1000,0
="1444",5000,3000,2000
="1446",1000,0,1000
="1456",9000,5000,4000
="1464",1000,0,1000
="1465",38,0,38
="1466",0,5000,-5000
="1473",1000,30,970
="1476",25000,13000,12000
="1477",7000,8000,-1000
="1504",3000,0,3000
="1513",20000,150000,-130000
="1515",0,10000,-10000
="1517",0,1000,-1000
="1519",4000,19000,-15000
="1524",89000,96000,-7000
="1525",2000,0,2000
="1526",2000,0,2000
="1527",1001,0,1001
="1528",1000,0,1000
="1533",51000,57000,-6000
="1536",89000,35000,54000
="1568",5000,1000,4000
="1587",0,7000,-7000
="1590",5000,2000,3000
="1593",23000,24000,-1000
="1597",53500,71144,-17644
="1598",0,3000,-3000
="1599",3000,3000,0
="1604",1,0,1
="1605",13000,42000,-29000
="1609",3000,21000,-18000
="1612",2000,2000,0
="1614",4000,0,4000
="1618",3000,0,3000
="1701",2100,0,2100
="1702",54000,0,54000
="1708",1,0,1
="1714",1000,0,1000
="1717",0,1000,-1000
="1718",3100,0,3100
="1720",0,1000,-1000
="1722",2000,20000,-18000
="1732",288000,360000,-72000
="1734",1000,0,1000
="1736",2000,13000,-11000
="1737",1,0,1
="1752",2000,0,2000
="1760",4000,4000,0
="1762",5000,0,5000
="1773",0,3000,-3000
="1781",0,45000,-45000
="1785",30000,126000,-96000
="1796",1000,0,1000
="1802",3180,95000,-91820
="1904",1000,16000,-15000
="1905",0,11000,-11000
="1907",1000,4000,-3000
="1909",36000,48000,-12000
="2002",4000,46000,-42000
="2006",500000,0,500000
="2007",1000,224000,-223000
="2008",4000,3000,1000
="2009",10000,6000,4000
="2010",100000,0,100000
="2013",0,1000,-1000
="2014",101000,132000,-31000
="2015",29000,2000,27000
="2022",3000,0,3000
="2023",0,2000,-2000
="2027",26000,109000,-83000
="2028",8000,5000,3000
="2031",0,3000,-3000
="2034",0,15000,-15000
="2038",81000,79000,2000
="2049",23000,22000,1000
="2061",1000,0,1000
="2064",1000,0,1000
="2065",20000,0,20000
="2101",0,2000,-2000
="2104",1,0,1
="2105",8000,1000,7000
="2106",4000,0,4000
="2108",84060,102000,-17940
="2109",0,10000,-10000
="2201",12100,0,12100
="2204",2000,0,2000
="2206",1000,1000,0
="2207",1000,0,1000
="2208",1500,0,1500
="2228",5000,0,5000
="2231",8000,28000,-20000
="2241",0,1000,-1000
="2301",574000,95826,478174
="2303",1587210,3935982,-2348772
="2308",23179,96000,-72821
="2312",25000,0,25000
="2313",91000,130000,-39000
="2314",23000,3000,20000
="2317",1099068,628119,470949
="2323",10228,4000,6228
="2324",7000,5000,2000
="2327",68270,90315,-22045
="2328",147001,94050,52951
="2329",52000,1000,51000
="2330",392338,331790,60548
="2331",59000,98000,-39000
="2332",18000,9000,9000
="2337",310130,329000,-18870
="2338",0,20000,-20000
="2340",23000,60000,-37000
="2342",13000,3000,10000
="2344",527090,1133000,-605910
="2345",69000,13000,56000
="2348",2000,4000,-2000
="2351",75000,73001,1999
="2352",76001,272000,-195999
="2353",152001,21000,131001
="2354",71000,115000,-44000
="2355",0,1100,-1100
="2356",3000,12000,-9000
="2357",13000,54000,-41000
="2359",26000,1000,25000
="2360",68000,20000,48000
="2363",21010,2000,19010
="2367",8000,102000,-94000
="2368",69000,114000,-45000
="2369",2000,32000,-30000
="2371",503001,305000,198001
="2375",340000,89000,251000
="2376",4000,156000,-152000
="2377",14000,27000,-13000
="2379",19002,105100,-86098
="2380",4,0,4
="2382",3000,2000,1000
="2383",12000,18000,-6000
="2385",100000,0,100000
="2387",111015,169000,-57985
="2388",5000,7000,-2000
="2390",2000,0,2000
="2392",1000,62000,-61000
="2393",8000,15000,-7000
="2395",0,1000,-1000
="2399",2000,0,2000
="2401",326000,332000,-6000
="2402",3000,2000,1000
="2404",2700,6000,-3300
="2408",79000,35000,44000
="2409",3179000,1611000,1568000
="2412",4100,0,4100
="2413",9000,7000,2000
="2415",5000,12000,-7000
="2417",129000,257000,-128000
="2419",1,0,1
="2421",2000,2000,0
="2426",35000,40000,-5000
="2428",5000,2000,3000
="2430",1,0,1
="2436",30000,31000,-1000
="2439",0,4000,-4000
="2440",14000,0,14000
="2441",10000,47000,-37000
="2442",8000,2000,6000
="2449",419000,487000,-68000
="2451",0,180000,-180000
="2454",36370,287001,-250631
="2455",45000,17000,28000
="2456",41100,35000,6100
="2457",31001,16000,15001
="2458",69000,128000,-59000
="2460",4000,3000,1000
="2461",0,1000,-1000
="2464",0,12000,-12000
="2465",0,2000,-2000
="2467",107000,1000,106000
="2471",51000,7000,44000
="2472",0,4000,-4000
="2474",11000,4000,7000
="2476",22000,26000,-4000
="2478",4025,7000,-2975
="2480",0,4000,-4000
="2481",36000,25000,11000
="2484",1000,4000,-3000
="2485",100,0,100
="2491",19000,16000,3000
="2492",41764,41000,764
="2493",0,1000,-1000
="2497",35000,31000,4000
="2498",4150,70000,-65850
="2501",1000,0,1000
="2504",160000,0,160000
="2505",0,21181,-21181
="2515",30050,30000,50
="2520",2000,5000,-3000
="2524",0,14000,-14000
="2534",1430,1000,430
="2535",10002,2000,8002
="2538",30000,0,30000
="2540",7000,0,7000
="2542",0,8000,-8000
="2546",1000,1000,0
="2547",1000,0,1000
="2548",0,1000,-1000
="2601",0,10000,-10000
="2603",1651000,4262000,-2611000
="2605",2000,11000,-9000
="2606",1000,0,1000
="2607",7120,3000,4120
="2609",1750000,3182000,-1432000
="2610",15300,24000,-8700
="2611",2000,2000,0
="2613",1000,0,1000
="2615",54000,151000,-97000
="2617",1000,6000,-5000
="2618",0,1000,-1000
="2633",2000,8000,-6000
="2634",5259,0,5259
="2637",1100,0,1100
="2707",50,0,50
="2727",7000,4000,3000
="2729",0,1000,-1000
="2732",1000,0,1000
="2754",3000,2000,1000
="2812",48,3000,-2952
="2820",5000,0,5000
="2823",2500,102000,-99500
="2832",5000,0,5000
="2834",2000,0,2000
="2841",1071,0,1071
="2845",10000,0,10000
="2851",7000,0,7000
="2855",7000,20000,-13000
="2867",0,3000,-3000
="2880",1,6000,-5999
="2881",6000,93000,-87000
="2881A",23000,500000,-477000
="2882",24100,58000,-33900
="2883",14000,26000,-12000
="2884",19471,24020,-4549
="2885",7100,593000,-585900
="2886",1100,0,1100
="2887",16000,0,16000
="2887F",16000,0,16000
="2888",12000,89000,-77000
="2890",20000,0,20000
="2891",17101,83000,-65899
="2892",7200,0,7200
="2897",310000,3000,307000
="2911",1000,1000,0
="2912",100,0,100
="2915",21000,0,21000
="3003",24000,96000,-72000
="3006",39000,461000,-422000
="3008",3014,4045,-1031
="3010",13100,192000,-178900
="3011",0,12000,-12000
="3014",1000,200000,-199000
="3015",10000,10000,0
="3016",28072,6000,22072
="3017",25200,14500,10700
="3018",2100,2000,100
="3019",18005,2000,16005
="3022",0,1000,-1000
="3024",0,2000,-2000
="3026",1000,388,612
="3027",393,0,393
="3029",1,0,1
="3034",108000,103000,5000
="3035",98001,138000,-39999
="3036",1001,0,1001
="3036A",0,1000,-1000
="3037",413000,349500,63500
="3041",1100,4000,-2900
="3042",304000,495000,-191000
="3043",1000,0,1000
="3044",0,239000,-239000
="3045",3000,3000,0
="3047",0,2000,-2000
="3048",3000,5000,-2000
="3051",100500,0,100500
="3057",1001,1000,1
="3058",213000,143000,70000
="3059",10000,11000,-1000
="3060",100,1000,-900
="3062",0,17000,-17000
="3066",1000,0,1000
="3071",6000,0,6000
="3078",22000,39000,-17000
="3081",1000,0,1000
="3083",1000,1000,0
="3090",5000,0,5000
="3092",20000,27000,-7000
="3094",9000,6000,3000
="3105",27005,65000,-37995
="3114",2000,0,2000
="3131",14000,1000,13000
="3138",5,7000,-6995
="3141",0,7000,-7000
="3149",1000,1000,0
="3152",18000,13000,5000
="3164",1025,992,33
="3169",12000,24000,-12000
="3178",37000,19000,18000
="3189",144000,70000,74000
="3206",14000,0,14000
="3209",1000,7000,-6000
="3211",2655,0,2655
="3217",2000,2000,0
="3218",0,16000,-16000
="3227",15000,47000,-32000
="3228",10100,78000,-67900
="3230",0,5000,-5000
="3231",15000,25400,-10400
="3234",1,0,1
="3236",1000,0,1000
="3257",0,3000,-3000
="3260",54270,66000,-11730
="3264",135001,35000,100001
="3272",21000,19000,2000
="3287",27000,80000,-53000
="3289",10000,7000,3000
="3293",23000,13000,10000
="3305",1000,0,1000
="3312",20000,0,20000
="3322",0,7000,-7000
="3323",3000,6000,-3000
="3324",22000,35000,-13000
="3325",1000,0,1000
="3346",0,3000,-3000
="3356",0,10000,-10000
="3362",3000,3000,0
="3363",2000,0,2000
="3373",0,4000,-4000
="3374",1072420,267060,805360
="3376",1000,11000,-10000
="3383",1000,0,1000
="3390",1,0,1
="3406",20000,24000,-4000
="3413",21000,177000,-156000
="3419",0,5000,-5000
="3437",11100,27000,-15900
="3438",41000,41000,0
="3443",33000,38000,-5000
="3454",3000,0,3000
="3455",3001,0,3001
="3466",1082,1000,82
="3479",10000,0,10000
="3481",3234100,1277000,1957100
="3483",2000,158000,-156000
="3484",1055,33000,-31945
="3490",0,1000,-1000
="3491",1000,0,1000
="3498",0,4000,-4000
="3512",2000,0,2000
="3515",2000,4000,-2000
="3516",10000,5000,5000
="3522",1000,0,1000
="3526",7000,17000,-10000
="3527",8000,2000,6000
="3530",1000,0,1000
="3532",11000,13000,-2000
="3533",0,2000,-2000
="3540",0,1000,-1000
="3545",18000,31000,-13000
="3546",1000,8000,-7000
="3548",6000,6000,0
="3551",0,2000,-2000
="3552",251020,159159,91861
="3557",17000,0,17000
="3563",2000,0,2000
="3567",0,11000,-11000
="3576",12350,8000,4350
="3583",1000,2000,-1000
="3587",7000,30000,-23000
="3588",10000,9364,636
="3593",1,0,1
="3594",30,0,30
="3596",5000,26000,-21000
="3605",19000,1000,18000
="3625",11000,102000,-91000
="3630",0,1000,-1000
="3645",8000,0,8000
="3653",2000,8000,-6000
="3661",35000,56000,-21000
="3665",151000,35000,116000
="3666",1000,6000,-5000
="3669",521000,110000,411000
="3673",0,10000,-10000
="3675",0,3000,-3000
="3682",6000,65000,-59000
="3686",0,1000,-1000
="3687",0,1000,-1000
="3691",0,19000,-19000
="3694",21000,1000,20000
="3702",167001,103000,64001
="3703",26000,10000,16000
="3704",9000,72000,-63000
="3706",5000,0,5000
="3707",73000,21000,52000
="3708",2000,10000,-8000
="3711",99500,475035,-375535
="3714",34001,122050,-88049
="4102",0,38000,-38000
="4105",5000,0,5000
="4108",5000,87000,-82000
="4111",1170,0,1170
="4114",32060,96000,-63940
="4119",3000,2000,1000
="4123",0,26000,-26000
="4128",5001,1000,4001
="4130",2170,3000,-830
="4133",1020,2000,-980
="4137",0,3000,-3000
="4142",12075,8000,4075
="4152",3000,0,3000
="4157",0,1000,-1000
="4160",1022,4000,-2978
="4162",0,45000,-45000
="4163",0,1000,-1000
="4164",2000,0,2000
="4167",30000,2000,28000
="4171",5000,8000,-3000
="4173",0,3000,-3000
="4303",2000,0,2000
="4414",2000,0,2000
="4420",1020,911,109
="4438",0,20000,-20000
="4510",1000,0,1000
="4532",0,1000,-1000
="4533",0,109,-109
="4540",291000,61000,230000
="4551",13000,18000,-5000
="4576",15015,32000,-16985
="4702",8000,10000,-2000
="4707",50,0,50
="4721",1000,0,1000
="4722",1000,1000,0
="4728",0,1000,-1000
="4736",0,3000,-3000
="4743",1680,8722,-7042
="4760",2000,2000,0
="4763",0,1000,-1000
="4904",1000,0,1000
="4906",6000,0,6000
="4912",0,20000,-20000
="4915",40000,123000,-83000
="4919",3000,6000,-3000
="4927",63000,30000,33000
="4931",0,2000,-2000
="4935",0,11000,-11000
="4938",82050,34600,47450
="4942",6000,0,6000
="4943",3000,37000,-34000
="4946",1000,0,1000
="4950",7000,0,7000
="4952",100,1000,-900
="4956",1000,4000,-3000
="4958",428850,929000,-500150
="4961",79160,35500,43660
="4966",25000,2000,23000
="4967",10000,5000,5000
="4968",52020,135000,-82980
="4971",7000,0,7000
="4974",1000,1000,0
="4976",107000,85000,22000
="4977",1000,1000,0
="4979",1,0,1
="4989",11000,38000,-27000
="5011",29000,21150,7850
="5014",7000,18000,-11000
="5215",1000,1000,0
="5220",0,1000,-1000
="5223",17000,53000,-36000
="5227",4,12000,-11996
="5243",21000,31000,-10000
="5251",40,0,40
="5269",22000,24000,-2000
="5276",0,3000,-3000
="5278",0,2000,-2000
="5285",0,4000,-4000
="5289",5000,7000,-2000
="5299",3000,0,3000
="5306",150,5000,-4850
="5309",21001,43000,-21999
="5328",2000,0,2000
="5340",0,10000,-10000
="5347",264000,70000,194000
="5351",3000,3000,0
="5356",1,0,1
="5364",1000,0,1000
="5371",270000,1000,269000
="5386",27000,103000,-76000
="5388",0,2000,-2000
="5425",14000,9000,5000
="5426",46,0,46
="5434",177,5000,-4823
="5438",1,0,1
="5443",5000,11000,-6000
="5469",11000,2000,9000
="5471",439000,73100,365900
="5478",2000,0,2000
="5483",68100,81025,-12925
="5484",0,133000,-133000
="5488",0,38000,-38000
="5529",0,7000,-7000
="5531",1000,0,1000
="5608",37001,0,37001
="5706",2000,0,2000
="5871",5020,0,5020
="5876",3000,1000,2000
="5880",19100,11000,8100
="6005",0,3000,-3000
="6015",39000,12000,27000
="6024",110,0,110
="6104",0,15000,-15000
="6108",0,2000,-2000
="6113",100,0,100
="6116",346010,199000,147010
="6118",11000,12000,-1000
="6123",1000,0,1000
="6125",3000,110000,-107000
="6126",53000,62000,-9000
="6127",1000,6000,-5000
="6129",2000,3000,-1000
="6136",1000,0,1000
="6139",2000,10000,-8000
="6143",1000,3000,-2000
="6146",1000,0,1000
="6147",6000,9000,-3000
="6150",12015,76045,-64030
="6152",5000,0,5000
="6153",11050,58000,-46950
="6155",12000,9000,3000
="6161",220,0,220
="6164",1,0,1
="6165",1,0,1
="6167",1000,0,1000
="6168",16000,0,16000
="6173",1000,0,1000
="6175",0,10000,-10000
="6176",37000,19000,18000
="6180",3000,0,3000
="6182",82000,33000,49000
="6187",106000,145000,-39000
="6188",33000,59000,-26000
="6190",42000,73000,-31000
="6191",9000,2000,7000
="6192",1000,0,1000
="6194",0,5000,-5000
="6195",2000,0,2000
="6196",7121,54000,-46879
="6201",1000,0,1000
="6202",2418,23000,-20582
="6203",1000,17000,-16000
="6204",30,0,30
="6208",0,10000,-10000
="6209",59000,1000,58000
="6213",0,3000,-3000
="6214",1000,0,1000
="6215",89500,41000,48500
="6217",1,2000,-1999
="6223",40050,115000,-74950
="6224",11000,5000,6000
="6226",60000,0,60000
="6229",1000,0,1000
="6230",3000,3000,0
="6231",0,2000,-2000
="6233",29000,14000,15000
="6235",28000,17000,11000
="6237",59000,72000,-13000
="6239",65000,84000,-19000
="6243",3000,14000,-11000
="6244",6000,1000,5000
="6245",1000,0,1000
="6251",2000,9460,-7460
="6257",76001,151000,-74999
="6261",12000,2000,10000
="6269",37000,60000,-23000
="6271",28000,54000,-26000
="6278",18000,102000,-84000
="6279",84000,45000,39000
="6282",12000,4000,8000
="6283",2000,0,2000
="6284",66000,62000,4000
="6285",10000,20000,-10000
="6290",2000,61000,-59000
="6411",5000,18000,-13000
="6414",3000,7000,-4000
="6415",1000,1000,0
="6416",1000,0,1000
="6426",0,3000,-3000
="6435",1000,2000,-1000
="6438",0,13000,-13000
="6441",0,1000,-1000
="6443",18004,37000,-18996
="6446",0,1000,-1000
="6449",2000,0,2000
="6451",4100,8000,-3900
="6456",35000,64000,-29000
="6462",22000,31000,-9000
="6469",0,7000,-7000
="6470",1,0,1
="6485",1,1000,-999
="6488",5003,37000,-31997
="6492",1000,0,1000
="6494",6000,2000,4000
="6496",1000,1000,0
="6504",19000,2000,17000
="6510",1000,2000,-1000
="6515",0,200,-200
="6516",0,26000,-26000
="6525",70000,40000,30000
="6527",1000,0,1000
="6531",74073,93013,-18940
="6532",0,2000,-2000
="6533",30000,40200,-10200
="6538",40,3000,-2960
="6541",0,2000,-2000
="6547",5000,8000,-3000
="6548",25000,17000,8000
="6552",1000,0,1000
="6560",0,29000,-29000
="6561",1000,0,1000
="6573",10889,0,10889
="6576",62000,0,62000
="6582",13000,9000,4000
="6589",0,1000,-1000
="6603",31000,21000,10000
="6640",0,1000,-1000
="6643",2000,10000,-8000
="6669",1,5000,-4999
="6670",0,1000,-1000
="6672",16000,13000,3000
="6679",0,60000,-60000
="6683",13000,22000,-9000
="6690",1000,0,1000
="6706",6000,8000,-2000
="6732",20000,7185,12815
="6743",113000,17100,95900
="6747",3000,4000,-1000
="6756",0,7000,-7000
="6762",0,100,-100
="6767",1,0,1
="711143",38000,0,38000
="711479",171000,0,171000
="711562",3000,42000,-39000
="711677",2000,10000,-8000
="711701",0,2000,-2000
="712014",2000,0,2000
="712017",3000,10000,-7000
="712018",0,15000,-15000
="712148",15000,0,15000
="712199",0,20000,-20000
="712233",45000,0,45000
="712326",233000,15000,218000
="712327",0,10000,-10000
="712363",2000,0,2000
="712370",12000,0,12000
="712373",1000,0,1000
="712606",172000,0,172000
="712612",5000,0,5000
="712613",15000,0,15000
="712630",30000,20000,10000
="712633",3000,0,3000
="712688",0,35000,-35000
="712915",250000,0,250000
="712916",529000,588000,-59000
="712920",0,10000,-10000
="712922",12000,0,12000
="712979",144000,85000,59000
="712980",38000,3000,35000
="712981",1887000,546000,1341000
="712982",10000,0,10000
="713036",78000,0,78000
="713039",400000,0,400000
="713040",15000,72000,-57000
="713042",0,20000,-20000
="713074",40000,0,40000
="713182",30000,3000,27000
="713183",34000,0,34000
="713184",0,10000,-10000
="713215",0,10000,-10000
="713225",60000,35000,25000
="713242",60000,0,60000
="713284",0,253000,-253000
="713323",0,10000,-10000
="713326",1000,0,1000
="713327",462000,308000,154000
="713388",35000,15000,20000
="713404",0,50000,-50000
="713419",12000,35000,-23000
="713515",250000,175000,75000
="713545",0,10000,-10000
="713649",5000,3000,2000
="713653",200000,30000,170000
="713654",50000,0,50000
="713675",15000,230000,-215000
="713821",119000,0,119000
="713833",43000,0,43000
="713888",0,40000,-40000
="713939",510000,0,510000
="714011",0,2000,-2000
="714030",0,2000,-2000
="714155",0,301000,-301000
="714212",20000,20000,0
="714272",265000,230000,35000
="714275",10000,0,10000
="714366",0,228000,-228000
="714431",0,113000,-113000
="714489",199000,10000,189000
="714516",200000,749000,-549000
="714518",29000,11000,18000
="714620",20000,144000,-124000
="714622",438000,1000,437000
="714685",55000,5000,50000
="714686",0,10000,-10000
="714712",120000,133000,-13000
="714713",4000,0,4000
="714795",0,72000,-72000
="714856",110000,0,110000
="714860",0,20000,-20000
="714889",20000,28000,-8000
="714995",0,20000,-20000
="715011",8000,0,8000
="715066",0,61000,-61000
="715070",8000,49000,-41000
="715071",0,5000,-5000
="715072",216000,10000,206000
="715073",4000,12000,-8000
="715158",0,35000,-35000
="715159",298000,358000,-60000
="715161",9000,20000,-11000
="715163",80000,0,80000
="715181",2000,4000,-2000
="715239",77000,6000,71000
="715250",0,50000,-50000
="715285",70000,96000,-26000
="715286",40000,4000,36000
="715288",18000,28000,-10000
="715328",10000,0,10000
="715356",5000,3000,2000
="715551",8000,0,8000
="715552",0,24000,-24000
="715553",0,1000,-1000
="715556",40000,0,40000
="715609",0,175000,-175000
="715658",0,29000,-29000
="715659",141000,0,141000
="715660",504000,72000,432000
="715661",118000,97000,21000
="715662",205000,229000,-24000
="715691",0,33000,-33000
="715692",0,34000,-34000
="715743",14000,1000,13000
="715781",19000,7000,12000
="715790",0,5000,-5000
="715813",10000,178000,-168000
="715815",17000,1000,16000
="715840",0,2000,-2000
="715901",18000,1000,17000
="715935",76000,139000,-63000
="715971",296000,6000,290000
="715972",2000,0,2000
="716032",342000,206000,136000
="716033",0,165000,-165000
="716035",7000,1000,6000
="716110",8000,5000,3000
="716111",273000,67000,206000
="716112",6000,14000,-8000
="716171",101000,0,101000
="716188",10000,0,10000
="716295",10000,50000,-40000
="716298",237000,133000,104000
="716358",0,20000,-20000
="716362",550000,0,550000
="716368",47000,0,47000
="716370",138000,231000,-93000
="716433",349000,221000,128000
="716493",30000,0,30000
="716508",80000,0,80000
="716591",4000,4000,0
="716593",0,23000,-23000
="716595",16000,0,16000
="716643",50000,0,50000
="716668",50000,0,50000
="716680",10000,0,10000
="716760",1000,0,1000
="716761",20000,37000,-17000
="716838",11000,41000,-30000
="716855",0,100000,-100000
="716905",105000,60000,45000
="716908",650000,1364000,-714000
="716953",27000,0,27000
="716955",395000,40000,355000
="716958",90000,110000,-20000
="716998",131000,301000,-170000
="717000",0,40000,-40000
="717001",185000,0,185000
="717088",3000,0,3000
="717101",1000,7000,-6000
="717103",60000,0,60000
="717203",11000,1000,10000
="717205",6000,0,6000
="717208",3000,0,3000
="717210",38000,104000,-66000
="717305",599000,43000,556000
="717310",0,2000,-2000
="717311",5000,5000,0
="717321",70000,20000,50000
="717351",0,25000,-25000
="717353",207000,118000,89000
="717355",48000,100000,-52000
="717358",20000,0,20000
="717360",340000,98000,242000
="717361",43000,442000,-399000
="717363",1054000,103000,951000
="717365",15000,120000,-105000
="717460",103000,5000,98000
="717461",354000,57000,297000
="717465",55000,2000,53000
="717468",524000,1468000,-944000
="717513",35000,0,35000
="717518",787000,702000,85000
="717520",3000,5000,-2000
="717523",87000,20000,67000
="717525",23000,200000,-177000
="717570",146000,163000,-17000
="717601",380000,40000,340000
="717603",50000,0,50000
="717605",3000,219000,-216000
="717608",0,2000,-2000
="717640",10000,3000,7000
="717641",2000,0,2000
="717683",749000,194000,555000
="717685",175000,314000,-139000
="717688",0,138000,-138000
="717735",426000,1009000,-583000
="717738",25000,30000,-5000
="717740",49000,9000,40000
="717741",241000,80000,161000
="717773",46000,0,46000
="717775",15000,192000,-177000
="717780",12000,31000,-19000
="717793",30000,0,30000
="717818",618000,465000,153000
="717860",20000,60000,-40000
="717861",0,64000,-64000
="717918",13000,118000,-105000
="717950",20000,49000,-29000
="717951",101000,55000,46000
="717953",0,52000,-52000
="717958",0,40000,-40000
="717963",10000,29000,-19000
="718040",0,35000,-35000
="718041",125000,214000,-89000
="718043",250000,60000,190000
="718048",25000,70000,-45000
="718098",0,10000,-10000
="73653P",13000,137000,-124000
="73686P",360000,210000,150000
="73693P",0,20000,-20000
="73729P",10000,2000,8000
="73731P",0,46000,-46000
="73748P",17000,0,17000
="73796P",57000,0,57000
="73799P",50000,1552000,-1502000
="73803P",159000,117000,42000
="73809P",0,234000,-234000
="73826P",11000,171000,-160000
="73828P",150000,0,150000
="73829P",50000,0,50000
="73833P",0,29000,-29000
="7556",1000,3000,-2000
="8016",62064,10000,52064
="8021",2000,7000,-5000
="8024",96000,19000,77000
="8027",33000,2000,31000
="8028",1000,0,1000
="8033",0,3000,-3000
="8040",0,8001,-8001
="8044",1000,2000,-1000
="8046",320000,327000,-7000
="8054",0,1000,-1000
="8064",0,2000,-2000
="8066",1,0,1
="8069",342001,100000,242001
="8070",10000,27000,-17000
="8076",1000,2000,-1000
="8081",3000,16000,-13000
="8084",3000,0,3000
="8086",207400,189000,18400
="8088",1,0,1
="8091",0,2000,-2000
="8096",42000,52000,-10000
="8103",0,3000,-3000
="8105",0,1000,-1000
="8107",0,3000,-3000
="8110",2000,11000,-9000
="8111",1000,0,1000
="8112",106000,72000,34000
="8121",1000,0,1000
="8150",11000,2000,9000
="8155",1000,0,1000
="8163",0,2000,-2000
="8171",0,5000,-5000
="8182",1000,0,1000
="8183",3000,63000,-60000
="8213",0,50000,-50000
="8215",5000,19000,-14000
="8234",118,0,118
="8261",1001,4000,-2999
="8271",1000,1000,0
="8299",7041,30000,-22959
="8358",561000,325011,235989
="8403",0,10000,-10000
="8406",1000,0,1000
="8416",50,0,50
="8421",1000,990,10
="8423",93,0,93
="8436",9000,22000,-13000
="8454",0,3000,-3000
="8464",1000,2000,-1000
="8472",1000,0,1000
="8489",1000,1000,0
="8499",0,6000,-6000
="8917",12,0,12
="8924",2000,1000,1000
="8926",3000,0,3000
="8929",1000,1000,0
="8930",24,0,24
="8936",0,1000,-1000
="8938",32000,2000,30000
="8996",10001,2000,8001
="9103",32000,0,32000
="9105",1000,45000,-44000
="9110",1000,0,1000
="911608",10000,0,10000
="912000",5000,0,5000
="912398",3200,1537,1663
="9802",101000,0,101000
="9902",2000,0,2000
="9904",14000,12000,2000
="9905",1000,0,1000
="9907",7000,0,7000
="9914",21000,29000,-8000
="9919",25020,27000,-1980
="9921",0,14000,-14000
="9933",1000,0,1000
="9935",1000,0,1000
="9937",57,0,57
="9938",9000,128100,-119100
="9941",50,1000,-950
="9945",5000,0,5000
="9946",250,0,250
="9949",1000,681,319
="9951",5000,0,5000
="9955",0,3000,-3000
="9958",48000,44000,4000
