="0050",152880,7390,145490,20336396
="0052",2000,0,2000,270899
="0056",43200,62000,-18800,-595643
="0061",0,11000,-11000,-289328
="006207",0,30000,-30000,-1025519
="006208",250050,250000,50,4025
="00632R",1084000,30000,1054000,6450278
="00633L",26000,485000,-459000,-40012742
="00634R",0,30000,-30000,-106499
="00635U",0,124000,-124000,-2984787
="00636",6000,0,6000,184149
="00637L",125000,5234000,-5109000,-173951623
="00638R",0,10000,-10000,-71100
="00642U",16000,11000,5000,51320
="00653L",6000,0,6000,217259
="00655L",6000,1000,5000,319850
="00670L",0,4000,-4000,-363500
="00677U",391000,921000,-530000,-1688430
="00679B",0,181000,-181000,-7365150
="00680L",5000,0,5000,117650
="00681R",0,25000,-25000,-350999
="00683L",74000,70000,4000,66500
="00687B",50000,87000,-37000,-1571265
="00688L",50000,50000,0,0
="00689R",50000,50000,0,0
="00692",2200,6000,-3800,-133043
="00693U",2000,0,2000,42259
="00694B",50000,50000,0,0
="00695B",50000,50000,0,0
="00696B",107000,107000,0,-108
="00697B",52000,54000,-2000,-79860
="00708L",47000,0,47000,1249258
="00713",20000,0,20000,714317
="00714",100000,100000,0,0
="00715L",10000,52000,-42000,-271059
="00717",14000,0,14000,230767
="00718B",100000,108000,-8000,-157440
="00719B",50000,50000,0,0
="00720B",0,72000,-72000,-3131807
="00721B",50000,50000,0,0
="00722B",59000,58132,868,38836
="00723B",60000,54000,6000,251789
="00724B",50000,66000,-16000,-669637
="00728",5000,0,5000,141700
="00733",100000,100000,0,0
="00735",1000,0,1000,35119
="00738U",35000,0,35000,1005498
="00741B",25000,25000,0,0
="00745B",25000,25000,0,0
="00746B",25000,31000,-6000,-264540
="00751B",46000,43000,3000,125880
="00754B",50000,56000,-6000,-269448
="00755B",63000,71000,-8000,-351685
="00756B",62000,57000,5000,226211
="00757",3000,0,3000,151950
="00764B",50000,98000,-48000,-2028897
="00765B",50000,54000,-4000,-158479
="00772B",11000,53000,-42000,-1861807
="00773B",57000,50000,7000,314359
="00779B",0,4000,-4000,-171359
="00784B",25000,25000,0,0
="00785B",25000,25000,0,751
="00786B",5000,24000,-19000,-792339
="00787B",0,20000,-20000,-852200
="00795B",51000,97000,-46000,-1893775
="00796B",25000,25000,0,0
="00845B",0,4000,-4000,-151460
="00847B",50000,56000,-6000,-212287
="00848B",25000,25000,0,0
="00849B",25000,26000,-1000,-36880
="00850",20100,0,20100,669104
="00861",1000,0,1000,28219
="00862B",50000,50000,0,0
="00863B",25000,31000,-6000,-233007
="00864B",25000,25000,0,0
="00868B",70000,70000,0,0
="00869B",50000,50000,0,0
="00870B",50000,50000,0,0
="00871B",50000,50000,0,0
="00876",217000,0,217000,6428975
="00877",4000,0,4000,53148
="00878",383,21100,-20717,-356064
="00881",62350,292000,-229650,-4148100
="00882",28000,3050000,-3022000,-48145407
="00883B",50000,99000,-49000,-1902066
="00884B",50000,66000,-16000,-618040
="01003T",4000,0,4000,78000
="020003",1000,0,1000,15050
="020008",0,10000,-10000,-113648
="020011",23000,43000,-20000,-108082
="020015",2000,2000,0,-68
="020016",2000,0,2000,36259
="020018",117000,131000,-14000,-175501
="020019",332000,198000,134000,1922779
="020021",780000,2639000,-1859000,-23827817
="04223P",10000,0,10000,1700
="04513P",50000,0,50000,2999
="04594P",0,50000,-50000,-10999
="04729P",76000,5000,71000,58170
="04826P",0,103000,-103000,-120509
="04835P",0,60000,-60000,-2399
="04860P",46000,0,46000,7799
="04908P",48000,6000,42000,4141
="05006P",618000,560000,58000,12760
="05128P",2000,3000,-1000,-920
="05161P",525000,356000,169000,83570
="05162P",175000,138000,37000,17519
="05237P",0,10000,-10000,-7400
="05297P",5000,100000,-95000,-35950
="05299P",70000,0,70000,46729
="05300P",76000,0,76000,59279
="05342P",16000,0,16000,15939
="05481P",0,9000,-9000,-5970
="05585P",0,10000,-10000,-2399
="05595P",536000,997000,-461000,-218791
="05618P",10000,0,10000,14900
="05622P",0,50000,-50000,-56499
="05632P",17000,0,17000,12240
="05697P",44000,323000,-279000,-265279
="05698P",137000,0,137000,103468
="05699P",64000,68000,-4000,-4908
="05706P",0,10000,-10000,-12400
="05707P",0,1002000,-1002000,-766548
="05749P",0,10000,-10000,-2599
="05750P",0,25000,-25000,-22099
="05776P",175000,0,175000,68449
="05777P",86000,627000,-541000,-242899
="05836P",2000,0,2000,3319
="05858P",2000,45000,-43000,-24340
="05906P",13000,10000,3000,3040
="05907P",0,20000,-20000,-11200
="05908P",11000,44000,-33000,-21968
="05955P",209000,23000,186000,79720
="05973P",6000,27000,-21000,-13499
="06002P",35000,0,35000,34349
="06113P",50000,0,50000,52999
="06137P",11000,12000,-1000,-830
="06152P",61000,608000,-547000,-297640
="06154P",0,100000,-100000,-62000
="06173P",0,25000,-25000,-41749
="06206P",0,18000,-18000,-13679
="06247P",70000,28000,42000,25151
="06278P",47000,22000,25000,22630
="063057",30000,90000,-60000,-37412
="063444",336000,20000,316000,245028
="063926",5000,0,5000,8799
="064710",8000,0,8000,1200
="065198",0,41000,-41000,-13119
="065679",5000,0,5000,60000
="065686",25000,0,25000,5249
="065889",1000,0,1000,2390
="065957",20000,0,20000,1599
="066196",20000,0,20000,399
="066198",7000,0,7000,11549
="066203",124000,0,124000,102977
="066205",100000,0,100000,95999
="066214",20000,0,20000,2000
="066460",42000,350000,-308000,-110918
="066525",10000,21000,-11000,-17998
="066526",705000,216000,489000,476067
="067276",68000,40000,28000,16281
="067368",125000,10000,115000,46398
="067370",1000,40000,-39000,-46149
="067383",3000,0,3000,600
="067505",35000,0,35000,11349
="067510",0,40000,-40000,-9200
="068128",2000,1000,1000,4901
="068217",15000,0,15000,30599
="068220",0,33000,-33000,-83438
="068221",42000,231000,-189000,-372530
="068223",1848000,100000,1748000,830958
="068224",46000,24000,22000,3439
="068257",0,20000,-20000,-73500
="068388",10000,0,10000,4199
="068390",55000,0,55000,190799
="068391",0,20000,-20000,-2199
="068511",33000,0,33000,87058
="068514",0,19000,-19000,-16879
="068519",1000,0,1000,3680
="068521",0,281000,-281000,-162059
="068669",0,10000,-10000,-20097
="068670",26000,0,26000,39578
="068671",19000,0,19000,77510
="068674",0,10000,-10000,-12799
="068767",1000,2000,-1000,-4330
="068768",0,10000,-10000,-43099
="068769",40000,110000,-70000,-14799
="068771",795000,246000,549000,71249
="068843",34000,0,34000,148035
="068848",14000,153000,-139000,-344598
="068849",111000,70000,41000,94572
="068851",100000,20000,80000,34102
="068998",0,100000,-100000,-79000
="069097",14000,0,14000,10429
="069099",3000,0,3000,2657
="069105",0,10000,-10000,-46817
="069106",45000,20000,25000,90861
="069190",364000,0,364000,95639
="069191",100000,60000,40000,22602
="069192",772000,276000,496000,238162
="069193",51000,27000,24000,10470
="069397",20000,0,20000,14400
="069402",157000,0,157000,649989
="069405",0,14000,-14000,-37939
="069409",25000,0,25000,32448
="069412",305000,490000,-185000,-38649
="069414",6297000,950000,5347000,2212207
="069415",20000,10000,10000,3099
="069416",1010000,485000,525000,188089
="069446",5000,0,5000,10000
="069448",3000,0,3000,7420
="069449",2377000,1211000,1166000,206190
="069615",2000,0,2000,11800
="069618",139000,10000,129000,65510
="069622",40000,0,40000,90000
="069625",20000,0,20000,78400
="069691",107000,66000,41000,80999
="069810",6000,0,6000,239
="069823",10000,0,10000,2300
="069824",11000,0,11000,4839
="069930",5000,6000,-1000,-1011
="069934",0,9000,-9000,-34337
="070116",3000,0,3000,2519
="070133",18000,550000,-532000,-303578
="070134",365000,330000,35000,4850
="070135",242000,322000,-80000,-19890
="070138",0,200000,-200000,-77999
="070139",40000,0,40000,18799
="070145",30000,10000,20000,45799
="070146",46000,13000,33000,81232
="070147",560000,154000,406000,834109
="070148",115000,1127000,-1012000,-312401
="070245",0,30000,-30000,-19199
="070249",57000,0,57000,108959
="070250",142000,0,142000,259600
="070251",77000,0,77000,7629
="070252",40000,53000,-13000,-6961
="070255",0,9000,-9000,-820
="070258",0,5000,-5000,-1049
="070363",5000,0,5000,1599
="070376",2000,30000,-28000,-19020
="070426",0,100000,-100000,-89599
="070431",2000,10000,-8000,-4660
="070444",145000,30000,115000,39389
="070445",190000,75000,115000,91752
="070530",1000,0,1000,500
="070531",10000,0,10000,1750
="070533",50000,0,50000,1499
="070534",0,2000,-2000,-6420
="070536",0,157000,-157000,-99078
="070538",200000,0,200000,144000
="070539",0,10000,-10000,-9300
="070608",2000,32000,-30000,-18620
="070609",5000,0,5000,3300
="070857",65000,0,65000,30199
="070860",156000,0,156000,12479
="070861",0,10000,-10000,-3899
="070862",0,27000,-27000,-4519
="070864",50000,0,50000,9299
="070865",185000,0,185000,105759
="070866",6000,72000,-66000,-309519
="070867",60000,35000,25000,6499
="070913",0,23000,-23000,-102338
="071123",5000,95000,-90000,-16250
="071206",0,2000,-2000,-42599
="071214",17000,0,17000,29699
="071215",10000,0,10000,17200
="071220",176000,431000,-255000,-87918
="071221",20000,60000,-40000,-40299
="071321",70000,20000,50000,27000
="071325",0,50000,-50000,-10499
="071326",0,10000,-10000,-15599
="071327",210000,0,210000,24999
="071334",0,10000,-10000,-15000
="071335",20000,11000,9000,24553
="071444",51000,130000,-79000,-24418
="071445",15000,30000,-15000,-37700
="071446",70000,10000,60000,86900
="071448",87000,2000,85000,210589
="071457",0,20000,-20000,-52600
="071568",2000,0,2000,4900
="071569",36000,0,36000,50078
="071570",0,1006000,-1006000,-373837
="071572",0,10000,-10000,-9399
="071708",0,234000,-234000,-152160
="071710",0,10000,-10000,-9900
="071844",0,10000,-10000,-24766
="071846",0,14000,-14000,-31669
="071890",24000,14000,10000,39561
="072046",14000,0,14000,75600
="072047",7000,80000,-73000,-271438
="072049",41000,590000,-549000,-261189
="072121",0,45000,-45000,-10350
="072122",253000,0,253000,290868
="072300",70000,0,70000,2799
="072303",0,3000,-3000,-12840
="072305",1000,0,1000,2430
="072306",10000,645000,-635000,-359578
="072309",0,15000,-15000,-9000
="072310",230000,60000,170000,79999
="072311",0,5000,-5000,-11799
="072403",0,10000,-10000,-61500
="072404",8000,50000,-42000,-108180
="072406",0,15000,-15000,-11699
="072409",40000,0,40000,47199
="072410",1000,383000,-382000,-213996
="072411",0,10000,-10000,-5000
="072462",0,27000,-27000,-35748
="072481",115000,30000,85000,135347
="072556",189000,20000,169000,220101
="072559",90000,277000,-187000,-196909
="072560",20000,0,20000,6800
="072561",0,50000,-50000,-29298
="072562",167000,50000,117000,116001
="072566",82000,26000,56000,24077
="072567",50000,0,50000,10499
="072628",0,5000,-5000,-30450
="072638",235000,0,235000,144279
="072639",40000,0,40000,231000
="072640",0,50000,-50000,-9000
="072711",0,10000,-10000,-4799
="072712",15000,0,15000,78140
="072713",16000,0,16000,58159
="072812",0,101000,-101000,-176130
="072964",42000,753000,-711000,-514551
="072966",5000,5000,0,-501
="072968",4000,1000,3000,2680
="072971",10000,30000,-20000,-91448
="072972",0,2000,-2000,-2188
="072974",5000,0,5000,17250
="073027",0,298000,-298000,-306339
="073028",10000,174000,-164000,-221669
="073029",0,52000,-52000,-97997
="073031",782000,657000,125000,64989
="073035",5000,11000,-6000,-5848
="073036",5000,92000,-87000,-56650
="073037",42000,10000,32000,10481
="073038",503000,10000,493000,561457
="073039",0,1000,-1000,-370
="073040",13000,0,13000,14689
="073096",0,42000,-42000,-25820
="073097",2000,0,2000,1240
="073100",178000,97000,81000,102733
="073101",545000,1485000,-940000,-993937
="073102",12000,194000,-182000,-270027
="073103",421000,226000,195000,243643
="073377",84000,398000,-314000,-276379
="073379",0,80000,-80000,-52199
="073380",2000,0,2000,7059
="073381",1000,0,1000,5699
="073382",0,30000,-30000,-47700
="073387",47000,11000,36000,45830
="073388",864000,0,864000,778057
="073487",0,45000,-45000,-27000
="073490",69000,142000,-73000,-113108
="073493",100000,0,100000,75000
="073496",0,434000,-434000,-348506
="073497",6000,4000,2000,7520
="073499",126000,8000,118000,159929
="073500",183000,2000,181000,286218
="073502",204000,51000,153000,86840
="073503",588000,0,588000,217560
="073533",5000,0,5000,4950
="073580",1000,0,1000,11000
="073619",0,10000,-10000,-1000
="073661",5000,0,5000,12949
="073737",2000,1000,1000,2041
="073739",2000,0,2000,8079
="073741",5000,6000,-1000,-3250
="073744",167000,0,167000,221440
="073747",17000,6000,11000,6440
="073748",0,30000,-30000,-88000
="073808",36000,19000,17000,31028
="073809",12000,236000,-224000,-102199
="073811",161000,5000,156000,314456
="073813",186000,160000,26000,17221
="073982",50000,0,50000,92000
="073983",256000,5000,251000,165791
="073984",0,47000,-47000,-55847
="073985",10000,12000,-2000,-6319
="074060",81000,300000,-219000,-321818
="074062",10000,11000,-1000,-3769
="074063",123000,0,123000,121148
="074065",5000,137000,-132000,-126079
="074066",71000,70000,1000,5711
="074067",80000,42000,38000,94581
="074068",64000,5000,59000,95510
="074069",7000,0,7000,5459
="074165",10000,10000,0,-350
="074168",230000,6000,224000,213879
="074169",84000,0,84000,120960
="074170",50000,0,50000,82897
="074171",120000,0,120000,64910
="074258",0,20000,-20000,-24600
="074343",0,36000,-36000,-57886
="074345",5000,26000,-21000,-9498
="074347",155000,1000,154000,325618
="074350",0,8000,-8000,-15479
="074351",20000,20000,0,-1800
="074352",713000,1130000,-417000,-217122
="074354",64000,13000,51000,150476
="074446",0,320000,-320000,-214400
="074447",15000,0,15000,25500
="074448",50000,75000,-25000,-11098
="074450",108000,10000,98000,78841
="074451",0,51000,-51000,-141567
="074453",185000,345000,-160000,-104447
="074454",0,23000,-23000,-21259
="074455",0,20000,-20000,-8399
="074495",106000,200000,-94000,-159281
="074496",174000,159000,15000,24541
="074497",0,5000,-5000,-6750
="074498",0,10000,-10000,-5699
="074681",103000,60000,43000,45920
="074685",5000,0,5000,31500
="074687",356000,6000,350000,528099
="074786",20000,3000,17000,67300
="074787",10000,0,10000,32400
="074790",2000,20000,-18000,-40740
="074791",6000,90000,-84000,-71801
="074792",18000,205000,-187000,-155767
="074793",99000,10000,89000,187520
="074794",0,10000,-10000,-31099
="074796",1000,1000,0,60
="074799",86000,0,86000,127459
="074803",0,12000,-12000,-19239
="074804",49000,107000,-58000,-72939
="074807",0,18000,-18000,-46538
="074809",15000,127000,-112000,-199349
="074811",18000,0,18000,24500
="074812",226000,0,226000,249559
="074814",104000,0,104000,224339
="074819",3000,24000,-21000,-42748
="074860",0,8000,-8000,-8880
="074899",0,19000,-19000,-35150
="074900",30000,85000,-55000,-107476
="074902",10000,0,10000,5099
="074904",15000,0,15000,25500
="074908",139000,0,139000,253956
="075049",80000,0,80000,102998
="075051",57000,68000,-11000,-27400
="075052",10000,70000,-60000,-185196
="075167",42000,0,42000,65058
="075168",244000,88000,156000,346513
="075170",19000,0,19000,65170
="075172",0,1000,-1000,-2740
="075173",278000,408000,-130000,-179489
="075174",0,361000,-361000,-220979
="075243",3000,0,3000,7120
="075245",94000,40000,54000,89829
="075396",7000,80000,-73000,-89251
="075399",27000,132000,-105000,-86880
="075400",2000,6000,-4000,-11600
="075401",242000,181000,61000,265374
="075402",26000,22000,4000,8537
="075405",40000,0,40000,110049
="075409",3000,498000,-495000,-302350
="075410",171000,0,171000,109278
="075411",82000,196000,-114000,-93778
="075513",40000,0,40000,107078
="075533",1000,0,1000,15699
="075642",212000,0,212000,704675
="075695",32000,0,32000,43200
="075697",131000,136000,-5000,-31706
="075698",259000,359000,-100000,-78320
="075700",130000,161000,-31000,-36533
="075826",46000,0,46000,49499
="075827",173000,0,173000,418989
="075828",717000,10000,707000,821068
="075830",0,20000,-20000,-16799
="075831",640000,0,640000,848058
="075966",0,10000,-10000,-40000
="075968",2000,15000,-13000,-49800
="075969",114000,45000,69000,91578
="075970",522000,89000,433000,930668
="075971",33000,22000,11000,46409
="075972",112000,34000,78000,157679
="076057",2000,384000,-382000,-278224
="076059",113000,210000,-97000,-67759
="076060",0,21000,-21000,-118198
="076061",20000,0,20000,76398
="076063",0,18000,-18000,-20160
="076064",318000,132000,186000,189899
="076180",21000,22000,-1000,-2069
="076182",30000,0,30000,123148
="076289",101000,10000,91000,124240
="076290",0,40000,-40000,-25398
="076291",50000,95000,-45000,-59637
="076384",0,4000,-4000,-3970
="076408",0,48000,-48000,-34379
="076412",0,4000,-4000,-3698
="076413",0,10000,-10000,-8500
="076414",20000,0,20000,18999
="076415",8000,0,8000,5599
="076416",784000,142000,642000,849199
="076417",0,140000,-140000,-120957
="076418",0,1149000,-1149000,-1224587
="076419",0,50000,-50000,-46000
="076420",8000,0,8000,16239
="076421",0,117000,-117000,-98279
="076550",0,8000,-8000,-8949
="076551",24000,10000,14000,49178
="076652",386000,20000,366000,374308
="076653",57000,2000,55000,155399
="076654",20000,51000,-31000,-22621
="076655",35000,20000,15000,75530
="076912",10000,109000,-99000,-79838
="076915",11000,0,11000,42048
="076917",34000,60000,-26000,-51801
="076918",0,20000,-20000,-52900
="076920",22000,0,22000,15619
="076921",0,57000,-57000,-49590
="076922",3000,108000,-105000,-76681
="076923",0,2000,-2000,-1019
="076941",0,3000,-3000,-2799
="077006",0,10000,-10000,-19700
="077060",4000,0,4000,1799
="077061",120000,46000,74000,49389
="077064",213000,7000,206000,166210
="077065",46000,347000,-301000,-362757
="077069",2000,0,2000,7228
="077103",21000,2000,19000,65791
="077105",10000,0,10000,39000
="077107",0,118000,-118000,-63900
="077108",11000,225000,-214000,-348067
="077217",105000,0,105000,210577
="077276",84000,17000,67000,56248
="077278",0,20000,-20000,-24579
="077280",138000,100000,38000,23320
="077281",183000,14000,169000,333066
="077412",3000,16000,-13000,-52889
="077457",0,1000,-1000,-9199
="077473",91000,0,91000,538499
="077585",12000,1000,11000,5880
="077586",0,10000,-10000,-30899
="077587",114000,1000,113000,380899
="077589",256000,48000,208000,118080
="077591",0,46000,-46000,-204167
="077593",0,30000,-30000,-20090
="077595",1000,25000,-24000,-21110
="077646",138000,57000,81000,54971
="077647",118000,0,118000,167137
="077648",275000,168000,107000,149923
="077649",1000,224000,-223000,-748575
="077650",30000,0,30000,17999
="077651",0,144000,-144000,-706011
="077652",245000,724000,-479000,-688978
="077654",107000,66000,41000,41393
="077655",35000,69000,-34000,-36568
="077656",57000,0,57000,71250
="077657",50000,48000,2000,-5000
="077658",24000,30000,-6000,-28120
="077659",10000,0,10000,48780
="077729",0,2000,-2000,-759
="077810",0,16000,-16000,-37927
="077811",0,40000,-40000,-51398
="077812",20000,0,20000,67199
="077941",15000,19000,-4000,-4140
="077942",245000,467000,-222000,-400229
="077944",372000,111000,261000,220539
="077945",223000,83000,140000,201362
="078019",0,23000,-23000,-9958
="078087",30000,0,30000,89299
="078089",210000,162000,48000,94118
="078090",94000,192000,-98000,-187498
="078091",265000,48000,217000,342429
="078092",92000,60000,32000,27641
="078095",0,3000,-3000,-9389
="078096",1000,38000,-37000,-86157
="078097",131000,0,131000,117899
="078098",201000,381000,-180000,-292593
="078099",251000,20000,231000,462397
="078130",0,5000,-5000,-33499
="078207",0,4000,-4000,-13000
="078222",5000,0,5000,6250
="078254",20000,0,20000,49200
="078461",135000,1173000,-1038000,-729731
="078462",361000,309000,52000,44622
="078464",0,3000,-3000,-4199
="078466",314000,118000,196000,677079
="078467",0,14000,-14000,-21699
="078468",15000,7000,8000,15049
="078469",272000,155000,117000,221560
="078470",237000,89000,148000,321519
="078471",0,10000,-10000,-12699
="078472",0,23000,-23000,-29159
="078473",25000,12000,13000,16682
="078474",51000,97000,-46000,-28558
="078475",278000,31000,247000,475954
="078476",78000,166000,-88000,-98773
="078477",20000,40000,-20000,-97527
="078539",0,78000,-78000,-456450
="078610",10000,0,10000,16000
="078718",90000,60000,30000,49499
="078719",0,163000,-163000,-708717
="078720",102000,0,102000,228440
="078722",12000,23000,-11000,-22159
="078723",12000,32000,-20000,-30680
="078724",36000,58000,-22000,-18461
="078725",0,25000,-25000,-54600
="078726",0,10000,-10000,-4799
="078727",0,15000,-15000,-27500
="078806",16000,0,16000,42730
="078847",5000,0,5000,9399
="078848",722000,426000,296000,461849
="078849",93000,110000,-17000,-48431
="078850",1023000,4000,1019000,2123308
="078851",181000,125000,56000,75639
="078852",25000,0,25000,104499
="078853",130000,436000,-306000,-1030253
="078854",1123000,45000,1078000,1626447
="078855",0,1000,-1000,-6300
="078856",0,1000,-1000,-5550
="078885",0,15000,-15000,-26698
="078943",0,36000,-36000,-69630
="078944",31000,42000,-11000,-27852
="078945",985000,414000,571000,757653
="078946",0,60000,-60000,-56999
="078947",0,13000,-13000,-8630
="078948",15000,224000,-209000,-369686
="078949",2000,57000,-55000,-189230
="079047",0,3000,-3000,-8429
="079091",92000,493000,-401000,-324451
="079285",3000,0,3000,4259
="079286",40000,0,40000,28799
="079287",394000,336000,58000,78041
="079288",101000,221000,-120000,-220128
="079289",0,10000,-10000,-12200
="079290",96000,25000,71000,96149
="079291",8000,20000,-12000,-20480
="079407",0,4000,-4000,-7719
="079425",122000,133000,-11000,-8330
="079426",115000,6000,109000,109050
="079427",175000,0,175000,171439
="079428",171000,402000,-231000,-408479
="079429",91000,1865000,-1774000,-3894000
="079430",27000,157000,-130000,-160438
="079431",159000,470000,-311000,-294278
="079432",0,91000,-91000,-70069
="079434",262000,967000,-705000,-1006608
="079435",0,22000,-22000,-91558
="079457",42000,0,42000,52808
="079564",5000,0,5000,6499
="079571",0,10000,-10000,-40300
="079582",10000,0,10000,10750
="079584",10000,1000,9000,14749
="079586",26000,215000,-189000,-82049
="079727",1000,20000,-19000,-16801
="079728",330000,501000,-171000,-243882
="079729",157000,708000,-551000,-453960
="079730",476000,109000,367000,326421
="079731",0,78000,-78000,-71760
="079734",51000,14000,37000,88611
="079736",31000,111000,-80000,-55619
="079737",230000,20000,210000,357749
="079738",0,740000,-740000,-1249397
="079739",5000,5000,0,121
="079740",90000,0,90000,171728
="079741",0,4000,-4000,-8239
="079742",389000,167000,222000,315267
="079743",0,133000,-133000,-99380
="079744",2000,0,2000,1159
="079745",0,361000,-361000,-310050
="079868",295000,152000,143000,220891
="079869",159000,0,159000,103349
="079870",87000,83000,4000,160
="079871",10000,360000,-350000,-559530
="079872",101000,20000,81000,68450
="079873",19000,13000,6000,22360
="079979",132000,204000,-72000,-37539
="079982",904000,73000,831000,1165243
="079983",26000,0,26000,48147
="079984",1231000,10000,1221000,1599309
="079985",77000,40000,37000,30940
="080162",76000,2000,74000,81271
="080163",1000,0,1000,449
="080165",3000,136000,-133000,-70640
="080166",149000,97000,52000,38810
="080167",18000,2000,16000,12881
="080168",133000,0,133000,99550
="080169",0,1000,-1000,-479
="080170",113000,194000,-81000,-41491
="080171",43000,403000,-360000,-241759
="080172",0,111000,-111000,-59940
="080175",42000,0,42000,69879
="080176",6000,12000,-6000,-8600
="080177",173000,1481000,-1308000,-2132917
="080178",0,1135000,-1135000,-1683825
="080180",0,30000,-30000,-23700
="080181",10000,136000,-126000,-84625
="080183",100000,0,100000,60000
="080184",70000,18000,52000,130074
="080186",10000,33000,-23000,-24710
="080205",50000,8000,42000,116878
="080343",64000,232000,-168000,-122520
="080344",30000,80000,-50000,-75268
="080345",35000,376000,-341000,-356488
="080346",244000,99000,145000,115140
="080347",117000,1000,116000,102179
="080348",5000,42000,-37000,-67239
="080349",110000,50000,60000,138314
="080351",0,248000,-248000,-156280
="080537",0,60000,-60000,-35199
="080539",252000,125000,127000,50353
="080540",0,5000,-5000,-4199
="080541",33000,60000,-27000,-16319
="080542",17000,0,17000,7367
="080543",23000,409000,-386000,-250728
="080544",745000,732000,13000,4861
="080545",28000,87000,-59000,-187141
="080546",58000,129000,-71000,-59027
="080547",62000,21000,41000,52548
="080594",0,14000,-14000,-9877
="080595",102000,10000,92000,72540
="080596",415000,90000,325000,356036
="080597",174000,45000,129000,122408
="080598",138000,89000,49000,43163
="080599",0,140000,-140000,-56998
="080600",137000,25000,112000,64820
="080601",390000,179000,211000,161760
="080602",10000,35000,-25000,-50197
="080603",8000,8000,0,-711
="080604",0,18000,-18000,-9900
="080618",0,223000,-223000,-845169
="080686",691000,0,691000,698028
="080857",75000,10000,65000,53810
="080859",70000,11000,59000,32280
="080860",214000,46000,168000,111170
="080861",92000,0,92000,177518
="080862",5000,6000,-1000,-729
="080863",19000,134000,-115000,-94788
="080864",6000,10000,-4000,-9301
="080865",30000,43000,-13000,-40371
="080867",360000,71000,289000,548237
="080868",381000,160000,221000,135310
="080869",258000,184000,74000,64419
="081015",0,155000,-155000,-91509
="081016",195000,10000,185000,210709
="081017",23000,102000,-79000,-63898
="081018",785000,198000,587000,383600
="081019",239000,48000,191000,268823
="081020",244000,0,244000,208259
="081021",150000,1261000,-1111000,-738429
="081022",0,30000,-30000,-35847
="081023",25000,65000,-40000,-39786
="081024",0,27000,-27000,-46420
="081025",0,131000,-131000,-101098
="081026",173000,122000,51000,27371
="081028",200000,0,200000,172000
="081043",30000,30000,0,-2699
="081213",108000,100000,8000,5859
="081214",219000,240000,-21000,-31249
="081215",40000,20000,20000,18700
="081216",136000,41000,95000,61910
="081217",21000,44000,-23000,-13179
="081218",884000,1579000,-695000,-689298
="081219",217000,80000,137000,105729
="081221",15000,65000,-50000,-76248
="081222",10000,180000,-170000,-105701
="081223",455000,267000,188000,183605
="081224",340000,10725000,-10385000,-6065515
="081225",321000,1000,320000,304957
="081226",79000,519000,-440000,-273501
="081228",77000,0,77000,105490
="081229",0,20000,-20000,-17400
="081230",0,10000,-10000,-6999
="081231",35000,0,35000,23100
="081232",81000,7000,74000,64171
="081233",40000,197000,-157000,-151911
="081234",0,62000,-62000,-89900
="081235",478000,0,478000,288600
="081236",700000,304000,396000,347239
="081256",110000,0,110000,543400
="081257",1407000,0,1407000,3209696
="081270",122000,106000,16000,15499
="081272",247000,16000,231000,214631
="081273",65000,10000,55000,26048
="081277",105000,0,105000,48349
="081278",80000,145000,-65000,-49700
="081280",102000,65000,37000,41520
="081281",341000,52000,289000,355919
="081282",659000,383000,276000,206381
="081283",0,267000,-267000,-161036
="081286",129000,248000,-119000,-64628
="081287",500000,143000,357000,603537
="081288",0,10000,-10000,-8500
="081289",64000,51000,13000,37339
="081346",3000,0,3000,9899
="081374",0,13000,-13000,-4939
="081428",25000,230000,-205000,-298200
="081429",0,20000,-20000,-10599
="081430",136000,75000,61000,30310
="081431",280000,227000,53000,29520
="081432",15000,206000,-191000,-103450
="081433",0,100000,-100000,-50000
="081435",8000,0,8000,5390
="081436",502000,1048000,-546000,-460650
="081438",21000,109000,-88000,-103450
="081439",473000,347000,126000,191968
="081440",357000,386000,-29000,-39692
="081441",220000,10000,210000,98600
="081442",84000,270000,-186000,-198416
="081443",1697000,1193000,504000,560168
="081444",2000,0,2000,1080
="081446",80000,0,80000,82997
="081447",57000,21000,36000,73687
="081448",30000,235000,-205000,-269593
="081450",0,10000,-10000,-6299
="081451",19000,0,19000,104298
="081452",24000,0,24000,61439
="081602",1000,0,1000,1909
="081607",0,3000,-3000,-4020
="081708",0,45000,-45000,-25649
="081709",10000,0,10000,14500
="081710",0,72000,-72000,-73199
="081711",935000,791000,144000,142510
="081712",409000,936000,-527000,-468269
="081713",0,157000,-157000,-104997
="081714",166000,310000,-144000,-104909
="081715",6000,0,6000,11338
="081716",397000,119000,278000,462305
="081717",10000,68000,-58000,-41067
="081718",1189000,203000,986000,874689
="081719",152000,66000,86000,108410
="081720",387000,752000,-365000,-431526
="081721",458000,18000,440000,706767
="081722",64000,5000,59000,53068
="081723",378000,665000,-287000,-371977
="081724",53000,47000,6000,8280
="081725",145000,186000,-41000,-48249
="081726",0,30000,-30000,-19499
="081727",2000,10000,-8000,-13600
="081816",5000,0,5000,7769
="081909",5000,0,5000,8849
="081945",577000,1145000,-568000,-635511
="081946",0,5000,-5000,-13750
="081947",568000,34000,534000,821431
="081948",0,5000,-5000,-7149
="081949",0,2000,-2000,-3559
="081950",13000,352000,-339000,-350407
="081951",438000,330000,108000,68749
="081952",153000,777000,-624000,-320199
="081953",217000,198000,19000,8750
="081956",118000,49000,69000,37160
="081958",0,3000,-3000,-1490
="081959",300000,270000,30000,57851
="082000",25000,0,25000,37000
="082056",0,2000,-2000,-7320
="082122",80000,0,80000,60000
="082123",1000,8000,-7000,-7127
="082124",163000,149000,14000,9459
="082125",200000,110000,90000,46301
="082126",0,198000,-198000,-119780
="082127",10000,10000,0,101
="082128",146000,913000,-767000,-470240
="082129",211000,303000,-92000,-114517
="082130",3635000,3509000,126000,210679
="082131",40000,65000,-25000,-19649
="082132",191000,404000,-213000,-273807
="082133",0,10000,-10000,-13799
="082134",25000,516000,-491000,-387910
="082136",4000,120000,-116000,-55639
="082137",87000,192000,-105000,-155009
="082138",302000,479000,-177000,-148490
="082140",0,215000,-215000,-281799
="082141",14000,68000,-54000,-33160
="082142",190000,60000,130000,112790
="082144",131000,270000,-139000,-274184
="082145",4000,91000,-87000,-67448
="082192",10000,0,10000,12300
="082314",64000,21000,43000,30119
="082315",12000,12000,0,-520
="082316",0,106000,-106000,-53000
="082318",30000,624000,-594000,-279539
="082319",71000,174000,-103000,-99729
="082320",51000,1000,50000,72589
="082321",21000,20000,1000,1512
="082322",42000,0,42000,42619
="082323",78000,142000,-64000,-67537
="082324",1000,180000,-179000,-287690
="082325",0,36000,-36000,-33907
="082326",528000,506000,22000,5301
="082327",30000,1000,29000,53040
="082328",89000,0,89000,139830
="082329",100000,15000,85000,56001
="082330",68000,83000,-15000,-23857
="082331",63000,316000,-253000,-186509
="082332",110000,263000,-153000,-114228
="082333",20000,88000,-68000,-51130
="082334",352000,147000,205000,144509
="082335",16000,724000,-708000,-409178
="082336",0,14000,-14000,-7139
="082337",0,11000,-11000,-23069
="082338",169000,404000,-235000,-461219
="082339",92000,577000,-485000,-396909
="082340",300000,70000,230000,146700
="082475",163000,123000,40000,27910
="082476",123000,90000,33000,60131
="082477",0,5000,-5000,-5600
="082478",80000,30000,50000,36300
="082479",85000,5000,80000,56999
="082480",3000,177000,-174000,-99938
="082481",741000,1772000,-1031000,-639419
="082482",285000,626000,-341000,-208981
="082483",3000,3000,0,210
="082485",0,8000,-8000,-8479
="082486",100000,60000,40000,29901
="082487",194000,40000,154000,167602
="082488",329000,352000,-23000,-19323
="082489",103000,12000,91000,108199
="082490",309000,99000,210000,155091
="082491",153000,276000,-123000,-106427
="082493",43000,60000,-17000,-18811
="082495",235000,61000,174000,216982
="082496",0,15000,-15000,-10649
="082497",50000,0,50000,77398
="082498",13000,0,13000,10108
="082499",21000,0,21000,37827
="082500",59000,25000,34000,29340
="082501",627000,413000,214000,209411
="082502",0,281000,-281000,-158657
="082503",5000,113000,-108000,-120209
="082556",80000,0,80000,44800
="082557",15000,10000,5000,3651
="082558",86000,435000,-349000,-332538
="082559",8000,24000,-16000,-15439
="082560",110000,132000,-22000,-27410
="082561",55000,74000,-19000,-16532
="082562",10000,11000,-1000,-1609
="082563",64000,59000,5000,4178
="082564",317000,179000,138000,127900
="082565",592000,1071000,-479000,-488894
="082566",10000,65000,-55000,-49249
="082567",1000,46000,-45000,-24321
="082568",81000,37000,44000,40511
="082569",100000,0,100000,80000
="082570",56000,0,56000,93519
="082572",34000,5000,29000,36880
="082573",0,12000,-12000,-7128
="082574",733000,464000,269000,408123
="082575",335000,251000,84000,80210
="082576",100000,672000,-572000,-579207
="082577",323000,5000,318000,213051
="082578",3000,9000,-6000,-10830
="082666",50000,0,50000,40999
="082676",7000,5000,2000,10750
="082749",30000,0,30000,17099
="082750",71000,0,71000,69580
="082751",10000,125000,-115000,-105572
="082754",10000,46000,-36000,-44918
="082755",20000,183000,-163000,-138969
="082756",50000,0,50000,46399
="082757",30000,125000,-95000,-128847
="082758",49000,847000,-798000,-1221794
="082759",0,114000,-114000,-71379
="082761",84000,11000,73000,107181
="082762",0,200000,-200000,-96898
="082763",0,69000,-69000,-42379
="082764",849000,116000,733000,361742
="082765",62000,64000,-2000,-3499
="082766",60000,134000,-74000,-89540
="082767",32000,32000,0,392
="082768",2181000,997000,1184000,1440042
="082769",364000,127000,237000,177381
="082770",90000,337000,-247000,-169577
="082771",0,27000,-27000,-14720
="082772",111000,311000,-200000,-273468
="082773",978000,2105000,-1127000,-1464117
="082774",0,10000,-10000,-20799
="082775",0,57000,-57000,-85137
="082776",160000,442000,-282000,-286407
="082798",20000,0,20000,55898
="082799",288000,75000,213000,746785
="082923",35000,110000,-75000,-59490
="082924",50000,30000,20000,21300
="082925",0,626000,-626000,-230049
="082926",0,50000,-50000,-34000
="082927",11000,20000,-9000,-8178
="082928",0,1225000,-1225000,-1333082
="082929",10000,10000,0,220
="082930",0,98000,-98000,-62719
="082931",0,15000,-15000,-10100
="082932",90000,310000,-220000,-112498
="082933",1267000,170000,1097000,701969
="082934",0,87000,-87000,-39699
="082935",0,10000,-10000,-5699
="082936",15000,115000,-100000,-93550
="082937",596000,216000,380000,388639
="082950",179000,0,179000,229119
="083197",2000,10000,-8000,-3481
="083198",0,30000,-30000,-13199
="083199",571000,3312000,-2741000,-1145060
="083201",22000,10000,12000,7720
="083202",268000,361000,-93000,-53418
="083203",2000,0,2000,2019
="083204",25000,56000,-31000,-27448
="083205",614000,745000,-131000,-91280
="083206",400000,1318000,-918000,-668950
="083207",90000,288000,-198000,-172120
="083208",459000,140000,319000,451913
="083209",0,1093000,-1093000,-941973
="083210",6000,681000,-675000,-659395
="083211",145000,214000,-69000,-55477
="083212",20000,100000,-80000,-60790
="083213",98000,82000,16000,23683
="083214",5000,0,5000,2000
="083215",723000,1411000,-688000,-1161917
="083216",69000,2000,67000,50342
="083218",8000,184000,-176000,-109799
="083220",108000,167000,-59000,-93371
="083233",10000,0,10000,4099
="083245",140000,0,140000,286947
="083326",5000,235000,-230000,-139351
="083327",314000,1318000,-1004000,-564370
="083328",30000,587000,-557000,-317349
="083329",0,18000,-18000,-13679
="083330",20000,0,20000,16399
="083331",0,178000,-178000,-132819
="083332",0,95000,-95000,-44489
="083334",0,71000,-71000,-49699
="083336",193000,107000,86000,95574
="083338",688000,331000,357000,390488
="083339",0,9000,-9000,-6600
="083340",101000,60000,41000,50399
="083341",312000,345000,-33000,-61780
="083342",349000,44000,305000,420317
="083343",1000,0,1000,829
="083345",141000,727000,-586000,-829426
="083346",60000,1000,59000,30809
="083347",17000,0,17000,13089
="083349",72000,80000,-8000,-6330
="083350",203000,45000,158000,145761
="083460",208000,200000,8000,14542
="083461",323000,312000,11000,499
="083463",171000,31000,140000,66121
="083464",228000,217000,11000,15829
="083465",49000,0,49000,65448
="083466",115000,228000,-113000,-80088
="083467",20000,0,20000,12198
="083468",0,45000,-45000,-45000
="083469",0,12000,-12000,-8680
="083471",232000,60000,172000,182979
="083472",230000,86000,144000,185061
="083473",72000,0,72000,117359
="083474",23000,112000,-89000,-126908
="083476",199000,456000,-257000,-167278
="083477",0,72000,-72000,-49679
="083478",170000,112000,58000,39420
="083479",0,2666000,-2666000,-1431639
="083480",26000,210000,-184000,-136489
="083665",330000,22000,308000,267860
="083667",10000,5000,5000,4391
="083668",234000,116000,118000,103502
="083670",0,1000,-1000,-990
="083671",0,17000,-17000,-12609
="083672",141000,85000,56000,41110
="083673",267000,682000,-415000,-212100
="083674",0,110000,-110000,-83499
="083675",2000,305000,-303000,-214688
="083677",0,100000,-100000,-69999
="083678",75000,23000,52000,48380
="083679",2531000,50000,2481000,3089665
="083682",35000,0,35000,25230
="083683",0,20000,-20000,-20700
="083684",16000,0,16000,32299
="083685",0,16000,-16000,-18559
="083687",89000,168000,-79000,-52951
="083688",30000,207000,-177000,-138729
="083689",30000,34000,-4000,-4661
="083760",499000,0,499000,454090
="083768",0,50000,-50000,-64499
="083784",3000,0,3000,1020
="083787",47000,101000,-54000,-51149
="083788",503000,514000,-11000,-4040
="083790",15000,661000,-646000,-555617
="083791",147000,444000,-297000,-329171
="083794",45000,3000,42000,67451
="083796",174000,0,174000,420100
="083797",0,301000,-301000,-270909
="083798",25000,169000,-144000,-120429
="083799",161000,569000,-408000,-372639
="083800",0,3000,-3000,-2400
="084005",10000,0,10000,4799
="084006",80000,10000,70000,65997
="084010",195000,250000,-55000,-20590
="084011",28000,332000,-304000,-244660
="084012",1000,427000,-426000,-315957
="084015",0,222000,-222000,-138749
="084016",30000,30000,0,899
="084017",0,150000,-150000,-84999
="084018",175000,40000,135000,87000
="084019",326000,214000,112000,166310
="084020",19000,10000,9000,7139
="084022",1030000,69000,961000,1200577
="084024",348000,1150000,-802000,-645957
="084025",718000,959000,-241000,-222430
="084026",123000,192000,-69000,-54868
="084027",131000,0,131000,120056
="084230",0,113000,-113000,-75920
="084231",411000,1037000,-626000,-372188
="084232",5000,62000,-57000,-49889
="084236",0,60000,-60000,-25449
="084237",66000,48000,18000,20640
="084238",186000,1342000,-1156000,-1163774
="084239",2000,10000,-8000,-4421
="084241",0,11000,-11000,-9460
="084242",0,317000,-317000,-186598
="084243",1050000,155000,895000,1584602
="084244",44000,27000,17000,25120
="084245",428000,699000,-271000,-268939
="084246",472000,478000,-6000,-38366
="084247",157000,0,157000,85150
="084248",283000,41000,242000,211901
="084249",0,28000,-28000,-19487
="084250",0,10000,-10000,-7699
="084251",31000,294000,-263000,-172019
="084252",16000,46000,-30000,-37101
="084253",4000,11000,-7000,-9329
="084374",30000,3000,27000,13649
="084375",0,502000,-502000,-155620
="084377",15000,0,15000,6999
="084378",100000,9000,91000,56810
="084380",22000,0,22000,29019
="084382",0,10000,-10000,-9399
="084383",10000,0,10000,8500
="084384",0,150000,-150000,-122999
="084385",557000,372000,185000,240829
="084386",20000,30000,-10000,-10099
="084387",100000,0,100000,56000
="084388",699000,1018000,-319000,-317716
="084389",0,115000,-115000,-71749
="084390",15000,464000,-449000,-350490
="084393",1000,0,1000,1700
="084420",200000,0,200000,66000
="084533",0,15000,-15000,-9749
="084536",0,158000,-158000,-255259
="084537",4000,14000,-10000,-6519
="084538",5000,37000,-32000,-23238
="084539",20000,120000,-100000,-68399
="084540",0,15000,-15000,-14850
="084543",26000,230000,-204000,-144120
="084544",0,84000,-84000,-65077
="084545",213000,174000,39000,46342
="084546",189000,230000,-41000,-57569
="084547",23000,0,23000,16560
="084548",176000,25000,151000,104778
="084602",20000,0,20000,34400
="084683",50000,111000,-61000,-30059
="084685",31000,291000,-260000,-195410
="084686",2000,20000,-18000,-14679
="084687",351000,164000,187000,164321
="084691",0,32000,-32000,-26049
="084692",50000,147000,-97000,-73229
="084693",250000,193000,57000,25544
="084695",26000,0,26000,50658
="084696",65000,41000,24000,15781
="084697",4000,15000,-11000,-9059
="084698",20000,0,20000,10399
="084699",55000,8000,47000,45961
="084700",52000,17000,35000,34972
="084701",496000,463000,33000,37250
="084702",125000,130000,-5000,-2648
="084704",117000,618000,-501000,-465180
="084705",0,840000,-840000,-600309
="084706",0,136000,-136000,-89760
="084707",5000,62000,-57000,-45059
="084708",0,50000,-50000,-40999
="084709",5000,20000,-15000,-7500
="084710",79000,562000,-483000,-367970
="084821",4000,7000,-3000,-2820
="084822",98000,170000,-72000,-62489
="084827",0,20000,-20000,-11799
="084828",20000,21000,-1000,-1288
="084829",145000,0,145000,78849
="084831",0,61000,-61000,-48558
="084832",2000,0,2000,2099
="084833",50000,75000,-25000,-17149
="084834",53000,939000,-886000,-876196
="084835",13000,10000,3000,3520
="084836",64000,0,64000,44459
="084837",38000,555000,-517000,-537376
="084838",108000,91000,17000,24132
="084851",6000,0,6000,11399
="084892",0,10000,-10000,-6499
="084893",0,30000,-30000,-32299
="084894",2000,150000,-148000,-135220
="084895",10000,10000,0,799
="084896",510000,28000,482000,498689
="084897",0,26000,-26000,-22937
="084898",0,12000,-12000,-17219
="085026",50000,11000,39000,41521
="085027",2000,386000,-384000,-251549
="085028",12000,1000,11000,10880
="085029",3000,300000,-297000,-552030
="085030",2000,34000,-32000,-11658
="085031",0,361000,-361000,-297248
="085032",200000,950000,-750000,-609749
="085126",50000,234000,-184000,-288408
="085127",511000,875000,-364000,-416505
="085128",2000,193000,-191000,-189769
="085129",0,543000,-543000,-358710
="085131",37000,152000,-115000,-141296
="085132",20000,6000,14000,17010
="085133",215000,338000,-123000,-120048
="085134",50000,163000,-113000,-82929
="085174",319000,70000,249000,233961
="085175",10000,12000,-2000,-1301
="085176",0,128000,-128000,-130306
="085177",0,90000,-90000,-59297
="085179",0,10000,-10000,-6800
="085180",0,84000,-84000,-75599
="085181",0,365000,-365000,-386978
="085182",18000,282000,-264000,-334205
="085183",81000,94000,-13000,-23119
="085265",0,50000,-50000,-41499
="085266",0,49000,-49000,-45359
="085267",50000,0,50000,51499
="085268",100000,0,100000,74000
="085269",0,119000,-119000,-104029
="085270",0,2000,-2000,-1980
="085431",0,21000,-21000,-21119
="085433",0,10000,-10000,-13200
="085435",0,38000,-38000,-25587
="085436",0,5000,-5000,-7749
="085438",0,20000,-20000,-19199
="085442",0,46000,-46000,-40177
="085443",0,391000,-391000,-341816
="1101",26251,18000,8251,343418
="1102",1000,5100,-4100,-175064
="1103",1,2000,-1999,-35282
="1104",20000,200,19800,425730
="1201",1,0,1,21
="1203",1,0,1,35
="1210",10002,237000,-226998,-11374999
="1215",2001,9,1992,145015
="1216",175000,103568,71432,4831980
="1217",2,1000,-998,-8632
="1218",1,0,1,29
="1219",1,0,1,20
="1220",3,0,3,38
="1227",5000,1000,4000,227201
="1229",1000,0,1000,41950
="1232",0,10,-10,-1330
="1234",4,0,4,131
="1236",4,0,4,55
="1259",2,0,2,149
="1301",94000,7100,86900,8475801
="1303",14000,1000,13000,930600
="1304",1,35016,-35015,-762076
="1305",129001,40000,89001,2365226
="1308",1,4000,-3999,-88578
="1309",52001,71000,-18999,-642964
="1310",1001,0,1001,18567
="1312",27001,100,26901,638362
="1313",4000,62000,-58000,-1036950
="1314",219004,213000,6004,60341
="1315",1000,73,927,67407
="1316",1,2000,-1999,-24937
="1319",3000,0,3000,106649
="1326",19000,0,19000,1590499
="1336",1,0,1,26
="1337",2000,4000,-2000,-18280
="1338",1,1000,-999,-66630
="1340",1,0,1,10
="1341",1,2000,-1999,-125537
="1402",21000,2000,19000,522000
="1414",1,0,1,13
="1416",101,0,101,1090
="1417",1,0,1,11
="1418",2,0,2,14
="1434",5033,0,5033,151245
="1435",1,0,1,26
="1437",0,20000,-20000,-464000
="1440",17001,4000,13001,180962
="1442",2000,0,2000,35400
="1445",1,0,1,13
="1449",1000,455,545,13282
="1452",0,2000,-2000,-34799
="1453",150000,0,150000,1256970
="1454",0,9000,-9000,-75099
="1455",1000,0,1000,10600
="1456",20000,0,20000,335599
="1459",2000,0,2000,16739
="1460",0,10000,-10000,-81499
="1471",10000,0,10000,57600
="1473",100,0,100,1745
="1476",1000,6000,-5000,-2134000
="1477",3000,4000,-1000,-207500
="1504",1,70300,-70299,-2073439
="1506",1,0,1,11
="1507",1,0,1,59
="1513",65001,30000,35001,1791749
="1514",1,0,1,24
="1515",95000,160000,-65000,-5651499
="1517",36000,16450,19550,283796
="1519",6000,1000,5000,226350
="1526",1,0,1,49
="1527",2000,1000,1000,45099
="1528",2,0,2,19
="1531",0,45,-45,-593
="1533",14000,12000,2000,156397
="1536",35000,194000,-159000,-18481500
="1538",1002,0,1002,7545
="1539",1000,0,1000,18600
="1558",1050,0,1050,158575
="1565",116,1000,-884,-245180
="1568",8000,4000,4000,109999
="1580",0,9000,-9000,-859498
="1582",3000,1000,2000,168998
="1584",1,0,1,11
="1586",0,5000,-5000,-242249
="1589",0,31000,-31000,-2575298
="1590",3000,1000,2000,2145000
="1592",3000,0,3000,23130
="1593",4000,7000,-3000,-383500
="1597",5000,16000,-11000,-1274500
="1598",36000,6000,30000,3254500
="1604",2001,0,2001,52825
="1605",222001,57000,165001,3064867
="1608",20000,1000,19000,257900
="1609",109001,59000,50001,1011919
="1611",1,0,1,13
="1612",4001,50000,-45999,-887832
="1614",0,3000,-3000,-105799
="1615",0,1000,-1000,-24750
="1618",0,10000,-10000,-130000
="1701",1001,1000,1,-78
="1702",1,0,1,46
="1707",2000,0,2000,356000
="1708",1,0,1,22
="1710",0,6000,-6000,-121200
="1711",23059,22000,1059,16193
="1712",1,1000,-999,-20980
="1714",0,451,-451,-4270
="1718",3,16000,-15997,-150000
="1721",154,0,154,1617
="1722",1001,300,701,37094
="1724",0,4000,-4000,-50300
="1731",17000,18000,-1000,-17449
="1732",1000,2000,-1000,-27250
="1733",1,3000,-2999,-69777
="1734",3001,7000,-3999,-130967
="1736",9000,0,9000,799099
="1737",1,0,1,32
="1742",1,0,1,20
="1752",6000,1000,5000,202051
="1760",2001,0,2001,166281
="1762",8001,14000,-5999,-367539
="1773",7000,1000,6000,630500
="1781",1,0,1,25
="1783",1001,0,1001,24924
="1784",1,2000,-1999,-79711
="1785",649001,330050,318951,15028176
="1786",1,0,1,57
="1789",12000,3000,9000,239050
="1795",0,2000,-2000,-153800
="1796",1,0,1,36
="1799",68000,1000,67000,1179901
="1802",63150,115000,-51850,-953835
="1810",3000,0,3000,28500
="1815",112001,67450,44551,667301
="1817",149000,0,149000,5005048
="1903",199,2000,-1801,-95051
="1904",1,2000,-1999,-62219
="1905",9000,1000,8000,87949
="1907",6001,66000,-59999,-1599172
="1909",117045,313000,-195955,-4823044
="2002",69211,53000,16211,393088
="2006",66001,42000,24001,818632
="2009",227000,274640,-47640,-1427108
="2010",0,30000,-30000,-400500
="2014",376397,108000,268397,4243983
="2022",0,2000,-2000,-13979
="2023",67001,11000,56001,725310
="2024",1,0,1,14
="2025",4,0,4,11
="2027",486000,232000,254000,7415097
="2028",3001,4000,-999,-23625
="2029",50,0,50,1050
="2030",5001,25000,-19999,-274788
="2031",32001,15000,17001,665539
="2033",10000,10000,0,-1351
="2034",0,3000,-3000,-80600
="2035",1,0,1,40
="2038",19000,118000,-99000,-1701798
="2049",18000,7000,11000,4535500
="2061",0,1000,-1000,-27200
="2065",0,2000,-2000,-90599
="2066",0,3000,-3000,-156899
="2101",0,18000,-18000,-777249
="2102",1,0,1,18
="2103",34001,355000,-320999,-8252974
="2104",1001,0,1001,25975
="2105",37023,0,37023,1609588
="2106",14000,8000,6000,207752
="2107",3001,0,3001,72172
="2108",1034001,16100,1017901,62850951
="2114",0,20000,-20000,-2110000
="2201",56000,73000,-17000,-730701
="2206",13001,2000,11001,357384
="2207",0,1000,-1000,-606000
="2208",200,99,101,2516
="2230",3000,171000,-168000,-2816541
="2231",0,70000,-70000,-13910500
="2233",7002,0,7002,657991
="2247",1000,1000,0,0
="2301",7000,20000,-13000,-785897
="2303",972347,4862000,-3889653,-221991456
="2308",22000,21010,990,307980
="2312",53001,36000,17001,222260
="2313",178001,69000,109001,4962894
="2314",6000,59000,-53000,-1824947
="2316",0,900,-900,-27990
="2317",488770,217438,271332,30665861
="2323",25002,8000,17002,141486
="2324",182000,1000,181000,3945899
="2327",97607,50000,47607,29702040
="2328",715001,193000,522001,22281932
="2329",903001,810000,93001,2060315
="2330",172191,79110,93081,60897384
="2331",227000,3107000,-2880000,-85877096
="2332",1001,140000,-138999,-3567771
="2337",3188251,3426100,-237849,-12236900
="2338",16000,317000,-301000,-16584800
="2340",5004,6000,-996,-25947
="2342",0,56021,-56021,-2091334
="2344",1688071,4677000,-2988929,-93980646
="2345",19002,71000,-51998,-14288448
="2347",20000,3000,17000,818045
="2348",2000,1000,1000,87500
="2349",46000,0,46000,481849
="2351",31000,34000,-3000,-238001
="2352",29001,21000,8001,231478
="2353",54801,105000,-50199,-1337442
="2354",39000,16000,23000,1611199
="2355",32000,62000,-30000,-1017050
="2356",29310,23000,6310,150897
="2357",6000,13000,-7000,-2050000
="2359",1,2000,-1999,-36682
="2360",28000,11000,17000,3861000
="2363",0,115100,-115100,-1982559
="2364",4,0,4,12
="2365",1,0,1,10
="2367",1,28000,-27999,-603727
="2368",92001,664000,-571999,-31708142
="2369",177001,129000,48001,783267
="2371",112001,106000,6001,184126
="2374",1,0,1,15
="2375",210000,291100,-81100,-11022600
="2376",98001,125048,-27047,-2342519
="2377",198200,64000,134200,20023200
="2379",11002,40000,-28998,-14266512
="2380",2,0,2,17
="2382",74000,15000,59000,5161898
="2383",15000,18000,-3000,-508000
="2385",0,3000,-3000,-269000
="2387",6029,2000,4029,275463
="2388",2000,181000,-179000,-9524899
="2390",10000,16000,-6000,-116250
="2392",42000,0,42000,1992849
="2393",161000,87000,74000,3346344
="2395",1000,1000,0,-3500
="2399",19000,19000,0,-3449
="2401",79002,137000,-57998,-1571544
="2402",1,3000,-2999,-53381
="2404",1000,0,1000,243500
="2405",1,1000,-999,-12288
="2406",1,1000,-999,-19880
="2408",413400,424200,-10800,-829620
="2409",3050372,1321918,1728454,31112041
="2412",13100,8000,5100,551400
="2413",1,33000,-32999,-836572
="2414",1,0,1,26
="2415",57000,55000,2000,114797
="2417",12001,6000,6001,285149
="2419",2,0,2,47
="2420",1,0,1,34
="2421",2000,21000,-19000,-1082497
="2424",1000,0,1000,24200
="2426",1003,57000,-55997,-1229483
="2428",11000,5000,6000,1289500
="2430",1,0,1,20
="2431",2,0,2,22
="2436",3001,6000,-2999,-145101
="2439",1000,3000,-2000,-272000
="2441",2004,6000,-3996,-296306
="2443",4,0,4,11
="2449",255000,7000,248000,9928500
="2453",0,2000,-2000,-35400
="2454",17276,6200,11076,10756433
="2455",42018,18000,24018,2736026
="2456",53092,43000,10092,1089992
="2457",43003,53000,-9997,-182346
="2458",70200,13000,57200,9980450
="2459",1000,0,1000,47000
="2460",54001,54000,1,1028
="2461",1001,12000,-10999,-198280
="2464",4,0,4,175
="2465",0,6000,-6000,-144299
="2467",4,3000,-2996,-133272
="2471",1002,9000,-7998,-223695
="2472",96000,10000,86000,6786600
="2474",12100,15100,-3000,-575850
="2476",26000,63000,-37000,-974248
="2478",19001,8000,11001,983183
="2480",1,0,1,69
="2481",70000,62000,8000,497400
="2484",2,0,2,49
="2485",2,3000,-2998,-55764
="2486",966001,239025,726976,16072660
="2488",2,0,2,63
="2489",401,0,401,4596
="2491",6000,0,6000,72000
="2492",47000,57000,-10000,-2674000
="2493",4,0,4,140
="2498",55003,11000,44003,1284338
="2504",5002,44000,-38998,-930552
="2505",205001,35000,170001,6101281
="2506",2,0,2,19
="2511",1,0,1,11
="2515",3,10000,-9997,-90573
="2516",3,0,3,14
="2520",2004,0,2004,67233
="2527",0,2000,-2000,-40299
="2530",2,0,2,29
="2534",1002,0,1002,18685
="2535",5003,0,5003,129828
="2536",0,3000,-3000,-66449
="2538",13002,0,13002,127550
="2539",0,2000,-2000,-61200
="2540",9000,0,9000,622798
="2542",22000,18000,4000,176150
="2546",2,0,2,97
="2547",2,0,2,22
="2548",0,1000,-1000,-87099
="2601",1000,6000,-5000,-50009
="2603",8038540,2390987,5647553,221914147
="2605",1069001,11010,1057991,21438417
="2606",303000,4000,299000,10568348
="2607",160000,94000,66000,1197702
="2608",1,0,1,42
="2609",6861870,1767300,5094570,143187883
="2610",855500,540000,315500,3759725
="2611",1000,0,1000,10449
="2612",1001,0,1001,34083
="2613",0,2000,-2000,-36400
="2614",1,0,1,16
="2615",175000,629100,-454100,-21315361
="2616",2,1,1,32
="2617",0,22000,-22000,-447349
="2618",542000,236616,305384,4392727
="2633",0,2000,-2000,-60099
="2636",3003,1000,2003,82771
="2637",0,2000,-2000,-53599
="2640",6000,0,6000,450000
="2641",10000,30000,-20000,-231999
="2705",1,0,1,20
="2707",30000,10000,20000,2955000
="2723",25000,15000,10000,1516500
="2726",0,1000,-1000,-70400
="2727",131002,90000,41002,6076284
="2731",228000,5561,222439,19519599
="2732",9000,2000,7000,972500
="2736",2000,0,2000,27100
="2754",500,0,500,37500
="2801",1000,0,1000,17049
="2812",0,4000,-4000,-43400
="2820",13012,0,13012,193379
="2823",100250,15164,85086,1943607
="2832",12000,0,12000,245750
="2834",10000,1000,9000,84969
="2836A",29,0,29,652
="2850",0,2000,-2000,-76699
="2855",36000,8000,28000,583498
="2867",10000,10000,0,-150
="2880",1,5548,-5547,-99345
="2881",42000,18690,23310,1163578
="2882",2100,200,1900,79641
="2883",8000,6000,2000,18409
="2884",5022,22000,-16978,-424202
="2885",227000,106100,120900,2588611
="2886",50000,0,50000,1455299
="2887",1000,148,852,10983
="2888",211000,60000,151000,1252749
="2889",12,7000,-6988,-93640
="2890",1,15000,-14999,-174738
="2891",5298,22900,-17602,-357578
="2891B",0,8,-8,-504
="2892",4978,200,4778,99798
="2912",161,0,161,42906
="2913",0,3000,-3000,-50250
="2915",59700,9000,50700,3733907
="2923",10000,0,10000,320000
="2929",4,0,4,52
="3003",9000,11000,-2000,-119500
="3005",0,29000,-29000,-1474447
="3006",183500,65000,118500,9668747
="3008",19040,8151,10889,38326865
="3014",579000,11100,567900,51812845
="3015",11000,109000,-98000,-4957600
="3016",86000,45000,41000,3083298
="3017",14000,60000,-46000,-3135998
="3018",1000,1000,0,-143
="3019",393001,338000,55001,5641299
="3023",17000,2000,15000,4027500
="3024",1000,0,1000,10800
="3025",2,11000,-10998,-328085
="3026",3000,1200,1800,224200
="3027",18000,13000,5000,101950
="3028",45,0,45,1068
="3030",0,16000,-16000,-937399
="3032",18000,9000,9000,403097
="3033",1000,2000,-1000,-19400
="3034",159009,116000,43009,22711710
="3035",120000,19000,101000,5793297
="3036",21000,33090,-12090,-534697
="3037",719000,502000,217000,20200202
="3038",3,0,3,57
="3041",3000,3000,0,248
="3042",110000,531000,-421000,-45389000
="3044",15000,4000,11000,1499500
="3045",1000,3000,-2000,-192400
="3047",3000,3027,-27,-209
="3048",2,0,2,46
="3049",0,90000,-90000,-937498
="3050",230000,66000,164000,3060901
="3051",0,600,-600,-3840
="3052",3,0,3,39
="3055",0,2018,-2018,-63623
="3056",2000,500,1500,59501
="3058",1000,3000,-2000,-27450
="3059",83401,58000,25401,942155
="3060",1,0,1,15
="3062",1,23000,-22999,-459981
="3066",2000,0,2000,15800
="3071",10000,8000,2000,53251
="3078",172500,143035,29465,1538384
="3081",0,1000,-1000,-302000
="3088",19,0,19,969
="3090",1,2000,-1999,-104547
="3092",21000,68000,-47000,-3495196
="3094",2,6000,-5998,-167144
="3105",41400,59000,-17600,-7349650
="3114",1000,3000,-2000,-45999
="3118",4,0,4,130
="3122",150001,5000,145001,3088522
="3128",2,0,2,40
="3131",0,2000,-2000,-781000
="3138",1021,0,1021,433925
="3141",102001,13025,88976,4585666
="3149",2001,7000,-4999,-140972
="3152",7000,1000,6000,2954000
="3163",4,0,4,208
="3164",1000,1000,0,-276
="3167",0,3000,-3000,-150899
="3169",129001,100000,29001,2802494
="3176",3500,121000,-117500,-8446300
="3178",4000,4000,0,-1198
="3189",288000,86200,201800,20022961
="3202",1,0,1,19
="3205",2,0,2,68
="3206",0,14000,-14000,-539798
="3211",4001,12000,-7999,-849394
="3213",1,0,1,50
="3217",2038,187000,-184962,-23530060
="3218",6000,14000,-8000,-2023000
="3221",160000,0,160000,3856000
="3227",12000,5000,7000,1291500
="3228",22000,18000,4000,1392500
="3231",101000,23000,78000,2448050
="3234",6400,3000,3400,142668
="3236",1,4000,-3999,-109123
="3257",0,1000,-1000,-85699
="3259",50000,31000,19000,924503
="3260",147001,149000,-1999,-230120
="3264",194000,1662000,-1468000,-67442947
="3265",0,24000,-24000,-699099
="3268",1,3000,-2999,-53982
="3272",3000,10000,-7000,-370301
="3276",69000,200,68800,921920
="3284",1,0,1,14
="3287",0,8000,-8000,-213600
="3289",3,1000,-997,-54729
="3290",4,0,4,62
="3293",24000,44000,-20000,-16994000
="3296",1000,3000,-2000,-43299
="3305",177002,240000,-62998,-2615719
="3306",2000,0,2000,39299
="3311",1,0,1,33
="3312",3,20000,-19997,-304354
="3313",1,0,1,11
="3317",25001,3001,22000,1153547
="3321",1000,0,1000,13949
="3322",32001,4000,28001,409463
="3323",1,10000,-9999,-506950
="3324",2011,15050,-13039,-2922922
="3325",1001,14000,-12999,-353972
="3338",1002,0,1002,60622
="3339",1000,0,1000,17000
="3346",0,30000,-30000,-1460200
="3354",0,100000,-100000,-1522647
="3360",4,0,4,60
="3362",8000,4000,4000,152400
="3363",333,0,333,9147
="3373",12000,0,12000,885199
="3374",74000,131010,-57010,-10376335
="3379",1,0,1,13
="3380",44202,4000,40202,1420148
="3390",1,0,1,15
="3402",3,0,3,97
="3406",33000,56000,-23000,-11862000
="3413",20000,58000,-38000,-9523500
="3416",0,1000,-1000,-78400
="3437",3002,19000,-15998,-530832
="3438",1000,1000,0,300
="3441",1001,1000,1,-1272
="3443",364030,131000,233030,112058390
="3450",3002,0,3002,193929
="3455",8000,55000,-47000,-2696599
="3466",100,0,100,1160
="3479",20,0,20,1110
="3481",6572089,1138400,5433689,88086570
="3483",242002,157271,84731,8866941
="3484",27000,55000,-28000,-2078498
="3490",1000,6000,-5000,-162350
="3491",0,18000,-18000,-1417198
="3498",3,0,3,127
="3504",46000,51000,-5000,-319698
="3508",1,0,1,27
="3515",1003,1000,3,453
="3516",0,1000,-1000,-16799
="3518",2,0,2,64
="3520",1,0,1,14
="3522",1,0,1,12
="3523",4001,0,4001,51413
="3526",2000,0,2000,208000
="3527",15001,12000,3001,315600
="3529",9000,22000,-13000,-11826000
="3530",0,1000,-1000,-119000
="3532",26000,5000,21000,3170000
="3533",7000,10000,-3000,-1568000
="3540",260001,205000,55001,4256971
="3545",112000,126100,-14100,-1491300
="3546",1000,1000,0,0
="3548",1,0,1,75
="3550",0,10000,-10000,-151499
="3552",20012,47000,-26988,-9983000
="3556",1,1131,-1130,-70447
="3557",2000,5000,-3000,-282601
="3563",1000,18000,-17000,-4964500
="3564",0,1000,-1000,-24799
="3567",5001,0,5001,162734
="3576",5099,63458,-58359,-801992
="3580",1002,1000,2,15
="3583",0,4000,-4000,-257398
="3587",23000,17000,6000,603000
="3588",1000,2000,-1000,-64400
="3594",1000,0,1000,24500
="3596",6000,5000,1000,97400
="3597",0,9000,-9000,-297498
="3605",31000,25000,6000,292351
="3615",0,13000,-13000,-315650
="3624",30000,0,30000,877749
="3625",1000,50000,-49000,-1103050
="3630",23000,29000,-6000,-365795
="3631",3000,2000,1000,51699
="3632",1,0,1,10
="3642",0,1000,-1000,-15300
="3645",3,1000,-997,-52841
="3646",2,0,2,55
="3653",13000,17000,-4000,-1313000
="3661",18000,5000,13000,12151000
="3663",152000,0,152000,3321200
="3665",4000,86000,-82000,-24963000
="3666",63000,81000,-18000,-1229499
="3669",3000,11000,-8000,-645199
="3673",22000,8000,14000,639751
="3679",4000,1000,3000,359000
="3680",14000,15000,-1000,-314500
="3685",0,9000,-9000,-335850
="3686",123000,120000,3000,68302
="3687",3,0,3,146
="3689",0,8000,-8000,-259048
="3691",24000,29000,-5000,-947500
="3702",9001,0,9001,401092
="3703",38000,25000,13000,279748
="3704",14000,48000,-34000,-1285002
="3706",5000,6000,-1000,-30149
="3707",114000,116000,-2000,-55099
="3708",20001,28000,-7999,-1206847
="3710",31001,35000,-3999,-47239
="3711",292497,357250,-64753,-6917690
="3712",146000,200,145800,4519860
="3714",21100,87100,-66000,-5643529
="4102",2001,12000,-9999,-269322
="4104",0,2000,-2000,-111800
="4105",7000,16000,-9000,-615799
="4106",100,41000,-40900,-1116698
="4108",117000,13071,103929,3126973
="4109",2,0,2,33
="4111",1,0,1,24
="4114",1,1000,-999,-25274
="4116",0,1000,-1000,-35500
="4119",1000,0,1000,94599
="4121",1,0,1,21
="4123",5000,30000,-25000,-1664695
="4126",0,1000,-1000,-70099
="4127",1,0,1,10
="4128",1000,4000,-3000,-208800
="4130",0,20000,-20000,-596250
="4133",76000,2000,74000,4377500
="4137",34000,38000,-4000,-933500
="4142",119000,870045,-751045,-48467542
="4157",2000,8000,-6000,-122399
="4160",1,0,1,24
="4162",5000,0,5000,304500
="4167",5000,1000,4000,130750
="4168",1000,7000,-6000,-172649
="4171",2000,2000,0,-2000
="4173",200001,210000,-9999,-195778
="4174",38000,2000,36000,4826000
="4183",0,1000,-1000,-21649
="4192",22000,18000,4000,266403
="4402",2,0,2,10
="4414",0,4000,-4000,-40899
="4416",2000,0,2000,209500
="4420",2000,1350,650,15072
="4426",1000,0,1000,26950
="4433",0,2000,-2000,-82400
="4510",1,0,1,11
="4526",50,0,50,755
="4528",1000,6000,-5000,-266300
="4529",0,5000,-5000,-54499
="4532",0,2000,-2000,-41200
="4533",1,0,1,11
="4536",0,5000,-5000,-767000
="4545",0,2000,-2000,-60700
="4552",0,49000,-49000,-1689797
="4562",3000,0,3000,60300
="4564",426000,83000,343000,13741595
="4566",14000,6000,8000,555300
="4571",0,28000,-28000,-2809698
="4572",5000,0,5000,419699
="4576",24000,10000,14000,2441000
="4581",0,3000,-3000,-113100
="4712",2,0,2,12
="4714",1,0,1,11
="4716",1,1000,-999,-14934
="4720",1000,9000,-8000,-128000
="4721",7002,2000,5002,330130
="4722",1000,0,1000,31200
="4726",40000,1000,39000,1460151
="4735",1,3000,-2999,-289104
="4736",16000,22000,-6000,-1177500
="4737",18000,0,18000,1400400
="4739",38000,48000,-10000,-688599
="4743",4999,83200,-78201,-19863054
="4746",17000,20000,-3000,-169502
="4755",1000,0,1000,63700
="4760",35000,20000,15000,1870000
="4763",0,3000,-3000,-378000
="4803",4000,0,4000,155900
="4903",4,0,4,34
="4904",1000,1000,0,-99
="4906",66000,0,66000,2028748
="4909",1,1000,-999,-21877
="4912",43000,59000,-16000,-2378000
="4915",45000,32000,13000,862103
="4916",2,0,2,49
="4919",16200,11300,4900,236482
="4927",2000,4000,-2000,-142301
="4930",0,2000,-2000,-39200
="4933",2000,0,2000,91999
="4934",3000,8000,-5000,-129551
="4935",7000,1000,6000,612000
="4938",20000,29600,-9600,-730950
="4939",3,0,3,69
="4943",1000,14000,-13000,-1086600
="4946",100,31000,-30900,-1212645
="4950",1000,110000,-109000,-2567049
="4952",11000,10000,1000,48149
="4953",5002,23000,-17998,-1693409
="4956",1003,6000,-4997,-106784
="4958",28000,9000,19000,2293500
="4960",12004,8000,4004,47397
="4961",321000,141000,180000,35644000
="4966",4000,23000,-19000,-26095000
="4967",9002,37000,-27998,-1520691
="4968",26000,49000,-23000,-13726000
="4973",22001,0,22001,548225
="4974",2003,3000,-997,-58019
="4976",28000,19000,9000,1017500
="4979",1001,0,1001,25125
="4989",0,1000,-1000,-26049
="4994",0,2000,-2000,-150000
="5009",1,0,1,16
="5011",5000,5729,-729,-29775
="5014",86001,476000,-389999,-7963778
="5203",0,3000,-3000,-312500
="5213",1000,0,1000,17250
="5215",2000,13000,-11000,-1490500
="5223",551000,1000,550000,50395295
="5227",1,15382,-15381,-220787
="5243",95000,61000,34000,2366504
="5251",1,0,1,12
="5263",2000,1000,1000,107000
="5269",9000,3006,5994,10394350
="5272",2001,176000,-173999,-4226620
="5274",1000,1000,0,0
="5278",0,1000,-1000,-146000
="5283",1000,0,1000,143000
="5285",1000,1000,0,-699
="5291",2000,0,2000,48649
="5299",53051,2000,51051,6562608
="5306",6000,0,6000,1240000
="5309",48000,10001,37999,1706009
="5314",2,0,2,12
="5315",2,0,2,32
="5324",1,0,1,11
="5328",1000,0,1000,14050
="5347",20000,63000,-43000,-5386000
="5351",1,10000,-9999,-238376
="5355",2002,0,2002,13133
="5356",1,0,1,27
="5371",25101,63100,-37999,-1805182
="5381",0,5000,-5000,-31349
="5383",2000,0,2000,49599
="5386",66000,1000,65000,5226000
="5392",0,10000,-10000,-270000
="5410",1,0,1,21
="5425",137001,102000,35001,2141859
="5426",1,0,1,11
="5434",1000,0,1000,122000
="5438",1,0,1,13
="5439",154000,67000,87000,5554995
="5443",5001,3000,2001,90492
="5457",3000,16000,-13000,-1203799
="5460",1,0,1,12
="5465",0,3000,-3000,-57499
="5469",38000,12000,26000,1172695
="5471",241002,273050,-32048,-2721731
="5478",3002,2000,1002,97394
="5481",1,0,1,13
="5483",551001,127098,423903,73848464
="5484",0,9000,-9000,-143299
="5488",2,9000,-8998,-59417
="5490",3,0,3,80
="5498",1000,16000,-15000,-251201
="5512",1,0,1,10
="5519",6000,0,6000,95599
="5522",30000,0,30000,1542000
="5529",1,0,1,10
="5536",1000,4000,-3000,-607000
="5603",169000,0,169000,3362849
="5608",62000,47000,15000,177498
="5609",11001,0,11001,705162
="5701",4,0,4,10
="5706",0,83,-83,-2967
="5820",62,886,-824,-10011
="5871",1000,3000,-2000,-345500
="5876",9000,0,9000,353899
="5880",0,7100,-7100,-142354
="5903",100,0,100,26000
="5904",9,0,9,5130
="5905",42001,75000,-32999,-356589
="6005",1000,0,1000,14000
="6015",10001,0,10001,112511
="6016",2001,11000,-8999,-138085
="6024",1000,0,1000,37950
="6104",14001,120088,-106087,-7571024
="6108",6002,0,6002,130646
="6115",70000,4000,66000,2858200
="6116",798000,393090,404910,5421265
="6118",4000,0,4000,50648
="6120",28000,29000,-1000,-14001
="6121",0,2000,-2000,-699500
="6122",1,0,1,12
="6123",97000,90,96910,4608069
="6125",4001,3000,1001,25275
="6126",179001,253000,-73999,-2268522
="6127",12001,10000,2001,52277
="6129",10001,9000,1001,18370
="6134",12001,1000,11001,249773
="6138",80000,6000,74000,6688698
="6139",0,5000,-5000,-157349
="6141",208000,1000,207000,6701297
="6143",7003,2000,5003,210622
="6147",246251,22000,224251,16876221
="6150",51000,52000,-1000,-117000
="6151",5000,0,5000,138750
="6152",0,10000,-10000,-94899
="6153",8000,1000,7000,250249
="6154",76,0,76,984
="6155",20000,11000,9000,259649
="6158",1,0,1,33
="6160",1001,0,1001,14714
="6163",1,0,1,17
="6164",15000,28000,-13000,-152302
="6165",20000,16000,4000,219601
="6167",2,0,2,16
="6168",60000,13000,47000,876449
="6169",1,0,1,30
="6170",1,1000,-999,-17832
="6173",20000,16000,4000,282400
="6175",113000,76000,37000,1536348
="6176",14000,28000,-14000,-1671000
="6180",1,7000,-6999,-453534
="6182",724001,119737,604264,26505680
="6184",0,12000,-12000,-510599
="6185",74,0,74,965
="6186",1,0,1,28
="6187",55000,21000,34000,4206500
="6188",1001,12000,-10999,-435060
="6189",0,3000,-3000,-108299
="6190",1,20000,-19999,-380981
="6191",52000,65000,-13000,-337051
="6192",1000,0,1000,69000
="6195",0,3000,-3000,-151200
="6196",15000,14000,1000,125500
="6197",3002,0,3002,113926
="6201",43000,53000,-10000,-505499
="6202",20000,16000,4000,356500
="6203",18000,77000,-59000,-5580396
="6206",16,0,16,966
="6207",5001,5000,1,-473
="6208",124000,12100,111900,4972838
="6209",16000,10000,6000,232350
="6213",15000,11000,4000,572000
="6215",0,5000,-5000,-96999
="6217",10002,0,10002,377075
="6219",9000,0,9000,189000
="6220",1,0,1,27
="6221",0,1000,-1000,-58400
="6223",42011,38000,4011,537809
="6224",26060,25000,1060,45125
="6229",1001,5000,-3999,-127918
="6231",11000,9000,2000,223702
="6233",6001,61000,-54999,-2366807
="6235",0,1000,-1000,-22000
="6237",22002,17000,5002,459189
="6239",60100,37000,23100,2443300
="6243",3003,2000,1003,13600
="6244",10001,1000,9001,281731
="6245",5000,0,5000,334000
="6246",1,7,-6,-93
="6251",0,5000,-5000,-97849
="6257",103000,110000,-7000,-354198
="6261",1001,0,1001,63563
="6264",0,1000,-1000,-7039
="6265",2,0,2,15
="6269",52444,56000,-3556,-470295
="6270",10000,0,10000,203999
="6271",101000,39000,62000,14210500
="6274",143000,28000,115000,14684500
="6275",65000,79000,-14000,-383850
="6276",80000,25,79975,3282831
="6278",60000,29000,31000,3725000
="6279",18000,7000,11000,1310000
="6282",29000,65000,-36000,-1088050
="6283",10000,1000,9000,396699
="6284",89000,44200,44800,3577400
="6285",3000,2200,800,65501
="6288",4000,4000,0,50
="6290",30001,4000,26001,1465356
="6404",3,0,3,15
="6409",3000,2000,1000,1345000
="6411",18000,13000,5000,562500
="6412",60000,0,60000,4730000
="6414",5000,27000,-22000,-5702500
="6415",1,0,1,2995
="6416",51000,40000,11000,1365500
="6417",0,2000,-2000,-151099
="6425",0,58000,-58000,-1955793
="6426",0,4000,-4000,-427000
="6432",2000,1088,912,35721
="6435",9000,7000,2000,258500
="6438",21001,0,21001,1927987
="6441",209000,22000,187000,28370500
="6443",47050,16000,31050,1166257
="6446",0,1000,-1000,-118000
="6449",5001,0,5001,293859
="6451",5000,0,5000,662500
="6456",161000,4000,157000,17460000
="6457",0,2000,-2000,-221000
="6462",23000,2000,21000,3251500
="6472",0,1000,-1000,-195000
="6477",1000,2000,-1000,-61799
="6485",123000,166000,-43000,-3740100
="6488",167806,29300,138506,106936902
="6491",0,1000,-1000,-274500
="6492",0,1000,-1000,-200500
="6494",5000,70000,-65000,-4507795
="6504",1000,2050,-1050,-178000
="6505",30000,3000,27000,2661801
="6509",53001,1000,52001,1436424
="6510",2000,1000,1000,916000
="6512",1000,1000,0,-152
="6514",2000,0,2000,89449
="6516",21000,0,21000,1898400
="6525",16000,30000,-14000,-1144500
="6531",27000,24000,3000,2466000
="6533",37000,33000,4000,1902500
="6535",1000,2000,-1000,-36251
="6538",1000,4000,-3000,-515500
="6541",3000,0,3000,134850
="6547",500,6000,-5500,-1188000
="6548",1000,4000,-3000,-200201
="6552",1000,1000,0,500
="6561",4000,0,4000,1243000
="6569",50,0,50,6550
="6576",3000,11000,-8000,-724397
="6582",0,6000,-6000,-836000
="6588",0,2000,-2000,-136200
="6589",5000,3000,2000,131000
="6591",9002,0,9002,577926
="6594",0,2000,-2000,-62600
="6598",41000,0,41000,2351899
="6605",0,1000,-1000,-62200
="6629",1000,0,1000,64000
="6642",3000,1000,2000,136199
="6643",0,4000,-4000,-1362500
="6655",0,1000,-1000,-51000
="6668",1000,1000,0,1000
="6669",1000,1000,0,-16000
="6670",1000,89000,-88000,-17482500
="6672",0,5000,-5000,-440800
="6679",6000,0,6000,1627500
="6683",6000,3000,3000,996500
="6698",2000,0,2000,86299
="6706",1000,9000,-8000,-1295500
="6712",0,1000,-1000,-266000
="6715",0,1000,-1000,-125500
="6716",3000,60000,-57000,-5493196
="6728",1000,0,1000,57500
="6732",114,0,114,86774
="6733",10000,4000,6000,194501
="6743",76000,254100,-178100,-25740400
="6747",1000,1000,0,-1000
="6752",1000,0,1000,58099
="6756",1000,0,1000,291500
="6762",16000,0,16000,4711000
="711479",103000,0,103000,141829
="711701",1000,0,1000,300
="712071",161000,61000,100000,244328
="712326",0,120000,-120000,-35796
="712327",10000,0,10000,500
="712370",50000,0,50000,82000
="712616",5000,0,5000,16000
="712633",0,11000,-11000,-6439
="712916",60000,137000,-77000,-101876
="712920",10000,13000,-3000,-1221
="712922",0,49000,-49000,-57556
="712979",166000,0,166000,97939
="712980",10000,28000,-18000,-16599
="712981",44000,12000,32000,19010
="713036",1000,0,1000,2750
="713040",0,20000,-20000,-30399
="713042",10000,10000,0,200
="713074",47000,0,47000,18709
="713085",30000,0,30000,15899
="713182",80000,0,80000,11300
="713184",0,10000,-10000,-3799
="713321",499000,0,499000,139720
="713325",15000,0,15000,48849
="713326",13000,53000,-40000,-124227
="713327",848000,438000,410000,161410
="713514",3000,0,3000,29
="713516",0,1000,-1000,-360
="713587",0,3000,-3000,-348
="713649",14000,5000,9000,14210
="713651",10000,0,10000,20664
="713653",0,30000,-30000,-3999
="713654",900000,0,900000,63000
="713675",1274000,858000,416000,141510
="713676",2000,0,2000,3359
="713833",0,1000,-1000,-1409
="713938",400000,0,400000,103999
="713979",2000,0,2000,3819
="714011",10000,20000,-10000,-1999
="714033",20000,0,20000,17799
="714034",48000,0,48000,53978
="714211",0,10000,-10000,-7400
="714236",0,5000,-5000,-3499
="714238",1000,0,1000,519
="714239",20000,40000,-20000,-7400
="714272",0,31000,-31000,-6219
="714366",931000,55000,876000,710231
="714385",5000,336000,-331000,-188040
="714431",0,10000,-10000,-4399
="714489",219000,67000,152000,162599
="714513",1000,101000,-100000,-76169
="714516",1325000,145000,1180000,466700
="714517",0,252000,-252000,-249154
="714518",45000,163000,-118000,-72728
="714620",27000,0,27000,26939
="714622",37000,0,37000,33787
="714624",31000,37000,-6000,-4551
="714685",50000,10000,40000,11599
="714714",30000,10000,20000,6199
="714755",63000,0,63000,93200
="714795",51000,2000,49000,36400
="714837",0,20000,-20000,-15800
="714856",40000,5000,35000,32700
="714858",444000,298000,146000,99236
="714859",199000,0,199000,118598
="714860",50000,364000,-314000,-434134
="714889",57000,0,57000,24510
="714950",60000,50000,10000,16103
="714995",22000,1000,21000,10080
="715012",58000,246000,-188000,-202653
="715013",157000,20000,137000,70448
="715065",0,6000,-6000,-3458
="715066",406000,409000,-3000,-35536
="715067",10000,12000,-2000,-4479
="715069",0,10000,-10000,-12899
="715070",0,142000,-142000,-131538
="715072",314000,162000,152000,104349
="715073",28000,44000,-16000,-121550
="715116",148000,0,148000,218910
="715158",20000,4000,16000,4000
="715159",0,46000,-46000,-21459
="715163",160000,16000,144000,331410
="715164",30000,44000,-14000,-32750
="715180",403000,0,403000,265708
="715181",107000,1000,106000,217428
="715239",76000,148000,-72000,-104998
="715250",0,40000,-40000,-45599
="715287",60000,0,60000,62298
="715288",71000,0,71000,43310
="715327",748000,1022000,-274000,-326858
="715417",10000,1000,9000,34941
="715476",300000,0,300000,669000
="715478",100000,142000,-42000,-25839
="715519",868000,275000,593000,653434
="715520",265000,35000,230000,299440
="715521",2000,0,2000,2319
="715552",57000,1000,56000,107237
="715553",16000,192000,-176000,-102509
="715554",367000,265000,102000,86452
="715555",571000,127000,444000,523267
="715577",6000,0,6000,3899
="715609",30000,0,30000,35099
="715657",74000,55000,19000,18130
="715660",132000,24000,108000,258947
="715661",420000,226000,194000,253850
="715662",147000,20000,127000,153579
="715693",2000,2000,0,-60
="715694",151000,55000,96000,122412
="715743",2000,0,2000,5568
="715813",41000,160000,-119000,-195689
="715814",0,243000,-243000,-145699
="715815",43000,37000,6000,17400
="715850",0,10000,-10000,-7799
="715901",0,23000,-23000,-65377
="715902",127000,0,127000,84189
="715935",50000,210000,-160000,-214297
="715971",633000,209000,424000,548880
="715972",232000,0,232000,489519
="716032",772000,201000,571000,917166
="716033",2000,138000,-136000,-75240
="716034",717000,10000,707000,556470
="716036",98000,0,98000,97040
="716037",1000,19000,-18000,-35859
="716111",0,42000,-42000,-35639
="716112",23000,30000,-7000,-15209
="716137",544000,441000,103000,75279
="716252",20000,0,20000,11200
="716295",24000,147000,-123000,-254459
="716296",116000,323000,-207000,-391057
="716297",90000,107000,-17000,-30970
="716298",36000,0,36000,104028
="716299",242000,0,242000,411950
="716300",30000,0,30000,149299
="716325",0,20000,-20000,-37400
="716327",1000,0,1000,4000
="716347",0,29000,-29000,-40160
="716357",10000,0,10000,17138
="716367",15000,0,15000,24150
="716368",125000,135000,-10000,-30824
="716369",278000,895000,-617000,-1413450
="716370",499000,428000,71000,137390
="716382",0,55000,-55000,-136210
="716384",0,6000,-6000,-4958
="716433",30000,0,30000,44398
="716507",514000,24000,490000,361270
="716508",29000,5000,24000,18508
="716590",11000,60000,-49000,-63509
="716591",0,61000,-61000,-69346
="716592",9000,5000,4000,3749
="716594",30000,6000,24000,24658
="716595",108000,146000,-38000,-94921
="716596",45000,184000,-139000,-341320
="716662",1000,0,1000,1549
="716677",48000,50000,-2000,-699
="716759",10000,0,10000,12500
="716760",0,30000,-30000,-38699
="716761",0,81000,-81000,-46178
="716816",0,40000,-40000,-32000
="716837",343000,10000,333000,474286
="716838",0,1000,-1000,-819
="716905",60000,766000,-706000,-565675
="716907",281000,18000,263000,383011
="716908",411000,116000,295000,386510
="716933",25000,25000,0,-4500
="716953",151000,9000,142000,162570
="716954",30000,388000,-358000,-413589
="716955",11000,0,11000,11659
="716956",209000,153000,56000,65922
="716957",134000,50000,84000,58118
="716958",640000,113000,527000,628695
="716997",135000,569000,-434000,-428666
="716998",266000,270000,-4000,-1132
="716999",218000,0,218000,144889
="717000",8000,0,8000,5760
="717001",115000,10000,105000,60799
="717007",20000,0,20000,54499
="717024",184000,1000,183000,212598
="717044",10000,0,10000,27999
="717086",36000,10000,26000,22100
="717087",4000,25000,-21000,-22390
="717088",0,65000,-65000,-63848
="717101",7000,309000,-302000,-382838
="717102",176000,255000,-79000,-103170
="717103",0,10000,-10000,-9700
="717145",0,95000,-95000,-90748
="717192",1000,0,1000,26000
="717199",3000,0,3000,3029
="717203",10000,112000,-102000,-360487
="717204",45000,57000,-12000,-47828
="717205",0,2000,-2000,-9079
="717206",10000,200000,-190000,-95399
="717208",13000,0,13000,33708
="717210",39000,1000,38000,97289
="717306",53000,276000,-223000,-156258
="717307",170000,74000,96000,52980
="717308",2000,0,2000,1480
="717309",584000,15000,569000,398038
="717310",30000,313000,-283000,-172927
="717311",16000,154000,-138000,-151089
="717351",0,139000,-139000,-117759
="717352",310000,164000,146000,84269
="717353",31000,319000,-288000,-819770
="717354",2000,0,2000,2000
="717355",1000,0,1000,930
="717356",90000,94000,-4000,-1180
="717358",60000,45000,15000,13548
="717359",37000,20000,17000,8468
="717362",0,493000,-493000,-340056
="717363",303000,159000,144000,128829
="717364",0,186000,-186000,-256475
="717365",0,5000,-5000,-5077
="717459",275000,164000,111000,65330
="717460",807000,631000,176000,87235
="717461",10000,697000,-687000,-1567923
="717462",0,240000,-240000,-148600
="717463",600000,500000,100000,23001
="717464",351000,332000,19000,19651
="717465",179000,357000,-178000,-135907
="717466",278000,30000,248000,328519
="717468",734000,681000,53000,16229
="717469",121000,223000,-102000,-115987
="717474",10000,0,10000,40799
="717476",10000,0,10000,41399
="717500",29000,0,29000,144350
="717506",0,3000,-3000,-2099
="717509",45000,0,45000,151299
="717513",1000,0,1000,1440
="717514",83000,50000,33000,38519
="717515",0,177000,-177000,-113407
="717516",188000,173000,15000,14420
="717517",108000,8000,100000,64239
="717519",448000,302000,146000,136291
="717520",964000,130000,834000,687530
="717521",1000,1000,0,0
="717522",112000,53000,59000,28430
="717523",291000,105000,186000,305726
="717524",416000,178000,238000,304801
="717525",593000,567000,26000,31691
="717526",0,1000,-1000,-1019
="717566",64000,13000,51000,32379
="717568",80000,0,80000,48800
="717569",491000,453000,38000,29781
="717570",239000,76000,163000,152009
="717601",51000,618000,-567000,-403589
="717603",0,63000,-63000,-65336
="717604",802000,56000,746000,762814
="717607",500000,294000,206000,115841
="717608",9000,11000,-2000,-1360
="717609",261000,138000,123000,152113
="717610",30000,0,30000,14099
="717635",44000,520000,-476000,-491717
="717636",10000,1000,9000,4739
="717638",244000,0,244000,167939
="717639",996000,1321000,-325000,-329956
="717640",399000,13000,386000,593997
="717641",246000,112000,134000,161461
="717683",266000,42000,224000,158699
="717684",72000,515000,-443000,-254878
="717685",30000,330000,-300000,-233999
="717686",0,35000,-35000,-15298
="717688",162000,191000,-29000,-21297
="717689",96000,50000,46000,67024
="717734",0,151000,-151000,-84275
="717735",150000,201000,-51000,-38978
="717736",352000,567000,-215000,-210305
="717737",51000,175000,-124000,-141358
="717738",143000,23000,120000,122279
="717739",211000,38000,173000,174986
="717740",54000,27000,27000,31941
="717741",925000,95000,830000,530750
="717742",1070000,254000,816000,825822
="717773",278000,38000,240000,291753
="717776",80000,472000,-392000,-309746
="717777",0,443000,-443000,-255637
="717778",0,60000,-60000,-27998
="717779",10000,146000,-136000,-105878
="717780",2000,54000,-52000,-34929
="717786",20000,0,20000,10199
="717815",70000,236000,-166000,-118778
="717816",337000,1008000,-671000,-521011
="717817",238000,45000,193000,81000
="717818",105000,157000,-52000,-35969
="717819",66000,43000,23000,9649
="717820",30000,60000,-30000,-18610
="717858",86000,0,86000,50768
="717860",150000,128000,22000,19100
="717862",240000,14000,226000,114760
="717916",0,447000,-447000,-289169
="717918",10000,0,10000,6399
="717920",0,110000,-110000,-151499
="717950",73000,479000,-406000,-362908
="717951",32000,3000,29000,32029
="717953",45000,174000,-129000,-88180
="717956",100000,0,100000,47999
="717957",156000,117000,39000,39029
="717958",2000,330000,-328000,-193278
="717959",60000,0,60000,36000
="717960",0,100000,-100000,-50999
="717962",20000,472000,-452000,-417358
="717963",48000,0,48000,40320
="718039",275000,124000,151000,220760
="718040",877000,173000,704000,603209
="718041",180000,403000,-223000,-226716
="718042",7000,8000,-1000,-2359
="718044",0,20000,-20000,-11799
="718045",300000,232000,68000,31082
="718046",260000,205000,55000,43850
="718047",119000,625000,-506000,-261000
="718048",5000,0,5000,2099
="718093",230000,667000,-437000,-444886
="718094",277000,525000,-248000,-223675
="718095",16000,100000,-84000,-87418
="718096",170000,173000,-3000,-2810
="718097",0,50000,-50000,-44999
="718098",0,168000,-168000,-163310
="718099",30000,67000,-37000,-33869
="718100",0,13000,-13000,-7199
="718101",0,130000,-130000,-78000
="718104",70000,1152000,-1082000,-608831
="718175",65000,303000,-238000,-239278
="718178",0,16000,-16000,-8800
="718179",130000,0,130000,79400
="718180",14000,418000,-404000,-304397
="718218",134000,9000,125000,75000
="718219",20000,0,20000,10800
="718220",20000,0,20000,15199
="718221",10000,0,10000,5699
="718223",126000,132000,-6000,-4459
="718224",0,55000,-55000,-52698
="718225",20000,60000,-40000,-29849
="718263",20000,457000,-437000,-376675
="718265",20000,84000,-64000,-24219
="718266",40000,16000,24000,18690
="718307",20000,21000,-1000,-1359
="718309",0,2000,-2000,-1460
="718310",390000,808000,-418000,-406215
="718359",725000,732000,-7000,-2768
="718360",13000,1287000,-1274000,-1309806
="718361",160000,407000,-247000,-283107
="718362",0,575000,-575000,-665104
="718363",42000,260000,-218000,-335116
="718407",0,60000,-60000,-61199
="718461",128000,377000,-249000,-351679
="718462",199000,15000,184000,159650
="718463",150000,200000,-50000,-55499
="718464",20000,20000,0,701
="718465",10000,0,10000,5699
="718466",30000,2000,28000,22420
="718467",465000,234000,231000,175460
="718469",0,15000,-15000,-11249
="718470",0,462000,-462000,-378579
="718471",47000,82000,-35000,-24370
="718472",118000,0,118000,172800
="718487",1000,0,1000,2180
="718490",55000,222000,-167000,-266092
="718491",5000,78000,-73000,-75219
="718492",240000,735000,-495000,-456538
="718493",489000,429000,60000,34572
="718494",22000,258000,-236000,-216008
="718515",0,10000,-10000,-11499
="718516",5000,0,5000,4900
="718517",260000,95000,165000,184350
="718544",31000,262000,-231000,-216790
="718545",50000,13000,37000,46220
="718546",100000,111000,-11000,-14569
="718547",203000,106000,97000,107250
="718574",50000,0,50000,112999
="73655P",2000,40000,-38000,-20118
="73686P",5000,0,5000,5950
="73717P",0,48000,-48000,-34579
="73719P",0,10000,-10000,-4059
="73740P",32000,0,32000,28479
="73748P",0,76000,-76000,-120270
="73754P",1000,4000,-3000,-2469
="73755P",3000,5000,-2000,-2349
="73764P",42000,200000,-158000,-94220
="73796P",15000,0,15000,1199
="73799P",0,616000,-616000,-87659
="73803P",50000,150000,-100000,-34291
="73805P",170000,220000,-50000,-12999
="73833P",0,1000,-1000,-1059
="73859P",10000,190000,-180000,-127599
="7556",2000,40000,-38000,-7139000
="8011",0,1000,-1000,-22850
="8016",35000,77000,-42000,-7371500
="8021",5000,3000,2000,56699
="8027",3001,5000,-1999,-174514
="8028",1000,0,1000,54099
="8033",51000,2163,48837,840478
="8034",0,2000,-2000,-36299
="8038",0,2000,-2000,-70400
="8039",5000,0,5000,263999
="8040",39001,38100,901,78825
="8043",2000,2000,0,100
="8044",30000,5000,25000,2110497
="8046",242324,179000,63324,19029233
="8049",14001,5000,9001,204621
="8050",1001,1000,1,-64
="8054",27081,0,27081,1001997
="8064",1,0,1,15
="8069",639001,198000,441001,23517152
="8070",181000,193000,-12000,-462202
="8076",6301,3000,3301,99784
="8080",1,0,1,11
="8081",7000,2000,5000,1005500
="8085",4002,0,4002,33018
="8086",33001,23000,10001,1731170
="8087",2000,0,2000,39299
="8088",2001,4000,-1999,-62317
="8092",5000,4000,1000,9660
="8093",5000,0,5000,59499
="8096",58001,30000,28001,358411
="8103",4000,4000,0,-1251
="8105",2000,0,2000,26899
="8110",317000,307000,10000,164797
="8111",2001,1000,1001,17516
="8112",10000,1000,9000,346296
="8121",3000,0,3000,53399
="8147",0,1000,-1000,-44000
="8150",93002,33000,60002,2273072
="8155",0,8000,-8000,-979000
="8163",17001,5000,12001,533093
="8171",7003,0,7003,369458
="8176",2,0,2,18
="8182",0,10000,-10000,-303999
="8183",215001,406000,-190999,-5751967
="8210",2000,0,2000,168700
="8213",7000,3000,4000,192951
="8215",27000,2000,25000,794201
="8234",10000,0,10000,251000
="8249",10000,0,10000,201049
="8255",1,0,1,125
="8261",1000,5000,-4000,-208998
="8271",1000,1000,0,51
="8277",4,301000,-300996,-3411503
="8299",19000,15000,4000,1757000
="8341",1100,0,1100,244150
="8349",325000,1000,324000,23068598
="8358",223002,351000,-127998,-7943073
="8383",76001,34000,42001,1820841
="8390",128000,16000,112000,3929851
="8403",0,1200,-1200,-39057
="8404",5000,2000,3000,91399
="8406",7,0,7,1001
="8409",0,1000,-1000,-19100
="8422",15,0,15,2422
="8427",0,8000,-8000,-432499
="8429",0,8000,-8000,-70239
="8431",2000,3000,-1000,-75399
="8435",2000,0,2000,103199
="8436",14000,6000,8000,1676000
="8462",1000,1000,0,500
="8464",1000,5000,-4000,-1535000
="8477",1,0,1,36
="8489",2000,0,2000,107299
="8916",2,0,2,85
="8924",15000,47000,-32000,-2451301
="8926",10000,0,10000,379000
="8927",1,0,1,20
="8929",48,0,48,993
="8936",252501,0,252501,6804072
="8938",153000,68000,85000,4232096
="8942",0,1000,-1000,-61799
="8996",120,0,120,6455
="9103",4000,8000,-4000,-101600
="9105",30000,54000,-24000,-97021
="911616",4000,0,4000,7960
="911622",1000,1000,0,-20
="912398",1000,1000,0,-51
="9802",0,11000,-11000,-1282000
="9904",27033,0,27033,800875
="9905",0,1000,-1000,-23100
="9908",0,1000,-1000,-33500
="9910",5000,0,5000,922000
="9911",6000,10000,-4000,-215699
="9914",12000,23000,-11000,-3237000
="9917",10024,0,10024,875104
="9919",2000,5000,-3000,-87150
="9921",26000,0,26000,7325000
="9924",22,3000,-2978,-131505
="9929",10000,0,10000,131999
="9935",1000,0,1000,28799
="9938",2000,110000,-108000,-9260198
="9939",4000,4309,-309,-19805
="9941",5000,0,5000,532500
="9942",121000,92000,29000,2661201
="9945",82000,11000,71000,2925799
="9949",1000,1000,0,-229
="9951",1000,0,1000,91300
="9955",5000,0,5000,93999
="9958",148000,10000,138000,15745000
