="0050",81505,111142,-29637,-3879455
="0051",1000,0,1000,44810
="0052",65000,2000,63000,8182547
="0053",2000,0,2000,132000
="0056",1000,52001,-51001,-1556839
="0061",30000,20000,10000,251270
="006208",250400,243000,7400,573510
="00631L",0,4000,-4000,-412349
="00632R",1353000,1000,1352000,8749226
="00633L",3000,7000,-4000,-306650
="00635U",9000,0,9000,225447
="00637L",325000,155000,170000,5209542
="00638R",10000,0,10000,74800
="00639",0,10000,-10000,-180699
="00641R",0,8000,-8000,-92160
="00642U",2423000,327000,2096000,19220680
="00645",1000,0,1000,24100
="00653L",15000,25000,-10000,-342001
="00664R",550000,0,550000,4028999
="00676R",1000,0,1000,4000
="00677U",150500,880000,-729500,-2849666
="00679B",0,2000,-2000,-86580
="00682U",0,22000,-22000,-398420
="00687B",50000,54000,-4000,-180600
="00688L",50000,50000,0,0
="00689R",50000,50000,0,0
="00692",50,3000,-2950,-97819
="00693U",14000,0,14000,291378
="00694B",50000,50000,0,0
="00695B",50000,50000,0,0
="00696B",100000,100000,0,0
="00697B",50000,50000,0,0
="00701",0,1000,-1000,-20670
="00708L",5000,0,5000,145200
="00714",100000,100000,0,0
="00715L",1232000,30000,1202000,6355880
="00718B",100000,100000,0,0
="00719B",50000,50000,0,0
="00720B",50000,53000,-3000,-134189
="00721B",50000,50000,0,0
="00722B",50000,50000,0,0
="00723B",51000,50000,1000,43599
="00724B",50000,60000,-10000,-430580
="00728",0,3000,-3000,-80288
="00730",0,2000,-2000,-37080
="00731",0,2000,-2000,-97040
="00733",100000,100000,0,0
="00735",2000,0,2000,67339
="00737",1000,0,1000,33759
="00738U",21000,42000,-21000,-634959
="00746B",0,9000,-9000,-409620
="00751B",50000,68000,-18000,-828040
="00752",0,5000,-5000,-167000
="00754B",50000,60000,-10000,-469050
="00755B",52000,52000,0,-90
="00756B",50000,55000,-5000,-235200
="00764B",59000,50000,9000,406920
="00765B",50000,50000,0,0
="00772B",51000,58000,-7000,-321720
="00773B",50000,50000,0,0
="00786B",5000,0,5000,213600
="00795B",50000,51000,-1000,-43650
="00796B",25000,25000,0,0
="00830",1,405,-404,-10731
="00847B",50000,50000,0,0
="00848B",25000,25000,0,0
="00849B",25000,25000,0,0
="00850",3009,30,2979,95136
="00861",173000,0,173000,4878189
="00862B",50000,55000,-5000,-200369
="00863B",25000,25000,0,0
="00864B",25000,25000,0,0
="00868B",50000,50000,0,0
="00869B",50000,50000,0,0
="00870B",50000,54000,-4000,-159238
="00871B",50000,50000,0,0
="00875",1000,0,1000,31739
="00876",269000,0,269000,7583099
="00877",14000,21000,-7000,-93102
="00878",6000,8000,-2000,-33321
="00881",676730,76200,600530,10513431
="020003",0,1000,-1000,-14279
="020011",10000,12000,-2000,-10660
="020015",0,1000,-1000,-13350
="020016",1000,0,1000,17569
="020018",12000,27000,-15000,-180009
="020019",166000,114000,52000,704498
="020020",2000,0,2000,13140
="020021",3629000,1778000,1851000,23064851
="020022",13000,3000,10000,53080
="03145P",0,1996000,-1996000,-19959
="03482B",20000,0,20000,39600
="03488B",15000,0,15000,43549
="03649P",0,15000,-15000,-149
="04120P",0,1624000,-1624000,-16239
="04397P",100000,0,100000,31999
="04416P",0,45000,-45000,-23399
="04439P",0,50000,-50000,-10499
="04513P",397000,425000,-28000,-9271
="04594P",66000,0,66000,27849
="04686P",0,70000,-70000,-114099
="04729P",25000,0,25000,27000
="04826P",9000,0,9000,12779
="04827P",63000,0,63000,38229
="04859P",0,14000,-14000,-3920
="04860P",79000,5000,74000,18301
="04915P",0,50000,-50000,-59500
="04985P",10000,31000,-21000,-6879
="05006P",543000,815000,-272000,-142428
="05070P",20000,0,20000,7799
="05103P",51000,0,51000,17839
="05128P",19000,60000,-41000,-46831
="05129P",22000,0,22000,11880
="05144P",0,25000,-25000,-9399
="05161P",252000,397000,-145000,-117000
="05237P",0,1000,-1000,-1019
="05259P",2000,0,2000,800
="05265P",0,100000,-100000,-110000
="05297P",147000,10000,137000,95350
="05299P",0,4000,-4000,-4579
="05300P",5000,25000,-20000,-19832
="05342P",56000,75000,-19000,-18758
="05343P",0,200000,-200000,-405999
="05422P",2000,105000,-103000,-62120
="05447P",10000,0,10000,2500
="05469P",23000,0,23000,16519
="05481P",29000,61000,-32000,-31950
="05482P",160000,85000,75000,47000
="05570P",70000,0,70000,78400
="05594P",24000,5000,19000,18682
="05595P",1346000,1156000,190000,106919
="05622P",0,50000,-50000,-70999
="05632P",3000,13000,-10000,-10971
="05641P",5000,0,5000,6449
="05654P",0,100000,-100000,-93000
="05697P",0,4000,-4000,-5960
="05698P",0,62000,-62000,-76509
="05699P",43000,29000,14000,22680
="05707P",301000,30000,271000,500109
="05772P",200000,0,200000,259999
="05774P",145000,100000,45000,39141
="05776P",315000,456000,-141000,-80369
="05777P",221000,249000,-28000,-18211
="05786P",74000,0,74000,57658
="05823P",0,150000,-150000,-155999
="05829P",2000,500000,-498000,-512941
="05836P",3000,0,3000,9029
="05850P",0,10000,-10000,-5000
="05856P",0,100000,-100000,-115999
="05858P",0,55000,-55000,-37988
="05888P",0,200000,-200000,-266000
="05906P",53000,56000,-3000,-3539
="05907P",0,10000,-10000,-7400
="05908P",185000,82000,103000,78561
="05955P",150000,14000,136000,83281
="05968P",0,300000,-300000,-555698
="05969P",0,150000,-150000,-276000
="05970P",0,50000,-50000,-94098
="05973P",616000,37000,579000,483829
="05983P",0,50000,-50000,-87999
="05986P",40000,0,40000,41698
="06002P",10000,0,10000,16499
="06032P",53000,70000,-17000,-18280
="06058P",15000,0,15000,8099
="06104P",0,380000,-380000,-497799
="06113P",50000,60000,-10000,-11999
="06118P",0,100000,-100000,-117999
="06136P",11000,0,11000,8020
="06137P",100000,9000,91000,85809
="06152P",75000,622000,-547000,-498290
="06176P",3000,0,3000,3710
="06205P",0,50000,-50000,-51499
="062129",1000,0,1000,50
="062806",1000,0,1000,6050
="063057",824000,301000,523000,658360
="063145",200000,0,200000,69999
="063444",30000,0,30000,20400
="063926",36000,0,36000,41129
="064137",20000,0,20000,799
="064162",10000,40000,-30000,-36099
="064447",70000,0,70000,13299
="064453",22000,78000,-56000,-18220
="064462",84000,11000,73000,46009
="064710",35000,45000,-10000,-5848
="064718",8000,0,8000,49899
="064719",7397000,0,7397000,57046048
="064724",10000,0,10000,1800
="064725",17000,0,17000,3569
="064827",10000,0,10000,31900
="064843",20000,0,20000,2457
="064911",10000,0,10000,4499
="064915",2000,0,2000,140
="064919",100000,0,100000,10000
="064921",163000,0,163000,55390
="064923",111000,0,111000,2219
="064927",0,86000,-86000,-33738
="064935",0,10000,-10000,-2000
="065185",10000,0,10000,1500
="065186",5000,0,5000,1150
="065297",12000,0,12000,8519
="065346",0,50000,-50000,-5000
="065451",100000,20000,80000,13200
="065679",28000,0,28000,284400
="065813",0,10000,-10000,-3100
="065889",7000,0,7000,19159
="065946",0,10000,-10000,-47500
="065950",60000,0,60000,23399
="066197",3000,0,3000,13320
="066198",0,10000,-10000,-14500
="066203",0,12000,-12000,-2169
="066205",75000,0,75000,37500
="066214",10000,0,10000,1599
="066217",2000,0,2000,2059
="066456",453000,0,453000,76127
="066458",2000,0,2000,560
="066460",11000,15000,-4000,-1469
="066462",250000,0,250000,37500
="066467",11000,0,11000,13090
="066524",0,104000,-104000,-162165
="066525",0,98000,-98000,-109515
="066526",972000,409000,563000,420821
="066529",6000,2000,4000,1160
="066997",0,10000,-10000,-3100
="067149",20000,0,20000,26399
="067151",12000,0,12000,19999
="067157",0,10000,-10000,-700
="067276",10000,0,10000,4699
="067279",0,18000,-18000,-8078
="067368",3000,10000,-7000,-1820
="067370",1000,10000,-9000,-7731
="067373",10000,0,10000,27100
="067502",1000,0,1000,159
="067505",9000,0,9000,1979
="067515",5000,22000,-17000,-4970
="067767",0,10000,-10000,-41900
="067768",66000,0,66000,188668
="067770",12000,0,12000,92298
="067772",10000,0,10000,199
="067776",10000,0,10000,1000
="067831",3000,0,3000,24848
="067835",4000,0,4000,360
="068046",1000,0,1000,8199
="068056",12000,0,12000,959
="068128",27000,2000,25000,120900
="068129",0,845000,-845000,-515895
="068217",1000,0,1000,1710
="068219",1000,0,1000,2700
="068220",208000,10000,198000,459655
="068221",688000,448000,240000,445560
="068224",26000,10000,16000,1990
="068382",10000,0,10000,17300
="068383",0,63000,-63000,-72449
="068386",1000,0,1000,2160
="068388",0,40000,-40000,-19798
="068390",83000,48000,35000,51370
="068397",368000,0,368000,362840
="068455",10000,0,10000,9900
="068510",5000,0,5000,15700
="068511",33000,36000,-3000,-10250
="068512",38000,0,38000,50248
="068514",91000,34000,57000,46618
="068515",0,56000,-56000,-98209
="068516",0,875000,-875000,-635944
="068519",0,10000,-10000,-27000
="068521",2000,100000,-98000,-42161
="068594",2000,0,2000,7470
="068669",0,3000,-3000,-5250
="068670",1697000,1882000,-185000,-345062
="068671",5000,0,5000,18539
="068673",10000,0,10000,22100
="068674",33000,30000,3000,-779
="068767",9000,21000,-12000,-49657
="068768",0,5000,-5000,-19740
="068769",30000,368000,-338000,-77641
="068771",1000,0,1000,50
="068772",1000,0,1000,1620
="068843",49000,3000,46000,175220
="068848",198000,64000,134000,296333
="068849",6000,0,6000,6138
="068851",0,60000,-60000,-32900
="068852",0,3000,-3000,-659
="068884",0,1000,-1000,-100
="069031",25000,0,25000,43449
="069040",10000,0,10000,12100
="069095",0,30000,-30000,-25098
="069097",101000,0,101000,65698
="069099",10000,100000,-90000,-64800
="069105",45000,16000,29000,79920
="069106",15000,0,15000,34348
="069190",14000,150000,-136000,-54479
="069191",0,4000,-4000,-1259
="069192",0,11000,-11000,-3218
="069193",0,300000,-300000,-69000
="069397",105000,84000,21000,15892
="069401",0,7000,-7000,-32619
="069402",2000,2000,0,-262
="069404",60000,0,60000,3599
="069407",13000,0,13000,63139
="069409",129000,0,129000,162269
="069412",70000,0,70000,16100
="069414",784000,790000,-6000,-319
="069415",10000,0,10000,3300
="069416",243000,30000,213000,23420
="069448",5000,30000,-25000,-24789
="069449",550000,1793000,-1243000,-199490
="069453",12000,0,12000,37589
="069544",248000,0,248000,37200
="069612",7000,10000,-3000,-10789
="069615",0,25000,-25000,-122306
="069618",20000,43000,-23000,-12706
="069619",37000,0,37000,86909
="069622",144000,0,144000,194168
="069691",1635000,4000,1631000,2966663
="069693",50000,0,50000,11099
="069897",896000,0,896000,298680
="069927",1000,1000,0,9
="069930",0,15000,-15000,-13950
="069933",30000,0,30000,15000
="070020",20000,129000,-109000,-201677
="070133",0,5000,-5000,-2649
="070134",31000,54000,-23000,-6030
="070135",80000,0,80000,22599
="070138",7000,0,7000,2360
="070139",1000,0,1000,310
="070147",2000,4000,-2000,-2300
="070148",0,225000,-225000,-39450
="070247",9000,0,9000,11089
="070248",20000,20000,0,-2501
="070250",190000,0,190000,166298
="070252",10000,9000,1000,671
="070255",0,481000,-481000,-42889
="070258",80000,0,80000,14400
="070426",407000,1000,406000,263889
="070428",22000,14000,8000,24861
="070429",1000,0,1000,4889
="070430",0,40000,-40000,-18799
="070431",2000,0,2000,1279
="070432",20000,0,20000,3799
="070444",10000,902000,-892000,-146740
="070445",16000,40000,-24000,-18289
="070530",5000,0,5000,2249
="070531",30000,10000,20000,2901
="070533",13000,605000,-592000,-62777
="070534",96000,40000,56000,134404
="070536",0,40000,-40000,-19600
="070538",3000,0,3000,2639
="070541",0,6000,-6000,-7440
="070605",10000,0,10000,29100
="070609",0,5000,-5000,-2750
="070857",20000,20000,0,-201
="070859",100000,0,100000,30000
="070864",6000,10000,-4000,-770
="070866",24000,32000,-8000,-22960
="070913",28000,21000,7000,13356
="071127",2000,0,2000,7000
="071129",0,24000,-24000,-23139
="071209",10000,0,10000,55500
="071211",20000,18000,2000,2749
="071212",20000,0,20000,53600
="071214",0,10000,-10000,-12899
="071220",200000,99000,101000,10971
="071224",18000,0,18000,52348
="071322",6000,0,6000,1980
="071326",0,25000,-25000,-24250
="071334",10000,0,10000,11299
="071388",0,30000,-30000,-83198
="071445",0,170000,-170000,-345493
="071446",200000,78000,122000,149770
="071447",20000,0,20000,5400
="071448",99000,25000,74000,174199
="071568",178000,0,178000,235939
="071569",0,17000,-17000,-14799
="071708",142000,0,142000,83278
="071710",0,200000,-200000,-196000
="071783",199000,0,199000,53730
="071845",0,317000,-317000,-30030
="071890",13000,40000,-27000,-85720
="071987",20000,0,20000,47099
="072046",69000,0,69000,430848
="072047",12000,29000,-17000,-57787
="072049",541000,246000,295000,149632
="072051",310000,0,310000,150796
="072182",8000,0,8000,26239
="072300",125000,0,125000,18750
="072303",20000,2000,18000,55771
="072306",0,60000,-60000,-32400
="072307",0,16000,-16000,-12348
="072310",20000,0,20000,3799
="072312",60000,0,60000,7799
="072313",10000,0,10000,13999
="072403",268000,0,268000,1386398
="072404",17000,103000,-86000,-199621
="072409",0,3000,-3000,-2430
="072410",153000,10000,143000,138687
="072411",5000,10000,-5000,-5341
="072462",114000,0,114000,210310
="072482",30000,0,30000,78098
="072534",0,15000,-15000,-6149
="072554",75000,0,75000,175499
="072557",15000,0,15000,27750
="072559",440000,308000,132000,123659
="072560",0,10000,-10000,-4000
="072561",0,5000,-5000,-2949
="072562",107000,237000,-130000,-111110
="072566",0,2000,-2000,-768
="072625",121000,0,121000,18150
="072634",8000,0,8000,12000
="072639",10000,0,10000,43200
="072711",15000,0,15000,8400
="072712",3000,23000,-20000,-72630
="072812",21000,5000,16000,21779
="072965",67000,0,67000,145090
="072966",25000,0,25000,43999
="072968",21000,0,21000,21000
="072971",44000,10000,34000,113445
="072973",4000,0,4000,6489
="073027",164000,177000,-13000,-12919
="073028",0,85000,-85000,-124940
="073031",370000,192000,178000,38669
="073035",4000,0,4000,4000
="073036",0,3000,-3000,-1709
="073037",0,111000,-111000,-37740
="073038",2000,0,2000,2519
="073039",0,28000,-28000,-12880
="073094",2000,0,2000,13199
="073095",4000,0,4000,13579
="073096",0,25000,-25000,-15149
="073100",5000,5000,0,-50
="073101",1000,0,1000,409
="073102",183000,156000,27000,15941
="073103",0,9000,-9000,-5669
="073104",0,17000,-17000,-14869
="073106",0,33000,-33000,-31069
="073377",147000,0,147000,94479
="073378",10000,0,10000,4900
="073388",0,147000,-147000,-102288
="073488",10000,0,10000,3499
="073490",222000,92000,130000,134579
="073492",10000,0,10000,30348
="073493",60000,0,60000,39600
="073497",0,23000,-23000,-74500
="073502",240000,286000,-46000,-18361
="073580",0,5000,-5000,-37598
="073615",43000,56000,-13000,-26320
="073616",16000,50000,-34000,-97779
="073678",0,200000,-200000,-320000
="073720",20000,0,20000,42900
="073740",10000,0,10000,30608
="073741",1000,0,1000,2640
="073745",0,10000,-10000,-19800
="073747",1000,0,1000,550
="073808",44000,10000,34000,52900
="073809",10000,23000,-13000,-4249
="073810",2000,0,2000,4599
="073811",301000,280000,21000,21822
="073869",0,100000,-100000,-197000
="073982",341000,326000,15000,8929
="073984",7000,4000,3000,6649
="073985",10000,0,10000,26800
="074060",0,61000,-61000,-65550
="074062",60000,30000,30000,65796
="074069",0,3000,-3000,-2220
="074169",302000,345000,-43000,-30950
="074170",301000,50000,251000,227671
="074257",1000,4000,-3000,-2250
="074258",628000,0,628000,662626
="074343",2000,10000,-8000,-10539
="074347",215000,155000,60000,162561
="074349",4000,0,4000,8428
="074350",293000,10000,283000,506174
="074351",0,10000,-10000,-15099
="074352",740000,101000,639000,191700
="074353",0,22000,-22000,-43667
="074354",280000,116000,164000,341999
="074409",0,5000,-5000,-23399
="074447",197000,10000,187000,300218
="074448",0,2000,-2000,-759
="074451",24000,15000,9000,17857
="074452",261000,0,261000,185278
="074453",574000,80000,494000,674414
="074454",5000,2000,3000,5039
="074456",30000,0,30000,7199
="074496",0,108000,-108000,-158760
="074497",126000,0,126000,141477
="074498",60000,130000,-70000,-27222
="074499",0,70000,-70000,-12400
="074681",55000,0,55000,45099
="074685",2000,0,2000,12200
="074687",306000,0,306000,383368
="074690",0,44000,-44000,-217385
="074783",6000,0,6000,12359
="074785",0,1000,-1000,-4400
="074786",42000,0,42000,86519
="074787",78000,0,78000,142559
="074790",0,20000,-20000,-48400
="074791",49000,43000,6000,6071
="074794",41000,412000,-371000,-899766
="074795",0,16000,-16000,-27760
="074796",44000,57000,-13000,-26118
="074798",4000,0,4000,12019
="074804",0,63000,-63000,-90089
="074807",0,33000,-33000,-103758
="074809",0,102000,-102000,-161160
="074810",24000,101000,-77000,-114251
="074811",3000,0,3000,3089
="074814",30000,30000,0,799
="074819",0,361000,-361000,-597696
="074896",0,5000,-5000,-8369
="074897",706000,10000,696000,1991859
="074898",0,11000,-11000,-48429
="074899",63000,0,63000,86639
="074900",10000,0,10000,15000
="074901",56000,28000,28000,80807
="074902",33000,35000,-2000,-911
="074904",65000,115000,-50000,-66651
="074908",0,206000,-206000,-314547
="075049",108000,130000,-22000,-34299
="075051",12000,153000,-141000,-227711
="075052",0,20000,-20000,-51498
="075054",10000,0,10000,21600
="075133",50000,50000,0,-5499
="075167",0,158000,-158000,-157449
="075168",12000,40000,-28000,-40331
="075174",0,178000,-178000,-149358
="075175",87000,0,87000,31279
="075243",50000,1000,49000,55379
="075245",50000,0,50000,68000
="075396",252000,0,252000,231840
="075398",0,30000,-30000,-115498
="075399",154000,0,154000,100099
="075401",86000,60000,26000,74409
="075402",25000,1000,24000,47310
="075409",0,2000,-2000,-920
="075410",126000,0,126000,73079
="075411",310000,70000,240000,158200
="075412",19000,0,19000,8619
="075513",60000,0,60000,103200
="075516",24000,0,24000,13919
="075517",6000,0,6000,32699
="075533",1000,0,1000,14199
="075534",1000,0,1000,12899
="075641",27000,0,27000,14850
="075642",30000,41000,-11000,-22100
="075694",10000,60000,-50000,-22099
="075696",6000,69000,-63000,-155679
="075698",171000,0,171000,103929
="075700",0,45000,-45000,-50799
="075826",0,43000,-43000,-27508
="075827",1000,14000,-13000,-28990
="075828",16000,30000,-14000,-11861
="075829",169000,292000,-123000,-88091
="075964",0,1000,-1000,-6849
="075966",129000,0,129000,464547
="075967",0,1000,-1000,-2319
="075968",2000,55000,-53000,-177977
="075969",125000,37000,88000,52209
="075970",42000,128000,-86000,-104470
="075971",80000,47000,33000,98108
="075972",0,35000,-35000,-47248
="076055",390000,20000,370000,510378
="076057",10000,810000,-800000,-320018
="076059",5000,0,5000,3149
="076060",20000,28000,-8000,-27686
="076061",11000,46000,-35000,-100657
="076063",283000,424000,-141000,-162630
="076064",179000,438000,-259000,-312890
="076107",100000,50000,50000,71000
="076181",2000,4000,-2000,-8600
="076182",8000,10000,-2000,-7087
="076184",69000,33000,36000,96959
="076185",20000,0,20000,89399
="076288",5000,0,5000,3849
="076289",108000,116000,-8000,-20632
="076290",10000,0,10000,5899
="076291",0,22000,-22000,-26379
="076292",2000,50000,-48000,-30578
="076406",34000,0,34000,83800
="076411",88000,0,88000,62098
="076416",0,209000,-209000,-223378
="076417",0,116000,-116000,-129159
="076418",0,406000,-406000,-488280
="076419",0,152000,-152000,-143548
="076420",0,10000,-10000,-18300
="076421",111000,113000,-2000,-7109
="076543",60000,0,60000,68699
="076550",0,1000,-1000,-970
="076551",166000,103000,63000,212900
="076559",0,300000,-300000,-317999
="076652",10000,142000,-132000,-104440
="076653",79000,86000,-7000,-19793
="076743",20000,0,20000,73600
="076912",1000,0,1000,660
="076914",206000,0,206000,174428
="076915",50000,113000,-63000,-211759
="076916",27000,8000,19000,52031
="076917",1000,129000,-128000,-223189
="077000",1000,1000,0,-59
="077006",10000,10000,0,-2300
="077061",0,30000,-30000,-12299
="077064",22000,0,22000,13640
="077065",10000,106000,-96000,-157782
="077066",2000,1000,1000,2909
="077068",0,20000,-20000,-60999
="077069",40000,0,40000,122398
="077103",38000,43000,-5000,-15960
="077105",32000,16000,16000,47328
="077107",82000,100000,-18000,-10501
="077108",0,159000,-159000,-221661
="077110",48000,150000,-102000,-60741
="077275",14000,0,14000,28279
="077276",248000,287000,-39000,-30508
="077277",44000,0,44000,110198
="077278",5000,12000,-7000,-8169
="077280",32000,104000,-72000,-56079
="077281",148000,525000,-377000,-687867
="077393",0,15000,-15000,-28999
="077412",10000,0,10000,24200
="077457",1000,6000,-5000,-36398
="077585",0,44000,-44000,-21178
="077586",12000,0,12000,28079
="077587",44000,41000,3000,2602
="077590",2000,0,2000,7639
="077591",158000,78000,80000,212399
="077592",50000,0,50000,26499
="077595",86000,50000,36000,45007
="077596",10000,0,10000,21199
="077609",10000,0,10000,15599
="077647",3000,131000,-128000,-114499
="077649",40000,95000,-55000,-135588
="077651",185000,1328000,-1143000,-3240282
="077652",321000,259000,62000,66060
="077654",0,10000,-10000,-4300
="077656",108000,171000,-63000,-106066
="077657",0,79000,-79000,-112969
="077658",0,37000,-37000,-100540
="077659",0,54000,-54000,-159944
="077810",81000,29000,52000,86229
="077812",0,46000,-46000,-100740
="077941",241000,0,241000,183358
="077942",54000,199000,-145000,-179281
="077944",209000,293000,-84000,-64900
="077945",12000,76000,-64000,-77181
="077946",32000,90000,-58000,-119631
="078022",0,20000,-20000,-25199
="078038",15000,21000,-6000,-20950
="078087",256000,196000,60000,102952
="078089",284000,320000,-36000,-62080
="078090",30000,31000,-1000,-1760
="078092",60000,0,60000,22799
="078095",61000,69000,-8000,-16197
="078096",67000,53000,14000,33218
="078097",188000,18000,170000,229280
="078128",0,2000,-2000,-6239
="078207",3000,2000,1000,2429
="078461",158000,327000,-169000,-125951
="078462",0,122000,-122000,-111180
="078463",161000,158000,3000,-7328
="078464",2000,9000,-7000,-8270
="078465",4000,0,4000,21349
="078466",3604000,861000,2743000,8315831
="078468",0,30000,-30000,-31199
="078469",0,107000,-107000,-143180
="078470",104000,40000,64000,96137
="078471",150000,8000,142000,119650
="078472",9000,0,9000,8459
="078473",0,50000,-50000,-51565
="078475",10000,0,10000,12300
="078476",144000,44000,100000,98368
="078477",28000,0,28000,73018
="078527",20000,0,20000,21800
="078536",5000,0,5000,45000
="078718",243000,15000,228000,286447
="078719",21000,64000,-43000,-214000
="078720",29000,0,29000,60696
="078721",63000,0,63000,225107
="078724",94000,0,94000,77578
="078726",30000,0,30000,12900
="078727",4000,0,4000,6199
="078848",437000,501000,-64000,-94503
="078849",38000,82000,-44000,-115268
="078851",0,33000,-33000,-36300
="078853",147000,326000,-179000,-408997
="078854",56000,52000,4000,3761
="078855",3000,2000,1000,5650
="078856",30000,116000,-86000,-424011
="078857",63000,0,63000,114274
="078942",0,10000,-10000,-47100
="078943",50000,18000,32000,50300
="078944",40000,303000,-263000,-559118
="078945",39000,4000,35000,33199
="078946",0,163000,-163000,-151676
="078947",118000,32000,86000,68250
="078949",169000,232000,-63000,-127889
="079065",10000,0,10000,34500
="079090",0,18000,-18000,-15098
="079091",26000,0,26000,14140
="079285",0,263000,-263000,-375319
="079286",163000,76000,87000,61712
="079287",357000,85000,272000,324466
="079288",131000,29000,102000,158499
="079289",231000,550000,-319000,-372559
="079290",0,15000,-15000,-16049
="079291",80000,20000,60000,83098
="079353",0,30000,-30000,-71499
="079412",0,50000,-50000,-37999
="079425",23000,215000,-192000,-125949
="079426",174000,298000,-124000,-111974
="079428",345000,516000,-171000,-219798
="079429",1141000,2571000,-1430000,-1839578
="079430",14000,101000,-87000,-91885
="079431",97000,0,97000,61109
="079433",0,36000,-36000,-26820
="079434",137000,30000,107000,106799
="079435",31000,33000,-2000,-11628
="079457",27000,9000,18000,20369
="079583",0,50000,-50000,-56000
="079584",0,26000,-26000,-35130
="079586",0,40000,-40000,-16799
="079710",50000,0,50000,56000
="079727",20000,62000,-42000,-40640
="079728",71000,229000,-158000,-99501
="079729",122000,167000,-45000,-28132
="079730",0,219000,-219000,-163790
="079731",0,103000,-103000,-80339
="079732",120000,44000,76000,139701
="079734",215000,54000,161000,325120
="079736",19000,107000,-88000,-57547
="079737",135000,10000,125000,111099
="079738",0,3055000,-3055000,-2931686
="079739",30000,0,30000,11799
="079740",198000,154000,44000,59710
="079742",77000,171000,-94000,-127628
="079743",100000,0,100000,64178
="079745",0,242000,-242000,-199638
="079830",103000,0,103000,115589
="079868",461000,384000,77000,91308
="079871",12000,121000,-109000,-115228
="079872",20000,104000,-84000,-65002
="079873",140000,17000,123000,259619
="079878",55000,0,55000,123774
="079961",0,6000,-6000,-17939
="079979",0,12000,-12000,-5559
="079980",20000,261000,-241000,-329085
="079981",79000,6000,73000,176207
="079982",202000,20000,182000,127549
="079983",0,51000,-51000,-43399
="079984",10000,12000,-2000,-1901
="079985",0,1000,-1000,-930
="080033",30000,0,30000,14198
="080161",189000,117000,72000,42859
="080162",347000,0,347000,292738
="080163",315000,0,315000,207918
="080165",4000,0,4000,2239
="080166",0,175000,-175000,-96250
="080167",251000,232000,19000,2432
="080168",120000,22000,98000,59121
="080170",1000,102000,-101000,-31448
="080174",5000,50000,-45000,-42250
="080175",115000,2000,113000,164509
="080176",14000,10000,4000,5060
="080177",279000,1748000,-1469000,-1408004
="080178",136000,712000,-576000,-450640
="080180",5000,4000,1000,101
="080181",0,10000,-10000,-6150
="080183",93000,30000,63000,36691
="080184",10000,0,10000,18799
="080186",277000,0,277000,245628
="080205",387000,63000,324000,601659
="080342",0,50000,-50000,-23499
="080343",2000,12000,-10000,-5220
="080344",0,41000,-41000,-50070
="080345",72000,1000,71000,61360
="080346",10000,111000,-101000,-63829
="080347",0,130000,-130000,-89729
="080348",201000,15000,186000,192471
="080349",275000,203000,72000,60918
="080351",0,220000,-220000,-159300
="080352",0,10000,-10000,-5600
="080540",20000,0,20000,13999
="080541",0,178000,-178000,-100146
="080543",4000,57000,-53000,-27029
="080544",100000,15000,85000,32771
="080545",337000,85000,252000,370999
="080546",212000,454000,-242000,-166812
="080547",5000,0,5000,5990
="080594",10000,11000,-1000,-849
="080595",0,20000,-20000,-6399
="080596",45000,120000,-75000,-58399
="080598",275000,216000,59000,56460
="080599",0,10000,-10000,-3600
="080600",257000,70000,187000,90930
="080601",10000,10000,0,51
="080602",199000,168000,31000,37950
="080603",40000,95000,-55000,-112161
="080604",94000,0,94000,37119
="080609",20000,20000,0,-399
="080696",0,150000,-150000,-294000
="080728",0,136000,-136000,-180279
="080753",10000,0,10000,14600
="080844",278000,0,278000,264395
="080857",0,1250000,-1250000,-688000
="080859",0,1000,-1000,-519
="080860",70000,80000,-10000,-6100
="080861",11000,10000,1000,2340
="080864",166000,10000,156000,164968
="080865",61000,77000,-16000,-25908
="080867",50000,68000,-18000,-29430
="080868",15000,218000,-203000,-115559
="080869",0,113000,-113000,-66669
="080870",0,24000,-24000,-12719
="080914",0,5000,-5000,-3600
="081019",256000,22000,234000,276298
="081020",172000,185000,-13000,-21812
="081021",24000,15000,9000,1480
="081024",117000,74000,43000,43388
="081026",4000,20000,-16000,-7360
="081130",2000,4000,-2000,-21100
="081213",0,2000,-2000,-1460
="081214",162000,10000,152000,100699
="081216",13000,15000,-2000,-1000
="081217",0,26000,-26000,-12118
="081218",1193000,326000,867000,577580
="081219",7000,94000,-87000,-52949
="081220",55000,160000,-105000,-146800
="081221",642000,15000,627000,909435
="081222",1000,215000,-214000,-115468
="081223",154000,25000,129000,93471
="081224",1439000,864000,575000,167919
="081225",215000,576000,-361000,-252934
="081226",193000,438000,-245000,-105531
="081227",63000,0,63000,23189
="081228",1000,0,1000,769
="081231",10000,0,10000,3799
="081232",150000,0,150000,120000
="081233",70000,25000,45000,30301
="081234",0,13000,-13000,-18528
="081235",0,532000,-532000,-309677
="081271",0,19000,-19000,-7777
="081272",0,191000,-191000,-166208
="081274",2000,0,2000,819
="081278",137000,1190000,-1053000,-844798
="081279",100000,130000,-30000,-10101
="081280",59000,0,59000,47120
="081281",182000,4000,178000,156500
="081283",10000,0,10000,3799
="081285",21000,1000,20000,25969
="081287",295000,128000,167000,206462
="081289",126000,380000,-254000,-497197
="081428",0,109000,-109000,-114508
="081430",0,10000,-10000,-4000
="081432",0,10000,-10000,-4349
="081434",100000,0,100000,37999
="081435",438000,0,438000,278568
="081436",1559000,349000,1210000,917777
="081438",18000,27000,-9000,-9428
="081439",10000,126000,-116000,-114121
="081440",10000,36000,-26000,-13529
="081443",100000,108000,-8000,-3969
="081444",53000,6000,47000,19270
="081446",30000,21000,9000,7889
="081447",93000,78000,15000,17390
="081448",0,40000,-40000,-39899
="081450",189000,47000,142000,85311
="081451",12000,113000,-101000,-252466
="081452",3000,10000,-7000,-12020
="081505",1000,0,1000,2960
="081575",300000,0,300000,1249000
="081692",25000,40000,-15000,-71498
="081707",23000,0,23000,15640
="081708",0,200000,-200000,-129698
="081709",227000,64000,163000,167017
="081710",0,41000,-41000,-55168
="081711",3474000,330000,3144000,3555479
="081712",1648000,752000,896000,961678
="081713",60000,0,60000,34799
="081715",479000,63000,416000,687598
="081717",51000,105000,-54000,-33089
="081718",17000,744000,-727000,-326920
="081719",65000,168000,-103000,-104641
="081720",55000,58000,-3000,-1309
="081721",21000,315000,-294000,-359619
="081722",0,5000,-5000,-3119
="081723",522000,979000,-457000,-488301
="081724",4000,221000,-217000,-279077
="081725",40000,142000,-102000,-118120
="081726",0,15000,-15000,-8899
="081727",74000,77000,-3000,-11039
="081814",0,10000,-10000,-15399
="081816",53000,0,53000,84439
="081864",10000,0,10000,36400
="081865",80000,0,80000,360598
="081945",143000,62000,81000,77379
="081946",896000,170000,726000,1641331
="081947",626000,30000,596000,813588
="081948",20000,31000,-11000,-13741
="081950",24000,87000,-63000,-57509
="081952",290000,272000,18000,4891
="081953",0,12000,-12000,-6600
="081955",0,2000,-2000,-1320
="081956",803000,1781000,-978000,-652548
="081957",0,27000,-27000,-12689
="081958",100000,6000,94000,54460
="081959",52000,302000,-250000,-375467
="081995",50000,0,50000,220000
="082000",50000,0,50000,66500
="082016",20000,0,20000,37999
="082041",0,2000,-2000,-4049
="082122",0,83000,-83000,-59760
="082123",0,1000,-1000,-839
="082124",185000,232000,-47000,-37627
="082125",0,3000,-3000,-1259
="082127",143000,123000,20000,16039
="082128",1044000,404000,640000,505461
="082129",11000,230000,-219000,-219791
="082130",6198000,2333000,3865000,3813580
="082131",0,261000,-261000,-233508
="082132",474000,629000,-155000,-185719
="082133",42000,1000,41000,52219
="082134",1000,0,1000,720
="082137",190000,34000,156000,137711
="082138",601000,21000,580000,487481
="082139",0,1000,-1000,-689
="082140",35000,0,35000,45498
="082141",5000,0,5000,2349
="082142",0,87000,-87000,-60029
="082143",300000,0,300000,95999
="082144",439000,504000,-65000,-104226
="082145",481000,270000,211000,117280
="082176",60000,0,60000,164896
="082205",23000,0,23000,34240
="082206",1000,0,1000,3599
="082314",5000,163000,-158000,-84960
="082315",313000,20000,293000,164543
="082318",1000,248000,-247000,-103147
="082319",1506000,0,1506000,1847806
="082320",192000,64000,128000,167959
="082321",226000,471000,-245000,-370504
="082322",0,3000,-3000,-2250
="082324",37000,0,37000,54168
="082325",70000,10000,60000,53349
="082326",0,4000,-4000,-2880
="082328",301000,0,301000,276920
="082329",0,10000,-10000,-6499
="082330",190000,143000,47000,39770
="082331",162000,245000,-83000,-78499
="082332",30000,52000,-22000,-16281
="082334",0,211000,-211000,-169469
="082335",2000,13000,-11000,-6398
="082337",0,26000,-26000,-45815
="082338",109000,10000,99000,95538
="082339",60000,0,60000,34799
="082340",88000,300000,-212000,-103581
="082475",0,53000,-53000,-30209
="082476",233000,76000,157000,187250
="082477",61000,0,61000,54878
="082478",298000,98000,200000,127582
="082479",0,12000,-12000,-6999
="082480",110000,26000,84000,42999
="082481",1705000,750000,955000,721870
="082482",986000,676000,310000,220661
="082483",30000,225000,-195000,-193700
="082485",50000,0,50000,46799
="082486",15000,0,15000,10499
="082487",764000,163000,601000,543795
="082488",1303000,222000,1081000,960065
="082489",300000,300000,0,-9999
="082490",10000,5000,5000,3801
="082491",26000,217000,-191000,-119109
="082492",355000,144000,211000,265495
="082493",5000,152000,-147000,-127249
="082494",0,1000,-1000,-1110
="082495",785000,144000,641000,708777
="082496",20000,412000,-392000,-231459
="082497",302000,42000,260000,240271
="082498",0,140000,-140000,-102359
="082499",61000,23000,38000,38319
="082500",0,14000,-14000,-8359
="082501",10000,46000,-36000,-25880
="082502",40000,208000,-168000,-153761
="082503",12000,390000,-378000,-460840
="082508",13000,0,13000,26000
="082533",130000,500000,-370000,-1068182
="082555",60000,0,60000,32400
="082557",30000,97000,-67000,-52779
="082558",525000,235000,290000,207619
="082559",20000,0,20000,15599
="082560",882000,13000,869000,934845
="082561",9000,272000,-263000,-260508
="082562",58000,6000,52000,52708
="082563",9000,26000,-17000,-17509
="082564",137000,26000,111000,79110
="082566",22000,0,22000,13420
="082568",12000,163000,-151000,-120558
="082569",0,149000,-149000,-107660
="082571",77000,0,77000,48339
="082573",15000,3000,12000,5950
="082574",151000,111000,40000,31829
="082575",0,129000,-129000,-91288
="082576",8000,0,8000,5840
="082578",17000,134000,-117000,-149907
="082661",484000,70000,414000,1079592
="082665",10000,0,10000,12599
="082667",10000,0,10000,22300
="082749",0,178000,-178000,-125598
="082750",101000,100000,1000,801
="082751",5000,1000,4000,2900
="082752",10000,0,10000,7500
="082753",35000,0,35000,16100
="082754",399000,139000,260000,250631
="082755",95000,65000,30000,23021
="082756",129000,3000,126000,90500
="082757",264000,88000,176000,145112
="082758",64000,227000,-163000,-185008
="082760",0,51000,-51000,-32138
="082761",113000,0,113000,68830
="082762",0,10000,-10000,-3899
="082764",1000,123000,-122000,-52509
="082765",1417000,735000,682000,381101
="082766",0,1000,-1000,-829
="082767",0,5000,-5000,-2349
="082768",767000,426000,341000,254530
="082770",52000,267000,-215000,-118599
="082771",131000,118000,13000,10081
="082772",10000,255000,-245000,-272574
="082773",453000,978000,-525000,-587575
="082774",381000,394000,-13000,-21628
="082775",0,101000,-101000,-91378
="082776",15000,379000,-364000,-294147
="082784",38000,106000,-68000,-116740
="082785",348000,280000,68000,142753
="082788",0,16000,-16000,-31360
="082798",0,63000,-63000,-141120
="082799",44000,0,44000,131560
="082834",4000,0,4000,7199
="082838",0,2000,-2000,-1698
="082867",1000,0,1000,430
="082918",0,3000,-3000,-3779
="082923",284000,15000,269000,316798
="082924",256000,613000,-357000,-495857
="082925",288000,23000,265000,114240
="082928",20000,0,20000,15800
="082929",230000,12000,218000,177367
="082930",0,10000,-10000,-7250
="082931",20000,200000,-180000,-115400
="082933",0,68000,-68000,-57208
="082934",0,1000,-1000,-550
="082937",80000,496000,-416000,-387780
="082950",100000,300000,-200000,-226999
="082999",0,50000,-50000,-87999
="083036",2000,0,2000,1279
="083197",133000,112000,21000,15290
="083198",0,1000,-1000,-579
="083199",997000,619000,378000,207491
="083201",38000,42000,-4000,-1978
="083202",150000,10000,140000,71899
="083203",103000,0,103000,91799
="083204",659000,273000,386000,282311
="083205",918000,165000,753000,423958
="083206",553000,30000,523000,389020
="083207",1360000,1129000,231000,172610
="083208",1493000,450000,1043000,816070
="083209",0,153000,-153000,-95989
="083210",0,239000,-239000,-167118
="083212",385000,153000,232000,179869
="083213",33000,26000,7000,7607
="083215",313000,29000,284000,217200
="083216",0,17000,-17000,-8848
="083217",0,5000,-5000,-3899
="083218",2000,0,2000,1360
="083220",0,32000,-32000,-35710
="083221",0,133000,-133000,-135659
="083326",250000,0,250000,132999
="083327",434000,715000,-281000,-239220
="083328",34000,10000,24000,16939
="083329",42000,34000,8000,6683
="083330",26000,0,26000,19120
="083331",0,169000,-169000,-132139
="083333",7000,0,7000,5449
="083334",0,101000,-101000,-72680
="083336",790000,240000,550000,500527
="083338",42000,6527000,-6485000,-6162594
="083339",132000,31000,101000,80810
="083340",786000,18000,768000,671568
="083341",10000,20000,-10000,-9351
="083342",253000,227000,26000,20320
="083343",33000,71000,-38000,-26758
="083344",22000,0,22000,27060
="083345",329000,28000,301000,194879
="083346",0,20000,-20000,-8999
="083347",0,28000,-28000,-27300
="083348",0,10000,-10000,-6499
="083349",0,189000,-189000,-102060
="083350",0,760000,-760000,-566068
="083460",400000,123000,277000,283103
="083461",70000,5000,65000,46150
="083462",253000,0,253000,164256
="083463",27000,131000,-104000,-64770
="083464",1520000,221000,1299000,939449
="083465",140000,18000,122000,144839
="083466",30000,0,30000,14700
="083469",2000,0,2000,1240
="083471",410000,590000,-180000,-203417
="083472",2000,4000,-2000,-2361
="083473",37000,0,37000,38038
="083474",0,10000,-10000,-9200
="083476",45000,198000,-153000,-107270
="083478",0,15000,-15000,-8798
="083479",150000,20000,130000,80401
="083480",170000,5000,165000,95639
="083665",240000,12000,228000,188889
="083668",503000,179000,324000,216701
="083670",13000,231000,-218000,-170630
="083673",210000,0,210000,131898
="083674",0,20000,-20000,-13899
="083675",0,535000,-535000,-341048
="083677",200000,341000,-141000,-94898
="083679",36000,1000,35000,30740
="083680",0,12000,-12000,-8160
="083683",50000,0,50000,46000
="083684",10000,3000,7000,12679
="083685",9000,1000,8000,9440
="083686",25000,20000,5000,1949
="083687",10000,0,10000,5099
="083688",10000,125000,-115000,-81750
="083787",12000,23000,-11000,-7880
="083788",473000,433000,40000,8090
="083789",384000,246000,138000,100297
="083790",163000,174000,-11000,-12437
="083791",40000,131000,-91000,-100087
="083792",30000,0,30000,18300
="083793",10000,0,10000,6299
="083795",0,5000,-5000,-6800
="083796",0,30000,-30000,-45000
="083798",100000,15000,85000,44150
="083799",3000,253000,-250000,-153091
="083800",0,5000,-5000,-4050
="084006",29000,5000,24000,17299
="084010",85000,500000,-415000,-196210
="084011",0,321000,-321000,-265217
="084012",60000,75000,-15000,-10599
="084014",0,10000,-10000,-7950
="084015",65000,0,65000,35250
="084016",80000,0,80000,41198
="084017",126000,10000,116000,59160
="084018",10000,53000,-43000,-25159
="084019",9000,5000,4000,3750
="084020",15000,9000,6000,3960
="084022",56000,55000,1000,1309
="084023",0,38000,-38000,-16149
="084025",0,15000,-15000,-8539
="084170",0,20000,-20000,-25399
="084178",10000,0,10000,11299
="084230",9000,0,9000,4769
="084231",251000,20000,231000,110668
="084232",95000,62000,33000,28351
="084234",120000,100000,20000,6000
="084235",1000,0,1000,589
="084236",66000,305000,-239000,-123809
="084237",766000,483000,283000,250281
="084238",5000,0,5000,2500
="084242",80000,0,80000,38699
="084243",50000,2000,48000,39899
="084244",6000,3000,3000,2009
="084245",10000,51000,-41000,-31619
="084246",0,31000,-31000,-26799
="084247",1000,0,1000,460
="084249",295000,36000,259000,309159
="084250",0,37000,-37000,-27530
="084251",50000,70000,-20000,-12400
="084364",10000,0,10000,11100
="084371",0,20000,-20000,-18799
="084372",0,68000,-68000,-52707
="084374",100000,2000,98000,63639
="084377",1000,15000,-14000,-8511
="084378",20000,20000,0,-399
="084380",25000,48000,-23000,-26160
="084381",0,8000,-8000,-5039
="084383",75000,515000,-440000,-363168
="084384",100000,230000,-130000,-102199
="084385",20000,99000,-79000,-53080
="084386",23000,0,23000,17549
="084388",0,204000,-204000,-182148
="084389",0,10000,-10000,-6299
="084390",0,20000,-20000,-11599
="084424",5000,0,5000,10750
="084533",0,50000,-50000,-33500
="084536",10000,84000,-74000,-100537
="084539",0,255000,-255000,-175998
="084541",0,52000,-52000,-53039
="084545",0,96000,-96000,-66707
="084546",0,177000,-177000,-111938
="084547",4000,57000,-53000,-64511
="084687",0,5000,-5000,-4149
="084691",0,10000,-10000,-9700
="084692",0,80000,-80000,-56698
="084701",0,320000,-320000,-300096
="084704",0,5000,-5000,-3549
="084707",0,10000,-10000,-7699
="084710",0,13000,-13000,-11200
="084733",15000,0,15000,25800
="1101",553001,1518000,-964999,-39414258
="1102",1000,0,1000,40549
="1103",1,8000,-7999,-134982
="1104",41,0,41,856
="1201",1,16000,-15999,-319180
="1203",1,0,1,35
="1210",300,0,300,14429
="1213",1000,0,1000,6809
="1215",1,0,1,71
="1216",739000,15001,723999,49123732
="1217",2,0,2,16
="1218",1,0,1,26
="1227",300,0,300,16829
="1232",0,1,-1,-131
="1236",100,0,100,1350
="1301",0,7700,-7700,-690475
="1303",532000,5400,526600,36244627
="1304",81001,95000,-13999,-251427
="1305",230000,0,230000,5405047
="1307",1000,0,1000,19700
="1308",2001,0,2001,40119
="1309",7000,0,7000,217799
="1310",1,0,1,16
="1312",2001,100000,-97999,-2104629
="1314",40000,0,40000,379257
="1316",50001,0,50001,597010
="1325",20000,14000,6000,488100
="1326",6050,6000,50,2680
="1337",6001,100,5901,48295
="1338",1,0,1,63
="1402",1103000,3000,1100000,29369397
="1409",0,2000,-2000,-25700
="1414",0,2000,-2000,-26000
="1416",1,0,1,11
="1417",1,0,1,10
="1423",1,0,1,16
="1435",1,0,1,28
="1444",2000,0,2000,23399
="1447",17000,0,17000,133580
="1449",1,0,1,22
="1452",1,1000,-999,-16882
="1454",6000,0,6000,49380
="1460",0,2000,-2000,-16639
="1463",199,0,199,2487
="1465",100,0,100,1250
="1466",50,0,50,797
="1476",20000,3000,17000,7018000
="1477",5000,0,5000,952000
="1504",50000,21000,29000,831854
="1513",22001,31000,-8999,-426754
="1514",1,0,1,23
="1515",8000,0,8000,613998
="1517",1,0,1,12
="1519",0,1000,-1000,-42500
="1524",3,0,3,31
="1527",0,10000,-10000,-416899
="1533",169000,38000,131000,8445494
="1536",36000,28000,8000,912000
="1539",1000,0,1000,18399
="1568",1000,1000,0,-850
="1584",30000,0,30000,325999
="1587",0,5000,-5000,-116000
="1590",1000,0,1000,1030000
="1593",10000,1000,9000,1218500
="1597",3000,3000,0,-6000
="1598",11000,1000,10000,1061500
="1605",41000,4000,37000,627500
="1608",58000,58000,0,-6001
="1609",10000,27000,-17000,-308551
="1611",2,0,2,25
="1612",0,200000,-200000,-3314999
="1626",0,11000,-11000,-264000
="1707",2000,0,2000,345000
="1714",2000,0,2000,18310
="1717",5000,0,5000,170498
="1718",12002,6000,6002,51616
="1732",146000,25000,121000,3650250
="1734",0,1000,-1000,-26649
="1736",1000,18000,-17000,-1438498
="1737",0,1000,-1000,-32000
="1773",130000,130000,0,0
="1783",2,0,2,47
="1785",77233,91501,-14268,-600246
="1802",181014,153000,28014,433530
="1805",0,93000,-93000,-1080695
="1903",1000,0,1000,49349
="1904",4000,5010,-1010,-29743
="1905",10000,0,10000,101000
="1907",0,5,-5,-121
="1909",167000,5000,162000,3215696
="2002",359000,46000,313000,7369248
="2006",163000,61000,102000,3277497
="2007",0,2000,-2000,-17058
="2009",723000,688000,35000,936952
="2014",47000,188000,-141000,-1970051
="2027",1022000,127000,895000,23384849
="2031",0,1000,-1000,-34849
="2034",0,9000,-9000,-227149
="2038",4000,0,4000,61500
="2049",27200,7000,20200,8185700
="2101",10000,0,10000,383748
="2102",1,0,1,16
="2103",30000,0,30000,637500
="2105",7000,0,7000,295349
="2106",40000,0,40000,1318000
="2108",1000,0,1000,59400
="2109",1,5000,-4999,-57237
="2114",0,1350,-1350,-121226
="2201",654200,123000,531200,21891853
="2206",5000,0,5000,158099
="2207",2000,1000,1000,566000
="2208",1000,0,1000,24000
="2227",3000,0,3000,742000
="2231",14000,18000,-4000,-759000
="2233",1000,136000,-135000,-11575597
="2239",0,1000,-1000,-107500
="2247",21000,0,21000,4838000
="2301",1083000,53000,1030000,58024495
="2302",0,4000,-4000,-89199
="2303",1202000,402080,799920,42267441
="2308",277358,106001,171357,49527634
="2312",92000,20000,72000,872701
="2313",25000,29000,-4000,-165750
="2314",1000,10000,-9000,-280499
="2316",2,5000,-4998,-151939
="2317",2009550,196800,1812750,210930875
="2323",8002,0,8002,66335
="2324",4000,0,4000,86550
="2327",184010,98100,85910,51202510
="2328",392000,384000,8000,502402
="2329",478000,18000,460000,7054699
="2330",372070,899958,-527888,-333803859
="2331",572200,33000,539200,14221272
="2332",2000,2000,0,-401
="2337",738050,171000,567050,23260165
="2338",0,4,-4,-150
="2340",67000,18200,48800,1267479
="2342",16000,17000,-1000,-35050
="2344",192010,872035,-680025,-18869746
="2345",3000,10000,-7000,-2001500
="2347",1000,20000,-19000,-887701
="2348",1000,0,1000,86599
="2351",6000,3000,3000,245299
="2352",4000,51000,-47000,-1356898
="2353",1155150,208000,947150,24282367
="2354",129100,2320000,-2190900,-165684766
="2355",7000,4000,3000,98450
="2356",12000,7365,4635,107277
="2357",0,6000,-6000,-1718000
="2359",90000,0,90000,1593397
="2360",1000,0,1000,214000
="2363",1000,0,1000,16000
="2365",1,0,1,10
="2367",1000,4000,-3000,-59951
="2368",5000,2000,3000,157099
="2369",15004,17000,-1996,-28594
="2371",6000,10000,-4000,-100401
="2375",198000,96000,102000,10299300
="2376",28000,6000,22000,1702498
="2377",8000,85012,-77012,-10332102
="2379",32000,25000,7000,3302500
="2382",64120,10500,53620,4499659
="2383",4000,3000,1000,161000
="2385",0,41000,-41000,-3624400
="2387",101218,12000,89218,5817472
="2390",0,85000,-85000,-1148598
="2392",1000,0,1000,45049
="2393",4000,1000,3000,128848
="2395",0,1001,-1001,-353354
="2399",1000,2000,-1000,-15950
="2401",256000,277000,-21000,-525850
="2404",4000,1000,3000,724500
="2405",1,0,1,12
="2406",1,0,1,18
="2408",523050,456000,67050,6344845
="2409",1712356,2551000,-838644,-13734460
="2412",6000,0,6000,654000
="2415",5000,0,5000,163849
="2417",0,6000,-6000,-276997
="2419",10000,0,10000,228500
="2420",0,3000,-3000,-96899
="2421",76000,1000,75000,3927298
="2424",1000,0,1000,24649
="2425",1000,0,1000,26799
="2426",11001,4000,7001,130317
="2428",0,8000,-8000,-1449500
="2431",3000,0,3000,31549
="2436",6000,5000,1000,38698
="2439",7000,1000,6000,800500
="2441",1000,1000,0,-199
="2442",2000,6899,-4899,-47012
="2449",45000,71000,-26000,-970198
="2453",1000,0,1000,16750
="2454",44140,241216,-197076,-184127185
="2455",48000,20000,28000,3014000
="2456",21000,26000,-5000,-513500
="2457",1000,0,1000,16200
="2458",86000,260011,-174011,-28466304
="2459",0,1000,-1000,-45500
="2460",20000,20000,0,2999
="2464",0,2000,-2000,-84099
="2467",0,2000,-2000,-82098
="2472",1000,1000,0,301
="2474",46002,10000,36002,7084895
="2476",0,1000,-1000,-24399
="2478",1005,5000,-3995,-315805
="2481",12000,17000,-5000,-249401
="2484",1000,1000,0,-50
="2485",1,0,1,17
="2491",11000,0,11000,136399
="2492",15000,23000,-8000,-1872000
="2493",1000,0,1000,33950
="2498",0,3000,-3000,-84600
="2504",39000,10000,29000,637650
="2505",79803,5000,74803,2289303
="2509",0,5000,-5000,-84250
="2511",75000,0,75000,816748
="2515",0,4000,-4000,-34319
="2520",5000,4000,1000,31301
="2540",3000,0,3000,196200
="2547",21000,0,21000,224599
="2548",0,1000,-1000,-86500
="2601",10000,3000,7000,63020
="2603",6711000,3819500,2891500,98855447
="2605",2000,10000,-8000,-141947
="2606",200,6000,-5800,-190890
="2607",10000,0,10000,158999
="2609",9519750,4841000,4678750,98404912
="2610",129000,22500,106500,1197598
="2611",5000,5000,0,-800
="2613",0,1000,-1000,-16799
="2614",2,0,2,32
="2615",242000,245000,-3000,-74500
="2618",5000,55000,-50000,-640001
="2633",3000,21000,-18000,-523001
="2640",12000,0,12000,906099
="2643",0,1000,-1000,-60000
="2706",0,74,-74,-999
="2722",1000,0,1000,26250
="2726",0,647,-647,-43284
="2727",1,0,1,116
="2754",200,0,200,13517
="2755",100,0,100,5193
="2801",5000,0,5000,83249
="2809",0,10000,-10000,-386500
="2812",50,15000,-14950,-159965
="2823",115250,105000,10250,263787
="2832",1000,0,1000,19850
="2834",1000,1000,0,-10
="2845",134,0,134,1393
="2851",41000,0,41000,880450
="2855",1000,32000,-31000,-627398
="2867",10000,0,10000,80200
="2880",5000,0,5000,86000
="2881",176000,83000,93000,4333549
="2882",30000,5000,25000,1008750
="2883",21003,10000,11003,99897
="2884",9000,27000,-18000,-430298
="2885",1734000,16000,1718000,35607448
="2886",3300,0,3300,94919
="2887",3000,0,3000,38049
="2888",24000,0,24000,196238
="2889",0,10000,-10000,-127750
="2890",1001,16000,-14999,-167787
="2891",2014000,7000,2007000,38591350
="2892",20000,0,20000,409000
="2911",1000,1000,0,-64
="2912",4000,0,4000,1078000
="2913",1,0,1,16
="2923",5000,0,5000,143000
="2929",393000,0,393000,5394246
="3003",2000,0,2000,105600
="3006",49100,235000,-185900,-11366332
="3008",14002,1020,12982,38656950
="3011",1000,0,1000,6400
="3014",1000,0,1000,71800
="3015",3000,0,3000,125100
="3016",2000,2000,0,400
="3017",29000,6000,23000,1516599
="3018",1067,1000,67,871
="3019",1000,0,1000,72500
="3023",2000,1000,1000,254000
="3027",0,15000,-15000,-259249
="3029",2000,1000,1000,37050
="3030",0,1000,-1000,-57099
="3032",5000,0,5000,194249
="3033",0,5000,-5000,-91999
="3034",40000,23000,17000,7196000
="3035",27000,16000,11000,588398
="3036",32000,1000,31000,1288498
="3037",89000,38000,51000,4495598
="3041",12267,12000,267,10244
="3042",12060,25000,-12940,-1107020
="3044",14000,12,13988,1807446
="3049",90100,0,90100,867268
="3051",400,0,400,2347
="3055",30,0,30,888
="3057",2,0,2,20
="3058",4000,5000,-1000,-12750
="3059",14000,22000,-8000,-274752
="3060",0,1000,-1000,-13800
="3062",20000,3000,17000,314099
="3071",0,3000,-3000,-71699
="3078",3000,1000,2000,84499
="3081",14000,4000,10000,2825500
="3083",0,2000,-2000,-117200
="3092",132000,6000,126000,7775997
="3094",2000,0,2000,49400
="3105",79000,14000,65000,28293500
="3128",2000,2000,0,-300
="3131",6000,0,6000,2259500
="3138",1242,1066,176,74460
="3141",0,2000,-2000,-83599
="3149",1000,0,1000,26700
="3152",3000,20000,-17000,-7970500
="3164",100,0,100,2085
="3169",2000,11000,-9000,-542298
="3178",17000,14000,3000,175599
="3189",34000,53000,-19000,-1440798
="3206",0,3000,-3000,-104599
="3211",1200,1000,200,18079
="3217",44000,63000,-19000,-2373500
="3218",6000,2000,4000,898500
="3219",400,0,400,27439
="3221",0,6000,-6000,-120799
="3227",17000,8000,9000,1693500
="3228",23000,87000,-64000,-15022000
="3230",0,15000,-15000,-94109
="3231",36000,2333,33667,1046295
="3234",0,1000,-1000,-35299
="3236",2000,0,2000,47049
="3257",60000,0,60000,4905798
="3260",0,45000,-45000,-3223897
="3264",30500,35000,-4500,-194422
="3272",1000,3000,-2000,-102598
="3290",1,0,1,15
="3293",24000,20000,4000,3124000
="3296",0,1000,-1000,-20200
="3305",0,1000,-1000,-29950
="3311",2,0,2,67
="3312",3002,1000,2002,28329
="3317",1000,2000,-1000,-42901
="3321",1000,0,1000,12149
="3322",22001,0,22001,290413
="3323",2000,1000,1000,45901
="3324",21000,9000,12000,2510000
="3325",4000,0,4000,92400
="3346",1000,0,1000,42549
="3362",242000,290090,-48090,-1708877
="3373",0,4000,-4000,-283600
="3374",63000,71000,-8000,-1484000
="3380",26000,11000,15000,505850
="3383",1000,0,1000,3500
="3390",1,0,1,15
="3406",8000,15000,-7000,-3446500
="3413",34500,10000,24500,5454000
="3419",1000,122000,-121000,-2211648
="3437",63000,0,63000,1890249
="3443",247000,122000,125000,52621500
="3444",1000,0,1000,36599
="3450",1046,1000,46,2514
="3455",55000,0,55000,3002998
="3466",1000,3000,-2000,-22398
="3481",1394392,1705200,-310808,-4427482
="3483",0,11000,-11000,-822699
="3484",86000,1000,85000,5815492
="3490",0,9000,-9000,-271399
="3492",0,5000,-5000,-85949
="3508",2001,0,2001,42522
="3516",0,11000,-11000,-171548
="3520",0,2000,-2000,-25899
="3526",1000,1000,0,-101
="3527",0,1000,-1000,-94699
="3529",18000,20020,-2020,-1601620
="3533",6000,3000,3000,1577000
="3536",392,0,392,1552
="3540",47000,0,47000,2884796
="3545",24000,6000,18000,1467298
="3551",100,0,100,4920
="3552",124000,25000,99000,29387500
="3556",0,10,-10,-565
="3563",1000,0,1000,265000
="3576",12000,3000,9000,107449
="3580",3000,0,3000,153000
="3587",0,3000,-3000,-294299
="3588",11000,0,11000,648198
="3596",0,7000,-7000,-665699
="3597",19000,0,19000,557799
="3605",0,134,-134,-5482
="3611",5000,1000,4000,763000
="3615",1000,0,1000,20850
="3622",3000,0,3000,93399
="3625",0,5000,-5000,-104499
="3642",6000,0,6000,104099
="3646",9000,0,9000,213047
="3653",12000,0,12000,3548500
="3661",52000,44000,8000,6970000
="3663",0,5000,-5000,-91999
="3665",29000,111000,-82000,-24388500
="3666",13000,19000,-6000,-369898
="3669",9000,108000,-99000,-7974100
="3673",2000,2000,0,900
="3679",0,800,-800,-81600
="3680",27000,44000,-17000,-5852000
="3685",8000,13000,-5000,-172750
="3689",20,0,20,580
="3691",28000,8000,20000,3502500
="3702",2002,1000,1002,44137
="3703",32000,1000,31000,602749
="3704",83000,73000,10000,362898
="3707",214000,31000,183000,8628695
="3708",3000,9000,-6000,-858000
="3710",18000,100000,-82000,-929602
="3711",192700,130100,62600,6280919
="3714",7000,13000,-6000,-486801
="4102",2000,5000,-3000,-78851
="4106",40,0,40,1025
="4109",1,0,1,17
="4114",2000,2000,0,0
="4119",1000,0,1000,90099
="4120",0,2000,-2000,-92800
="4121",1,16000,-15999,-301880
="4123",0,5000,-5000,-302500
="4127",2,0,2,20
="4128",1000,3000,-2000,-110200
="4130",3000,0,3000,83449
="4133",1000,0,1000,52000
="4137",8000,0,8000,1718500
="4142",0,4000,-4000,-195800
="4152",0,14000,-14000,-1137997
="4154",0,10000,-10000,-275899
="4157",3000,0,3000,50049
="4160",2085,1843,242,5196
="4163",0,1000,-1000,-90199
="4164",30,0,30,1041
="4167",68000,91000,-23000,-684148
="4168",0,10000,-10000,-266000
="4190",2000,0,2000,167800
="4306",1,0,1,14
="4416",1000,0,1000,99000
="4420",1000,762,238,5474
="4526",1,0,1,15
="4528",0,1000,-1000,-48599
="4540",2000,2000,0,0
="4551",0,2000,-2000,-348500
="4561",0,4000,-4000,-109599
="4564",0,3000,-3000,-94199
="4566",7000,6000,1000,56101
="4576",23000,16000,7000,878500
="4712",0,1000,-1000,-6289
="4720",300,0,300,4440
="4726",1000,0,1000,30350
="4735",0,1000,-1000,-88300
="4739",0,2000,-2000,-125800
="4743",6000,3300,2700,521400
="4755",0,1000,-1000,-58000
="4760",7000,28000,-21000,-2278000
="4763",10000,5000,5000,582500
="4766",0,3000,-3000,-453000
="4803",0,384,-384,-14342
="4915",826000,210000,616000,36704600
="4919",11000,3000,8000,349749
="4927",1000,0,1000,68099
="4933",0,2000,-2000,-84799
="4935",10000,4000,6000,624000
="4938",16070,41012,-24942,-1950244
="4952",2000,4000,-2000,-83150
="4953",1000,0,1000,90300
="4956",0,5000,-5000,-93999
="4958",17000,15000,2000,247500
="4960",32016,10000,22016,246730
="4961",467031,322135,144896,19647704
="4966",13000,13001,-1,-191265
="4967",78000,10000,68000,3147797
="4968",20000,15000,5000,2857000
="4972",1000,1160,-160,-4866
="4974",0,5000,-5000,-274399
="4976",113000,115000,-2000,-391497
="4999",9000,0,9000,459899
="5011",0,21000,-21000,-655350
="5014",23000,128000,-105000,-1820699
="5203",18000,0,18000,1863000
="5210",202,0,202,1492
="5213",1000,0,1000,16450
="5223",3000,0,3000,217199
="5227",103,0,103,1441
="5243",63000,46000,17000,1077696
="5269",70000,99000,-29000,-57955000
="5274",5000,3000,2000,4225000
="5285",1000,180000,-179000,-11712694
="5288",0,2000,-2000,-254000
="5289",100,1000,-900,-148925
="5299",2000,6000,-4000,-456000
="5301",1000,0,1000,9029
="5306",0,98000,-98000,-19724500
="5309",39000,10000,29000,1151396
="5315",1,0,1,16
="5328",2000,0,2000,24500
="5347",54000,19000,35000,4121300
="5351",2,0,2,40
="5371",1000,4000,-3000,-121349
="5386",87000,37000,50000,2606598
="5392",0,40,-40,-1040
="5403",261,0,261,14877
="5425",517000,61000,456000,23873996
="5439",14000,44000,-30000,-1654999
="5443",4000,0,4000,167399
="5455",0,1000,-1000,-17649
="5457",10000,2000,8000,656297
="5471",6000,14000,-8000,-539498
="5481",1,0,1,14
="5483",522032,48000,474032,74187104
="5498",26000,0,26000,388999
="5521",2000,2000,0,-340
="5531",0,100000,-100000,-1435000
="5534",1000,0,1000,78900
="5536",4000,83,3917,744147
="5546",2000,0,2000,166600
="5608",534000,549000,-15000,-25399
="5871",2000,5128,-3128,-510236
="5880",20071,0,20071,391384
="5903",1000,0,1000,260000
="5905",34000,1000,33000,339501
="6005",4000,0,4000,55000
="6015",3000,0,3000,37949
="6016",1,0,1,13
="6104",7000,1000,6000,381398
="6108",1,0,1,21
="6116",58000,321487,-263487,-3309360
="6121",3000,0,3000,1090000
="6125",9000,117000,-108000,-2448898
="6126",5000,0,5000,125050
="6127",4000,4000,0,-999
="6129",1,54000,-53999,-820484
="6142",2002,0,2002,16017
="6147",216000,22062,193938,13797737
="6150",179000,39000,140000,11974494
="6152",3000,0,3000,31349
="6153",4000,28000,-24000,-792300
="6167",2,0,2,15
="6173",3000,0,3000,183099
="6175",8000,0,8000,264000
="6180",1000,0,1000,63599
="6182",73100,21000,52100,2072878
="6185",1089,1000,89,1022
="6187",18000,4000,14000,1584000
="6188",1000,126000,-125000,-4759598
="6191",0,45000,-45000,-1088599
="6194",0,18000,-18000,-594399
="6195",1000,0,1000,47700
="6196",8170,6000,2170,247635
="6201",0,1000,-1000,-40900
="6202",6000,5100,900,71581
="6203",1000,0,1000,78300
="6205",0,1000,-1000,-40099
="6206",20000,0,20000,1185899
="6207",0,1000,-1000,-26399
="6208",111000,129000,-18000,-765805
="6209",15000,0,15000,506999
="6213",13000,62000,-49000,-6543500
="6214",1000,0,1000,83500
="6221",0,2000,-2000,-91400
="6223",68000,8000,60000,6599500
="6227",1000,1000,0,-400
="6233",30000,15000,15000,524750
="6237",6000,4000,2000,159198
="6239",16000,4000,12000,1207200
="6243",8000,5000,3000,43049
="6244",5000,0,5000,138500
="6251",2,1000,-998,-18761
="6257",18200,51000,-32800,-1618444
="6261",10000,12000,-2000,-122000
="6264",1000,0,1000,6699
="6269",3025,4000,-975,-113018
="6271",42000,44000,-2000,-457500
="6274",5000,0,5000,555000
="6278",237000,60550,176450,23138764
="6279",25000,4000,21000,2380500
="6282",2000,10000,-8000,-224701
="6284",11017,20000,-8983,-645372
="6285",16400,0,16400,1235398
="6288",0,1000,-1000,-31500
="6405",8000,0,8000,167199
="6411",0,7000,-7000,-688099
="6414",18000,0,18000,4735500
="6415",19000,18000,1000,3760000
="6417",0,2000,-2000,-150399
="6432",5000,0,5000,187749
="6441",9000,7000,2000,281500
="6443",17002,7140,9862,302988
="6451",101000,3000,98000,12513500
="6456",30000,0,30000,3399500
="6462",0,2000,-2000,-300000
="6470",2,0,2,102
="6477",2493,2000,493,27055
="6485",157000,58000,99000,5373646
="6488",313001,33000,280001,188032670
="6491",49000,15000,34000,8524000
="6496",1050,550,500,13650
="6499",4000,0,4000,202299
="6504",3000,2000,1000,180000
="6505",2000,0,2000,179999
="6510",1000,28000,-27000,-24004000
="6516",0,6000,-6000,-476698
="6525",1000,0,1000,68099
="6531",33000,117011,-84011,-56694632
="6533",163000,31000,132000,55959500
="6535",0,6000,-6000,-203097
="6547",24000,21000,3000,362000
="6548",0,2000,-2000,-127400
="6552",1000,1000,0,1300
="6558",0,7000,-7000,-321300
="6573",0,2000,-2000,-31299
="6576",0,38000,-38000,-3077799
="6582",1000,2000,-1000,-134500
="6589",2000,158,1842,71840
="6591",2002,0,2002,117122
="6593",0,334,-334,-8684
="6598",1000,1000,0,250
="6605",2000,0,2000,118000
="6640",0,3000,-3000,-210299
="6643",1000,1000,0,500
="6651",0,2000,-2000,-146599
="6668",0,1000,-1000,-60599
="6669",4000,1002,2998,2554330
="6670",42000,2000,40000,7010500
="6672",1000,0,1000,79900
="6674",1000,0,1000,29000
="6679",67000,9300,57700,14925930
="6683",4000,3000,1000,333500
="6703",1000,4000,-3000,-342500
="6706",5000,0,5000,770000
="6712",31000,0,31000,7393500
="6732",2000,0,2000,1482000
="6733",1000,3000,-2000,-57100
="6743",2000,1000,1000,132000
="6751",0,3000,-3000,-216199
="6756",6050,6000,50,4825
="6762",0,2,-2,-520
="711673",17000,0,17000,23799
="711700",10000,0,10000,29400
="711701",29000,1000,28000,6689
="711702",10000,0,10000,3300
="712014",81000,0,81000,82938
="712199",1000,0,1000,230
="712326",22000,0,22000,6040
="712363",0,3000,-3000,-1739
="712370",20000,0,20000,17599
="712605",31000,10000,21000,23621
="712612",11000,8000,3000,1539
="712616",0,10000,-10000,-20000
="712630",20000,0,20000,3799
="712916",170000,252000,-82000,-108039
="712920",25000,4000,21000,7101
="712922",0,27000,-27000,-44895
="712977",10000,0,10000,2500
="712978",42000,0,42000,45360
="712979",20000,0,20000,16200
="712981",0,42000,-42000,-32919
="713036",10000,0,10000,21650
="713042",60000,1039000,-979000,-235199
="713073",24000,0,24000,4320
="713074",395000,0,395000,130350
="713182",403000,0,403000,59920
="713183",0,100000,-100000,-105498
="713184",10000,0,10000,3000
="713225",0,5000,-5000,-900
="713317",20000,0,20000,7400
="713325",1000,0,1000,2200
="713326",12000,10000,2000,3057
="713327",164000,84000,80000,54820
="713515",0,10000,-10000,-2700
="713587",0,6000,-6000,-600
="713649",0,5000,-5000,-9239
="713675",277000,172000,105000,23721
="713695",210000,0,210000,4498
="713821",0,2000,-2000,-1679
="714011",2400000,0,2400000,455999
="714012",0,155000,-155000,-21700
="714030",50000,0,50000,20499
="714033",5000,0,5000,1550
="714153",5000,0,5000,8750
="714211",16000,0,16000,7199
="714212",20000,0,20000,76999
="714213",10000,0,10000,44899
="714236",15000,15000,0,-250
="714237",15000,0,15000,28949
="714238",23000,0,23000,12460
="714272",433000,3000,430000,124669
="714275",0,10000,-10000,-700
="714516",299000,9000,290000,106192
="714517",23000,122000,-99000,-94318
="714518",10000,0,10000,5899
="714546",0,7000,-7000,-1819
="714620",20000,10000,10000,11800
="714622",17000,3000,14000,12961
="714623",0,4000,-4000,-1080
="714685",155000,0,155000,57350
="714712",100000,468000,-368000,-430417
="714755",0,25000,-25000,-29398
="714795",120000,0,120000,81579
="714856",0,10000,-10000,-6999
="714857",20000,5000,15000,2651
="714858",208000,351000,-143000,-104329
="714859",153000,0,153000,87209
="714887",28000,0,28000,6440
="714889",35000,2000,33000,11228
="714922",2000,0,2000,300
="714995",20000,1000,19000,7021
="715011",5000,106000,-101000,-27601
="715066",60000,83000,-23000,-14329
="715067",61000,20000,41000,81208
="715069",0,65000,-65000,-89697
="715070",70000,227000,-157000,-161968
="715071",0,20000,-20000,-37799
="715072",22000,15000,7000,4840
="715073",31000,0,31000,190548
="715116",0,28000,-28000,-42008
="715118",0,2000,-2000,-1000
="715151",50000,0,50000,107500
="715158",20000,2000,18000,5000
="715159",120000,0,120000,67599
="715162",0,1000,-1000,-3519
="715181",13000,52000,-39000,-102972
="715239",0,35000,-35000,-42770
="715285",142000,0,142000,163330
="715286",36000,10000,26000,13249
="715287",0,152000,-152000,-143609
="715288",0,23000,-23000,-9638
="715356",47000,4000,43000,93311
="715417",112000,0,112000,349737
="715478",0,240000,-240000,-144000
="715520",0,10000,-10000,-8000
="715521",0,11000,-11000,-4379
="715548",2000,0,2000,959
="715549",0,19000,-19000,-13870
="715552",6000,3000,3000,6402
="715553",0,30000,-30000,-19499
="715554",0,154000,-154000,-87138
="715555",10000,160000,-150000,-114007
="715609",53000,125000,-72000,-84670
="715643",0,20000,-20000,-40599
="715657",120000,37000,83000,72721
="715660",9000,113000,-104000,-322346
="715661",20000,48000,-28000,-43347
="715662",304000,148000,156000,220700
="715692",20000,0,20000,13799
="715694",10000,34000,-24000,-38039
="715780",10000,0,10000,7099
="715813",0,66000,-66000,-100319
="715815",1000,0,1000,1889
="715855",5000,0,5000,750
="715901",15000,22000,-7000,-14972
="715935",42000,48000,-6000,-7541
="716032",10000,0,10000,9200
="716033",38000,2000,36000,21299
="716034",0,54000,-54000,-33799
="716036",0,23000,-23000,-27830
="716037",3000,15000,-12000,-19858
="716067",1000,0,1000,270
="716084",0,48000,-48000,-91679
="716085",0,10000,-10000,-19900
="716110",0,108000,-108000,-128599
="716111",14000,4000,10000,10580
="716112",0,10000,-10000,-15467
="716137",374000,28000,346000,348297
="716188",0,33000,-33000,-29699
="716295",0,9000,-9000,-13679
="716296",21000,23000,-2000,-4028
="716297",20000,11000,9000,10631
="716298",430000,178000,252000,448811
="716299",1013000,877000,136000,187088
="716300",81000,47000,34000,124132
="716347",1000,0,1000,1139
="716358",0,27000,-27000,-31859
="716362",1000,101000,-100000,-26989
="716368",294000,55000,239000,337538
="716369",784000,304000,480000,786961
="716370",1387000,274000,1113000,1606121
="716509",20000,0,20000,31800
="716590",35000,50000,-15000,-15451
="716594",0,103000,-103000,-99910
="716595",1000,0,1000,1389
="716596",23000,5000,18000,29260
="716668",9000,0,9000,19980
="716677",46000,25000,21000,18111
="716678",0,35000,-35000,-30649
="716759",0,25000,-25000,-24250
="716772",0,20000,-20000,-30598
="716816",0,55000,-55000,-41349
="716837",3000,0,3000,3449
="716838",12000,1000,11000,8171
="716905",43000,127000,-84000,-55488
="716907",823000,171000,652000,915631
="716908",320000,112000,208000,255222
="716952",60000,210000,-150000,-200501
="716953",58000,240000,-182000,-169669
="716954",446000,172000,274000,428000
="716955",10000,8000,2000,1309
="716956",83000,225000,-142000,-182577
="716958",291000,177000,114000,114048
="716997",0,430000,-430000,-291800
="716999",0,92000,-92000,-59799
="717000",182000,0,182000,116479
="717001",25000,0,25000,13249
="717024",92000,0,92000,86559
="717086",1000,0,1000,769
="717087",11000,50000,-39000,-52690
="717088",0,32000,-32000,-37909
="717101",3000,72000,-69000,-60919
="717102",15000,113000,-98000,-86649
="717159",30000,0,30000,105599
="717174",4000,0,4000,24600
="717192",10000,0,10000,135000
="717196",10000,0,10000,77500
="717203",17000,16000,1000,201
="717204",516000,33000,483000,992492
="717205",0,1000,-1000,-3339
="717208",0,2000,-2000,-3880
="717210",0,21000,-21000,-38538
="717305",15000,0,15000,22649
="717307",5000,160000,-155000,-64959
="717321",10000,0,10000,17599
="717342",20000,0,20000,89399
="717351",0,20000,-20000,-12400
="717352",48000,110000,-62000,-27680
="717353",284000,413000,-129000,-238049
="717354",196000,51000,145000,88669
="717355",1000,2000,-1000,-560
="717356",0,1000,-1000,-469
="717358",138000,0,138000,96599
="717359",5000,23000,-18000,-9000
="717361",0,5000,-5000,-3449
="717363",27000,10000,17000,14929
="717364",0,73000,-73000,-83348
="717365",41000,0,41000,34860
="717420",145000,0,145000,361148
="717459",0,10000,-10000,-4448
="717460",6000,6000,0,181
="717461",414000,192000,222000,322342
="717462",200000,0,200000,101999
="717464",10000,1093000,-1083000,-794618
="717465",0,1046000,-1046000,-750027
="717466",0,477000,-477000,-542766
="717468",63000,242000,-179000,-114629
="717469",10000,3000,7000,6520
="717494",15000,0,15000,39299
="717500",200000,0,200000,577999
="717509",60000,0,60000,107999
="717513",100000,161000,-61000,-59978
="717516",276000,35000,241000,158279
="717518",378000,206000,172000,184363
="717519",112000,0,112000,73920
="717520",50000,0,50000,28000
="717522",2000,2000,0,0
="717523",103000,24000,79000,86470
="717524",75000,372000,-297000,-230318
="717525",595000,682000,-87000,-180526
="717526",18000,2000,16000,20039
="717528",60000,0,60000,256200
="717529",50000,0,50000,215798
="717566",22000,20000,2000,999
="717569",25000,257000,-232000,-135019
="717570",158000,237000,-79000,-89992
="717601",34000,23000,11000,5511
="717602",0,2000,-2000,-899
="717604",0,44000,-44000,-34399
="717606",0,10000,-10000,-5099
="717607",100000,11000,89000,45080
="717609",6000,1000,5000,3199
="717636",386000,533000,-147000,-106710
="717639",237000,261000,-24000,-13678
="717640",0,246000,-246000,-226368
="717641",0,53000,-53000,-87247
="717683",50000,129000,-79000,-64909
="717684",0,800000,-800000,-335999
="717685",10000,120000,-110000,-69100
="717686",202000,25000,177000,87881
="717687",161000,2000,159000,106510
="717688",7000,0,7000,5040
="717689",12000,74000,-62000,-58129
="717734",0,250000,-250000,-77500
="717735",30000,142000,-112000,-55319
="717736",0,10000,-10000,-6200
="717738",76000,2000,74000,51800
="717739",1000,31000,-30000,-38079
="717740",11000,56000,-45000,-73819
="717741",108000,70000,38000,34431
="717742",161000,199000,-38000,-31921
="717773",456000,29000,427000,429367
="717774",134000,178000,-44000,-38662
="717775",163000,238000,-75000,-58602
="717776",0,13000,-13000,-8059
="717779",318000,12000,306000,216989
="717780",70000,3000,67000,41840
="717815",398000,286000,112000,75920
="717816",576000,36000,540000,371379
="717817",105000,300000,-195000,-113999
="717818",263000,132000,131000,108610
="717820",0,84000,-84000,-36719
="717846",80000,80000,0,4000
="717861",0,64000,-64000,-60159
="717862",79000,50000,29000,14640
="717893",100000,0,100000,232999
="717894",30000,0,30000,62999
="717918",147000,20000,127000,98759
="717950",151000,237000,-86000,-62700
="717953",35000,50000,-15000,-10151
="717957",364000,517000,-153000,-160467
="717958",0,2000,-2000,-1120
="717959",22000,30000,-8000,-4841
="717960",100000,15000,85000,41601
="717962",3046000,0,3046000,2598317
="717963",19000,0,19000,13190
="718039",230000,1757000,-1527000,-1557095
="718041",0,119000,-119000,-109150
="718042",210000,193000,17000,24319
="718043",0,64000,-64000,-72317
="718045",0,1000,-1000,-560
="718047",167000,556000,-389000,-277866
="718093",50000,22000,28000,22461
="718094",0,87000,-87000,-77897
="718095",0,11000,-11000,-10559
="718096",56000,489000,-433000,-373137
="718098",0,68000,-68000,-61839
="718099",261000,586000,-325000,-289660
="718100",0,82000,-82000,-33489
="718101",694000,31000,663000,512130
="718102",5000,120000,-115000,-112139
="718103",31000,1000,30000,22268
="718104",5000,2000,3000,2280
="718179",1000,0,1000,519
="718180",15000,46000,-31000,-22170
="718219",0,1000,-1000,-519
="718222",1000,0,1000,750
="718223",15000,60000,-45000,-22050
="718225",20000,120000,-100000,-66300
="718263",0,506000,-506000,-341960
="718264",15000,0,15000,6749
="718265",26000,10000,16000,7529
="718266",100000,140000,-40000,-26500
="718307",0,10000,-10000,-8000
="73604P",0,103000,-103000,-143109
="73653P",78000,0,78000,69698
="73655P",10000,100000,-90000,-48600
="73675P",0,500000,-500000,-513498
="73686P",0,300000,-300000,-341999
="73691P",4000,0,4000,3519
="73692P",8000,2000,6000,11519
="73693P",3000,108000,-105000,-303571
="73717P",41000,12000,29000,32620
="73729P",0,5000,-5000,-6100
="73740P",65000,0,65000,73099
="73748P",45000,0,45000,84599
="73753P",0,130000,-130000,-230099
="73754P",2000,5000,-3000,-2420
="73755P",0,80000,-80000,-89299
="73762P",2000,0,2000,1399
="73764P",0,3000,-3000,-2430
="73774P",57000,239000,-182000,-178131
="73799P",665000,27000,638000,203060
="73803P",522000,0,522000,341898
="73804P",32000,0,32000,21760
="73805P",1812000,92000,1720000,875940
="73806P",0,1098000,-1098000,-699458
="73810P",40000,0,40000,67699
="73822P",0,50000,-50000,-75999
="73826P",90000,0,90000,82499
="73833P",0,5000,-5000,-5799
="73838P",21000,2000,19000,18309
="73839P",69000,686000,-617000,-709841
="7402",0,1000,-1000,-28649
="7556",2000,3002,-1002,-137784
="8011",0,10000,-10000,-202999
="8016",14000,17000,-3000,-491500
="8024",63000,38000,25000,510650
="8027",5000,1000,4000,323900
="8028",0,44000,-44000,-2202998
="8033",13000,14000,-1000,-13648
="8044",10000,7000,3000,255099
="8046",502000,113000,389000,94834000
="8054",37000,38000,-1000,2799
="8064",12000,12000,0,3498
="8069",207000,412000,-205000,-10204246
="8070",1000,0,1000,30100
="8085",1002,0,1002,8025
="8086",608482,44000,564482,91255640
="8092",3000,0,3000,25289
="8096",1,53,-52,-631
="8110",1000,0,1000,13000
="8112",2000,2000,0,-151
="8121",1000,2000,-1000,-16351
="8150",67000,13000,54000,1881896
="8163",15000,0,15000,624649
="8176",1000,1000,0,-86
="8182",10000,0,10000,271000
="8183",3000,4000,-1000,-21750
="8215",0,6049,-6049,-180668
="8234",0,10000,-10000,-252000
="8255",5,50000,-49995,-5738425
="8277",0,1000,-1000,-10149
="8299",1000,27000,-26000,-10036500
="8358",521000,382000,139000,7745900
="8383",0,2000,-2000,-76450
="8390",100000,0,100000,2914999
="8403",12000,0,12000,379200
="8411",0,75,-75,-1004
="8436",1000,7000,-6000,-1257500
="8454",0,1000,-1000,-827000
="8464",0,6000,-6000,-2280500
="8488",8000,0,8000,110400
="8916",1000,2000,-1000,-38550
="8917",98,0,98,6762
="8924",0,2000,-2000,-127200
="8927",10000,0,10000,180000
="8929",1050,1000,50,835
="8933",50,0,50,505
="8935",0,2000,-2000,-15699
="8936",0,1000,-1000,-22500
="8996",1,11000,-10999,-582947
="9103",1000,10000,-9000,-248500
="9105",5000,5000,0,50
="911616",2000,0,2000,3349
="911868",25000,343000,-318000,-372205
="912398",1000,1000,0,-77
="9802",0,30000,-30000,-3363500
="9904",58000,30000,28000,822299
="9905",2000,0,2000,44400
="9912",2,0,2,15
="9914",30000,57000,-27000,-7614000
="9919",0,1000,-1000,-31250
="9921",6000,1,5999,1727718
="9926",122,0,122,5852
="9933",1000,0,1000,35599
="9937",2003,0,2003,101754
="9938",58000,107150,-49150,-3920107
="9945",3000,0,3000,116549
="9949",0,629,-629,-7519
="9955",50,0,50,935
="9958",2000,31000,-29000,-2993500
