="0050",176519,2175,174344
="0056",11630,8000,3630
="0061",10000,0,10000
="006205",10000,50000,-40000
="006207",1000,30000,-29000
="006208",241001,242000,-999
="00631L",1000,1000,0
="00632R",1519000,51000,1468000
="00633L",502000,49000,453000
="00634R",10000,0,10000
="00635U",18000,0,18000
="00637L",105000,80000,25000
="00638R",10000,121000,-111000
="00639",0,10000,-10000
="00642U",86000,155000,-69000
="00643",0,10000,-10000
="00646",10,1000,-990
="00648R",2000,0,2000
="00650L",5000,10000,-5000
="00669R",0,15000,-15000
="00677U",347000,368000,-21000
="00682U",0,14000,-14000
="00683L",40000,207000,-167000
="00687B",50000,50000,0
="00688L",50000,50000,0
="00689R",50000,50000,0
="00692",5230,5000,230
="00693U",17000,4000,13000
="00694B",50000,50000,0
="00695B",50000,50000,0
="00696B",100000,100000,0
="00697B",50000,50000,0
="00701",2000,6000,-4000
="00703",0,1000,-1000
="00708L",0,10000,-10000
="00712",31000,0,31000
="00715L",2000,20000,-18000
="00717",0,5000,-5000
="00718B",100000,101000,-1000
="00719B",50000,50000,0
="00720B",60000,50000,10000
="00721B",50000,50000,0
="00722B",100000,121000,-21000
="00723B",50000,51000,-1000
="00724B",50000,52000,-2000
="00728",32000,11000,21000
="00733",100000,100000,0
="00735",1000,0,1000
="00738U",27000,4000,23000
="00740B",25000,25000,0
="00741B",25000,29000,-4000
="00745B",25000,25000,0
="00746B",25000,34000,-9000
="00751B",62000,50000,12000
="00752",1000,1000,0
="00754B",50000,51000,-1000
="00755B",51000,50000,1000
="00756B",50000,54000,-4000
="00763U",0,10000,-10000
="00764B",50000,52000,-2000
="00765B",50000,50000,0
="00772B",70000,72000,-2000
="00773B",73000,70000,3000
="00784B",25000,25000,0
="00785B",25000,25000,0
="00787B",1000,0,1000
="00795B",70000,70000,0
="00796B",70000,71000,-1000
="00830",2000,1866,134
="00847B",70000,70000,0
="00848B",70000,70000,0
="00849B",70000,70000,0
="00850",4000,0,4000
="00861",108000,81000,27000
="00862B",70000,70000,0
="00863B",70000,70000,0
="00864B",70000,70000,0
="00868B",50000,50000,0
="00869B",50000,50000,0
="00870B",50000,50000,0
="00871B",50000,50000,0
="00876",708000,0,708000
="00877",4000,0,4000
="00878",1000,1000,0
="00881",96100,2375000,-2278900
="020003",0,5000,-5000
="020011",6000,6000,0
="020015",0,1000,-1000
="020016",0,4000,-4000
="020018",26000,100000,-74000
="020019",357000,218000,139000
="020021",2441000,425000,2016000
="020022",2000,0,2000
="03396P",0,120000,-120000
="03572P",5000,0,5000
="03732P",5000,0,5000
="04126P",0,82000,-82000
="04317P",50000,0,50000
="04372P",50000,0,50000
="04512P",1000,0,1000
="04513P",601000,191000,410000
="04594P",99000,90000,9000
="04686P",0,130000,-130000
="04729P",267000,90000,177000
="04732P",50000,0,50000
="04826P",2000,134000,-132000
="04827P",0,1000,-1000
="04860P",20000,0,20000
="04908P",0,34000,-34000
="04941P",0,10000,-10000
="04953P",0,10000,-10000
="04985P",9000,0,9000
="04997P",10000,47000,-37000
="05006P",2000,0,2000
="05067P",0,499000,-499000
="05070P",0,30000,-30000
="05104P",23000,0,23000
="05128P",637000,20000,617000
="05143P",5000,0,5000
="05144P",99000,35000,64000
="05147P",50000,0,50000
="05158P",100000,150000,-50000
="05161P",36000,33000,3000
="05162P",39000,0,39000
="05237P",62000,54000,8000
="05265P",200000,0,200000
="05297P",91000,563000,-472000
="05299P",47000,42000,5000
="05300P",0,80000,-80000
="05342P",66000,101000,-35000
="05422P",29000,0,29000
="05438P",200000,0,200000
="05447P",5000,0,5000
="05469P",0,20000,-20000
="05481P",113000,0,113000
="05482P",50000,0,50000
="05500P",50000,26000,24000
="05585P",0,675000,-675000
="05594P",83000,10000,73000
="05595P",931000,43000,888000
="05632P",29000,228000,-199000
="05668P",5000,0,5000
="05697P",662000,300000,362000
="05698P",216000,15000,201000
="05699P",7000,146000,-139000
="05704P",3000,0,3000
="05705P",0,200000,-200000
="05706P",98000,0,98000
="05707P",700000,18000,682000
="05749P",764000,23000,741000
="05750P",27000,0,27000
="057550",0,5000,-5000
="05760P",0,100000,-100000
="05774P",0,10000,-10000
="05776P",52000,6000,46000
="05777P",272000,361000,-89000
="05844P",200000,0,200000
="05858P",170000,20000,150000
="061173",52000,0,52000
="061289",25000,50000,-25000
="061730",39000,0,39000
="062122",5000,0,5000
="062129",118000,10000,108000
="062806",2000,0,2000
="063057",2000,150000,-148000
="063145",0,3000,-3000
="063198",10000,2000,8000
="063201",196000,0,196000
="063207",32000,0,32000
="063347",4000,0,4000
="063444",7000,4000,3000
="063452",1000,1000,0
="063788",3000,0,3000
="063926",0,20000,-20000
="064055",46000,0,46000
="064057",100000,0,100000
="064137",0,80000,-80000
="064152",50000,0,50000
="064162",10000,0,10000
="064241",10000,0,10000
="064242",5000,0,5000
="064446",0,141000,-141000
="064447",31000,0,31000
="064448",0,30000,-30000
="064462",70000,133000,-63000
="064563",0,30000,-30000
="064710",0,6000,-6000
="064713",80000,0,80000
="064715",80000,0,80000
="064719",10000,0,10000
="064720",4000,0,4000
="064721",30000,0,30000
="064724",309000,0,309000
="064729",100000,0,100000
="064821",7000,0,7000
="064831",400000,0,400000
="064835",0,3000,-3000
="064911",5000,0,5000
="064915",0,11000,-11000
="064916",10000,0,10000
="064917",22000,2000,20000
="064919",84000,10000,74000
="064921",10000,0,10000
="064925",139000,27000,112000
="065338",0,5000,-5000
="065342",0,3000,-3000
="065345",6000,0,6000
="065450",100000,0,100000
="065451",0,100000,-100000
="065531",1000,0,1000
="065532",0,8000,-8000
="065653",70000,0,70000
="065679",0,15000,-15000
="065683",5000,0,5000
="065685",51000,20000,31000
="065686",324000,230000,94000
="065889",13000,0,13000
="065890",5000,0,5000
="065891",0,10000,-10000
="065945",10000,0,10000
="065950",123000,13000,110000
="065953",0,10000,-10000
="065957",89000,40000,49000
="066005",4000,2000,2000
="066009",52000,0,52000
="066198",17000,0,17000
="066203",82000,39000,43000
="066209",8000,0,8000
="066213",0,100000,-100000
="066456",0,10000,-10000
="066458",0,1000,-1000
="066524",1000,1000,0
="066525",1000,5000,-4000
="066526",221000,163000,58000
="066529",16000,20000,-4000
="066694",0,5000,-5000
="067147",20000,0,20000
="067149",5000,0,5000
="067150",80000,42000,38000
="067153",100000,0,100000
="067154",17000,0,17000
="067276",99000,90000,9000
="067277",140000,0,140000
="067368",35000,22000,13000
="067371",22000,0,22000
="067378",42000,15000,27000
="067383",0,145000,-145000
="067510",100000,0,100000
="067514",0,80000,-80000
="067640",3000,0,3000
="067643",133000,0,133000
="067709",105000,0,105000
="067770",2000,7000,-5000
="067772",30000,0,30000
="067774",9000,63000,-54000
="067832",0,55000,-55000
="067836",2000,2000,0
="068047",10000,0,10000
="068048",0,250000,-250000
="068128",145000,0,145000
="068129",10000,100000,-90000
="068130",10000,0,10000
="068131",15000,0,15000
="068217",7000,1000,6000
="068219",1000,26000,-25000
="068220",292000,903000,-611000
="068221",0,64000,-64000
="068223",201000,100000,101000
="068224",4000,11000,-7000
="068257",10000,0,10000
="068383",0,10000,-10000
="068390",20000,101000,-81000
="068396",0,20000,-20000
="068397",0,227000,-227000
="068511",288000,22000,266000
="068521",99000,125000,-26000
="068594",69000,43000,26000
="068595",76000,37000,39000
="068667",1000,0,1000
="068670",1798000,2355000,-557000
="068671",0,21000,-21000
="068672",89000,50000,39000
="068673",1000,1000,0
="068674",1000,131000,-130000
="068765",15000,0,15000
="068767",66000,39000,27000
="068769",15000,434000,-419000
="068843",25000,0,25000
="068849",0,2000,-2000
="068851",10000,152000,-142000
="068852",341000,692000,-351000
="068885",1000,0,1000
="068888",20000,0,20000
="068939",0,2000,-2000
="069031",1000,0,1000
="069035",20000,0,20000
="069038",300000,0,300000
="069039",9000,0,9000
="069040",96000,0,96000
="069091",10000,0,10000
="069095",20000,50000,-30000
="069097",22000,6000,16000
="069099",3000,32000,-29000
="069103",0,15000,-15000
="069105",0,10000,-10000
="069106",69000,0,69000
="069190",30000,73000,-43000
="069191",12000,5000,7000
="069192",0,542000,-542000
="069193",370000,121000,249000
="069397",155000,46000,109000
="069402",37000,1000,36000
="069404",50000,0,50000
="069407",128000,91000,37000
="069411",0,30000,-30000
="069412",0,10000,-10000
="069414",1639000,3477000,-1838000
="069415",31000,0,31000
="069416",317000,115000,202000
="069446",20000,2000,18000
="069448",0,55000,-55000
="069449",150000,721000,-571000
="069453",15000,0,15000
="069612",0,1000,-1000
="069614",2000,5000,-3000
="069616",0,5000,-5000
="069618",8000,20000,-12000
="069622",0,6000,-6000
="069623",60000,0,60000
="069691",715000,236000,479000
="069693",4000,0,4000
="069823",0,50000,-50000
="069824",0,280000,-280000
="069877",100000,0,100000
="069927",0,60000,-60000
="069930",116000,0,116000
="069933",10000,10000,0
="069934",24000,0,24000
="069936",1000,0,1000
="070060",0,1000,-1000
="070133",137000,503000,-366000
="070134",5000,20000,-15000
="070135",45000,55000,-10000
="070136",170000,105000,65000
="070138",0,11000,-11000
="070139",50000,0,50000
="070141",99000,94000,5000
="070146",1000,0,1000
="070147",514000,16000,498000
="070148",60000,1134000,-1074000
="070245",0,133000,-133000
="070250",80000,5000,75000
="070251",4000,0,4000
="070252",240000,0,240000
="070258",29000,10000,19000
="070373",0,10000,-10000
="070376",1000,0,1000
="070426",30000,0,30000
="070428",2000,3000,-1000
="070444",58000,199000,-141000
="070445",196000,734000,-538000
="070530",5000,0,5000
="070531",0,210000,-210000
="070533",30000,159000,-129000
="070534",4000,0,4000
="070535",0,5000,-5000
="070536",2000,2000,0
="070538",110000,209000,-99000
="070541",10000,0,10000
="070606",0,32000,-32000
="070608",25000,0,25000
="070735",0,2000,-2000
="070800",10000,0,10000
="070857",0,573000,-573000
="070860",35000,4000,31000
="070861",88000,50000,38000
="070862",37000,41000,-4000
="070864",92000,0,92000
="070865",2000,0,2000
="070866",0,3000,-3000
="070867",0,10000,-10000
="071013",30000,0,30000
="071123",10000,0,10000
="071125",5000,0,5000
="071129",0,11000,-11000
="071206",1000,5000,-4000
="071210",0,1000,-1000
="071215",0,1000,-1000
="071218",0,5000,-5000
="071220",0,240000,-240000
="071221",0,40000,-40000
="071222",31000,15000,16000
="071223",10000,0,10000
="071224",14000,67000,-53000
="071225",35000,0,35000
="071226",0,16000,-16000
="071227",1000,0,1000
="071319",5000,6000,-1000
="071321",61000,0,61000
="071322",8000,1000,7000
="071329",2000,0,2000
="071334",17000,100000,-83000
="071390",2000,0,2000
="071438",0,61000,-61000
="071444",10000,0,10000
="071446",25000,4000,21000
="071448",52000,31000,21000
="071457",45000,25000,20000
="071508",0,150000,-150000
="071568",1000,0,1000
="071569",20000,0,20000
="071571",249000,0,249000
="071572",2000,34000,-32000
="071631",3000,0,3000
="071692",0,327000,-327000
="071707",0,3000,-3000
="071708",1000,0,1000
="071709",0,50000,-50000
="071710",15000,265000,-250000
="071731",0,60000,-60000
="071750",10000,0,10000
="071845",0,8000,-8000
="071887",35000,0,35000
="071890",0,10000,-10000
="071985",0,400000,-400000
="072046",15000,17000,-2000
="072047",2000,3000,-1000
="072051",60000,153000,-93000
="072112",2000,3000,-1000
="072122",0,89000,-89000
="072300",151000,310000,-159000
="072305",0,10000,-10000
="072306",10000,0,10000
="072309",0,5000,-5000
="072310",0,80000,-80000
="072313",14000,27000,-13000
="072403",103000,121000,-18000
="072404",60000,61000,-1000
="072409",20000,1000,19000
="072410",40000,173000,-133000
="072411",0,75000,-75000
="072412",127000,119000,8000
="072473",0,20000,-20000
="072554",70000,0,70000
="072556",20000,10000,10000
="072557",7000,0,7000
="072560",0,50000,-50000
="072561",0,50000,-50000
="072562",10000,13000,-3000
="072564",25000,0,25000
="072566",0,20000,-20000
="072625",114000,12000,102000
="072628",0,2000,-2000
="072633",7000,0,7000
="072634",106000,0,106000
="072635",7000,0,7000
="072638",5000,0,5000
="072639",0,2000,-2000
="072710",30000,0,30000
="072711",0,50000,-50000
="072712",10000,9000,1000
="072808",1000,1000,0
="072812",0,13000,-13000
="072813",10000,0,10000
="072964",308000,308000,0
="072968",4000,1000,3000
="072971",10000,40000,-30000
="073027",0,45000,-45000
="073031",0,760000,-760000
="073035",20000,0,20000
="073036",12000,0,12000
="073037",199000,375000,-176000
="073038",58000,390000,-332000
="073039",10000,134000,-124000
="073040",70000,0,70000
="073096",0,105000,-105000
="073097",244000,101000,143000
="073100",121000,6000,115000
="073102",549000,66000,483000
="073104",43000,83000,-40000
="073105",161000,519000,-358000
="073106",30000,125000,-95000
="073377",0,172000,-172000
="073379",0,205000,-205000
="073383",22000,0,22000
="073384",0,60000,-60000
="073386",0,50000,-50000
="073387",5000,0,5000
="073388",8000,28000,-20000
="073390",2000,202000,-200000
="073487",0,60000,-60000
="073493",20000,0,20000
="073497",12000,2000,10000
="073502",50000,189000,-139000
="073503",0,105000,-105000
="073572",2000,0,2000
="073577",8000,0,8000
="073615",9000,2000,7000
="073616",9000,10000,-1000
="073735",499000,499000,0
="073741",2000,8000,-6000
="073743",0,30000,-30000
="073744",0,7000,-7000
="073745",14000,87000,-73000
="073746",5000,0,5000
="073747",0,12000,-12000
="073748",10000,10000,0
="073797",50000,0,50000
="073808",10000,21000,-11000
="073809",50000,60000,-10000
="073811",0,10000,-10000
="073812",0,10000,-10000
="073813",32000,8000,24000
="073982",0,181000,-181000
="073984",0,1000,-1000
="073985",30000,10000,20000
="074065",4000,8000,-4000
="074066",0,10000,-10000
="074067",16000,1000,15000
="074068",82000,18000,64000
="074069",4000,2000,2000
="074167",0,4000,-4000
="074168",16000,111000,-95000
="074171",12000,30000,-18000
="074255",400000,0,400000
="074257",413000,29000,384000
="074343",0,7000,-7000
="074344",6000,7000,-1000
="074347",346000,508000,-162000
="074349",20000,10000,10000
="074350",48000,13000,35000
="074351",20000,0,20000
="074352",360000,360000,0
="074353",27000,1000,26000
="074354",110000,15000,95000
="074444",10000,0,10000
="074446",156000,233000,-77000
="074447",20000,30000,-10000
="074449",55000,0,55000
="074450",0,90000,-90000
="074451",60000,70000,-10000
="074452",0,118000,-118000
="074453",76000,23000,53000
="074455",30000,0,30000
="074456",0,30000,-30000
="074491",5000,0,5000
="074493",10000,0,10000
="074498",0,10000,-10000
="074499",0,652000,-652000
="074680",0,1000,-1000
="074681",0,1000,-1000
="074685",11000,90000,-79000
="074686",10000,5000,5000
="074687",13000,4000,9000
="074690",17000,0,17000
="074758",3000,12000,-9000
="074782",0,10000,-10000
="074787",50000,0,50000
="074788",1000,3000,-2000
="074789",0,10000,-10000
="074790",43000,191000,-148000
="074791",0,19000,-19000
="074794",12000,23000,-11000
="074800",0,5000,-5000
="074801",65000,42000,23000
="074802",204000,184000,20000
="074803",1000,4000,-3000
="074804",11000,4000,7000
="074807",132000,81000,51000
="074809",5000,0,5000
="074810",0,74000,-74000
="074811",0,10000,-10000
="074817",0,10000,-10000
="074818",125000,1000,124000
="074819",9000,142000,-133000
="074896",3000,13000,-10000
="074898",0,11000,-11000
="074899",0,389000,-389000
="074900",16000,12000,4000
="074901",17000,4000,13000
="074902",176000,20000,156000
="074907",0,2000,-2000
="074908",75000,109000,-34000
="075051",52000,5000,47000
="075054",27000,0,27000
="075066",3000,0,3000
="075167",0,5000,-5000
="075168",0,10000,-10000
="075172",86000,10000,76000
="075173",0,30000,-30000
="075240",23000,0,23000
="075243",14000,0,14000
="075396",136000,304000,-168000
="075398",1000,0,1000
="075400",10000,0,10000
="075401",70000,80000,-10000
="075402",25000,15000,10000
="075408",0,306000,-306000
="075409",17000,30000,-13000
="075411",0,230000,-230000
="075513",0,8000,-8000
="075516",10000,7000,3000
="075517",80000,31000,49000
="075642",90000,70000,20000
="075693",110000,0,110000
="075694",0,10000,-10000
="075697",139000,1000,138000
="075698",0,1000,-1000
="075700",0,10000,-10000
="075827",0,30000,-30000
="075829",0,252000,-252000
="075831",71000,7000,64000
="075966",0,60000,-60000
="075968",27000,32000,-5000
="075969",0,10000,-10000
="075970",17000,90000,-73000
="075971",11000,21000,-10000
="075972",1000,30000,-29000
="075978",0,10000,-10000
="076055",0,14000,-14000
="076057",20000,441000,-421000
="076058",1000,1000,0
="076059",0,50000,-50000
="076061",2000,0,2000
="076062",2000,46000,-44000
="076063",137000,0,137000
="076064",219000,15000,204000
="076107",16000,0,16000
="076181",1000,3000,-2000
="076182",0,22000,-22000
="076185",100000,0,100000
="076289",0,6000,-6000
="076290",30000,25000,5000
="076291",59000,1000,58000
="076405",38000,20000,18000
="076406",0,9000,-9000
="076408",40000,0,40000
="076410",62000,5000,57000
="076411",363000,127000,236000
="076413",0,8000,-8000
="076414",1000,0,1000
="076416",2000,99000,-97000
="076417",59000,0,59000
="076418",40000,21000,19000
="076420",28000,95000,-67000
="076550",0,2000,-2000
="076551",40000,71000,-31000
="076652",248000,40000,208000
="076653",147000,586000,-439000
="076654",50000,115000,-65000
="076655",85000,54000,31000
="076771",3000,0,3000
="076835",2001000,0,2001000
="076912",10000,26000,-16000
="076914",0,143000,-143000
="076915",186000,271000,-85000
="076916",10000,0,10000
="076921",0,10000,-10000
="076922",39000,51000,-12000
="076971",0,27000,-27000
="077011",0,10000,-10000
="077039",0,60000,-60000
="077060",0,50000,-50000
="077061",52000,124000,-72000
="077064",20000,0,20000
="077065",0,28000,-28000
="077066",372000,0,372000
="077067",64000,192000,-128000
="077068",11000,47000,-36000
="077069",353000,76000,277000
="077103",7000,34000,-27000
="077105",0,36000,-36000
="077107",50000,0,50000
="077108",325000,648000,-323000
="077109",206000,686000,-480000
="077110",240000,122000,118000
="077275",31000,461000,-430000
="077276",2000,1160000,-1158000
="077277",0,21000,-21000
="077278",27000,17000,10000
="077280",4000,49000,-45000
="077281",90000,86000,4000
="077323",0,5000,-5000
="077411",8000,1000,7000
="077412",4000,19000,-15000
="077457",1000,1000,0
="077585",48000,6000,42000
="077586",2000,49000,-47000
="077587",39000,36000,3000
="077588",1000,0,1000
="077589",0,280000,-280000
="077592",0,20000,-20000
="077593",0,45000,-45000
="077595",70000,0,70000
="077596",0,20000,-20000
="077646",0,23000,-23000
="077647",5000,3000,2000
="077648",15000,12000,3000
="077649",25000,0,25000
="077650",0,114000,-114000
="077652",93000,338000,-245000
="077653",141000,0,141000
="077654",0,26000,-26000
="077655",65000,0,65000
="077656",0,3000,-3000
="077658",21000,130000,-109000
="077659",6000,24000,-18000
="077810",88000,335000,-247000
="077811",34000,420000,-386000
="077941",15000,0,15000
="077942",28000,18000,10000
="077944",173000,625000,-452000
="077945",118000,276000,-158000
="077946",5000,66000,-61000
="077963",50000,0,50000
="078038",0,124000,-124000
="078087",107000,232000,-125000
="078089",62000,0,62000
="078090",0,30000,-30000
="078091",5000,135000,-130000
="078092",40000,33000,7000
="078093",207000,55000,152000
="078094",15000,0,15000
="078095",67000,13000,54000
="078096",20000,0,20000
="078097",0,5000,-5000
="078099",10000,12000,-2000
="078278",10000,0,10000
="078340",1000,0,1000
="078374",0,30000,-30000
="078461",40000,48000,-8000
="078462",250000,46000,204000
="078463",0,10000,-10000
="078466",26000,37000,-11000
="078469",12000,11000,1000
="078470",6000,10000,-4000
="078473",40000,0,40000
="078474",0,172000,-172000
="078476",0,433000,-433000
="078477",0,64000,-64000
="078496",10000,0,10000
="078610",15000,10000,5000
="078670",0,1000,-1000
="078699",0,10000,-10000
="078718",22000,27000,-5000
="078719",15000,5000,10000
="078720",207000,8000,199000
="078721",596000,254000,342000
="078723",0,4000,-4000
="078724",10000,15000,-5000
="078726",0,1000,-1000
="078727",0,4000,-4000
="078847",25000,0,25000
="078848",480000,370000,110000
="078849",42000,61000,-19000
="078850",1000,0,1000
="078853",11000,334000,-323000
="078854",417000,96000,321000
="078855",187000,0,187000
="078856",135000,154000,-19000
="078940",10000,0,10000
="078942",1000,0,1000
="078943",0,23000,-23000
="078944",4000,127000,-123000
="078945",117000,33000,84000
="078947",220000,85000,135000
="078949",0,306000,-306000
="078975",2000,0,2000
="079090",30000,21000,9000
="079091",10000,0,10000
="079225",1000,0,1000
="079286",5000,233000,-228000
="079287",21000,151000,-130000
="079288",85000,63000,22000
="079289",0,9000,-9000
="079290",293000,489000,-196000
="079291",142000,45000,97000
="079426",144000,39000,105000
="079427",165000,78000,87000
="079429",3000,919000,-916000
="079430",11000,116000,-105000
="079431",0,35000,-35000
="079433",14000,0,14000
="079434",60000,0,60000
="079435",48000,76000,-28000
="079457",0,308000,-308000
="079563",0,15000,-15000
="079583",16000,73000,-57000
="079584",7000,5000,2000
="079585",0,9000,-9000
="079586",0,25000,-25000
="079727",0,2000,-2000
="079728",55000,444000,-389000
="079729",46000,46000,0
="079730",114000,22000,92000
="079732",35000,129000,-94000
="079735",0,8000,-8000
="079736",39000,7000,32000
="079737",54000,19000,35000
="079738",0,2402000,-2402000
="079740",56000,99000,-43000
="079741",61000,401000,-340000
="079742",21000,103000,-82000
="079743",0,6000,-6000
="079744",519000,70000,449000
="079745",52000,466000,-414000
="079792",10000,0,10000
="079830",1000,0,1000
="079868",101000,211000,-110000
="079870",5000,0,5000
="079871",436000,3827000,-3391000
="079872",5000,98000,-93000
="079873",26000,0,26000
="079928",100000,1000,99000
="079932",10000,0,10000
="079979",49000,179000,-130000
="079980",9000,0,9000
="079981",193000,52000,141000
="079982",46000,10000,36000
="079983",160000,120000,40000
="079984",0,2000,-2000
="079985",15000,179000,-164000
="080117",1000,0,1000
="080161",24000,0,24000
="080163",20000,155000,-135000
="080166",0,80000,-80000
="080168",2000,20000,-18000
="080169",0,50000,-50000
="080170",15000,31000,-16000
="080175",30000,58000,-28000
="080176",0,126000,-126000
="080177",1000,0,1000
="080178",0,51000,-51000
="080180",24000,10000,14000
="080181",1810000,103000,1707000
="080182",74000,40000,34000
="080184",10000,0,10000
="080185",5000,55000,-50000
="080186",749000,230000,519000
="080204",450000,0,450000
="080205",0,40000,-40000
="080316",499000,1497000,-998000
="080317",499000,1497000,-998000
="080344",120000,346000,-226000
="080346",5000,0,5000
="080347",55000,0,55000
="080348",0,17000,-17000
="080349",259000,127000,132000
="080350",78000,0,78000
="080351",5000,111000,-106000
="080352",0,21000,-21000
="080386",0,100000,-100000
="080506",200000,0,200000
="080537",14000,0,14000
="080538",0,50000,-50000
="080539",1000,0,1000
="080540",0,86000,-86000
="080541",0,35000,-35000
="080543",3000,145000,-142000
="080544",0,90000,-90000
="080545",158000,501000,-343000
="080546",101000,16000,85000
="080547",70000,10000,60000
="080594",161000,2000,159000
="080595",0,62000,-62000
="080596",30000,94000,-64000
="080597",0,133000,-133000
="080598",0,242000,-242000
="080599",30000,0,30000
="080600",121000,17000,104000
="080601",3000,57000,-54000
="080602",37000,163000,-126000
="080603",10000,25000,-15000
="080696",13000,0,13000
="080826",100000,0,100000
="080833",0,18000,-18000
="080846",96000,794000,-698000
="080857",10000,10000,0
="080859",0,2000,-2000
="080860",10000,44000,-34000
="080861",140000,100000,40000
="080863",55000,15000,40000
="080864",427000,63000,364000
="080867",249000,33000,216000
="080868",212000,273000,-61000
="080870",5000,0,5000
="081016",0,134000,-134000
="081017",20000,0,20000
="081018",0,131000,-131000
="081019",30000,15000,15000
="081020",15000,47000,-32000
="081021",145000,1097000,-952000
="081022",330000,238000,92000
="081023",0,42000,-42000
="081024",461000,680000,-219000
="081025",0,3000,-3000
="081046",5000,0,5000
="081130",1000,0,1000
="081213",0,5000,-5000
="081214",431000,209000,222000
="081216",1000,42000,-41000
="081217",0,39000,-39000
="081218",415000,336000,79000
="081219",17000,27000,-10000
="081220",3000,9000,-6000
="081221",15000,485000,-470000
="081222",37000,135000,-98000
="081223",2000,10000,-8000
="081224",109000,505000,-396000
="081225",115000,908000,-793000
="081226",172000,215000,-43000
="081227",5000,0,5000
="081231",18000,359000,-341000
="081232",20000,0,20000
="081233",45000,0,45000
="081234",10000,73000,-63000
="081235",0,291000,-291000
="081270",4000,0,4000
="081271",0,40000,-40000
="081280",0,38000,-38000
="081282",43000,370000,-327000
="081283",151000,996000,-845000
="081284",2000,0,2000
="081285",89000,35000,54000
="081287",12000,24000,-12000
="081288",45000,23000,22000
="081289",14000,19000,-5000
="081370",0,30000,-30000
="081374",5000,0,5000
="081408",30000,0,30000
="081428",0,2000,-2000
="081429",0,30000,-30000
="081430",0,2000,-2000
="081432",0,36000,-36000
="081433",0,20000,-20000
="081434",75000,10000,65000
="081435",0,133000,-133000
="081436",306000,799000,-493000
="081437",15000,202000,-187000
="081438",155000,298000,-143000
="081439",40000,10000,30000
="081440",25000,37000,-12000
="081443",200000,316000,-116000
="081444",0,12000,-12000
="081446",13000,338000,-325000
="081447",1000,8000,-7000
="081448",89000,0,89000
="081449",0,50000,-50000
="081451",29000,25000,4000
="081452",50000,1000,49000
="081502",50000,0,50000
="081633",50000,0,50000
="081684",0,10000,-10000
="081692",20000,0,20000
="081696",950000,0,950000
="081707",44000,7000,37000
="081709",84000,431000,-347000
="081710",100000,115000,-15000
="081711",238000,1374000,-1136000
="081712",441000,2444000,-2003000
="081713",30000,373000,-343000
="081714",120000,96000,24000
="081715",121000,80000,41000
="081716",10000,0,10000
="081717",215000,635000,-420000
="081718",10000,87000,-77000
="081719",1000,22000,-21000
="081720",35000,178000,-143000
="081721",1000,10000,-9000
="081722",8000,280000,-272000
="081723",694000,1231000,-537000
="081724",28000,0,28000
="081725",288000,1373000,-1085000
="081726",0,3000,-3000
="081727",10000,218000,-208000
="081730",0,49000,-49000
="081750",10000,0,10000
="081786",50000,0,50000
="081930",70000,15000,55000
="081944",10000,0,10000
="081945",82000,796000,-714000
="081946",0,4000,-4000
="081947",50000,29000,21000
="081948",0,20000,-20000
="081950",1000,9000,-8000
="081951",91000,264000,-173000
="081952",1096000,326000,770000
="081953",0,15000,-15000
="081955",0,43000,-43000
="081957",68000,6000,62000
="081958",6000,10000,-4000
="081959",259000,641000,-382000
="081995",50000,0,50000
="082050",1000,0,1000
="082067",0,10000,-10000
="082123",0,2000,-2000
="082124",890000,692000,198000
="082126",2000,0,2000
="082127",6000,65000,-59000
="082128",458000,1782000,-1324000
="082129",511000,129000,382000
="082130",984000,3368000,-2384000
="082132",213000,243000,-30000
="082133",609000,466000,143000
="082134",1000,131000,-130000
="082135",35000,13000,22000
="082136",785000,15000,770000
="082137",0,60000,-60000
="082138",5000,36000,-31000
="082140",116000,158000,-42000
="082141",2000,2000,0
="082142",0,20000,-20000
="082143",0,10000,-10000
="082144",2000,166000,-164000
="082145",0,343000,-343000
="082306",0,100000,-100000
="082314",0,30000,-30000
="082315",35000,134000,-99000
="082318",129000,1460000,-1331000
="082319",2218000,3254000,-1036000
="082321",27000,5000,22000
="082323",0,50000,-50000
="082325",100000,119000,-19000
="082326",61000,611000,-550000
="082328",0,45000,-45000
="082329",10000,2000,8000
="082330",79000,204000,-125000
="082331",80000,26000,54000
="082333",35000,0,35000
="082334",51000,5000,46000
="082335",30000,9000,21000
="082336",0,42000,-42000
="082337",134000,71000,63000
="082339",0,122000,-122000
="082340",0,82000,-82000
="082475",0,43000,-43000
="082477",0,5000,-5000
="082478",40000,580000,-540000
="082479",5000,12000,-7000
="082480",0,80000,-80000
="082481",0,628000,-628000
="082482",933000,1294000,-361000
="082483",13000,47000,-34000
="082484",0,5000,-5000
="082486",133000,382000,-249000
="082487",328000,263000,65000
="082488",116000,700000,-584000
="082490",0,125000,-125000
="082491",65000,61000,4000
="082492",0,76000,-76000
="082493",138000,156000,-18000
="082494",477000,546000,-69000
="082495",0,244000,-244000
="082496",0,20000,-20000
="082498",79000,0,79000
="082499",12000,174000,-162000
="082500",0,198000,-198000
="082501",0,105000,-105000
="082503",0,127000,-127000
="082536",0,10000,-10000
="082556",0,10000,-10000
="082560",154000,1416000,-1262000
="082562",0,16000,-16000
="082563",0,1106000,-1106000
="082564",0,1000000,-1000000
="082566",0,15000,-15000
="082573",0,169000,-169000
="082574",60000,396000,-336000
="082575",0,143000,-143000
="082576",0,767000,-767000
="082577",50000,24000,26000
="082578",0,69000,-69000
="082749",0,54000,-54000
="082751",0,2000,-2000
="082753",0,10000,-10000
="082755",0,32000,-32000
="082761",0,140000,-140000
="082762",0,3000,-3000
="082763",0,15000,-15000
="082768",0,414000,-414000
="082770",0,310000,-310000
="082773",0,42000,-42000
="082776",0,3000,-3000
="1101",77001,5000,72001
="1102",2000,576,1424
="1103",0,8000,-8000
="1108",1000,0,1000
="1201",1,0,1
="1203",1,0,1
="1210",105000,12000,93000
="1215",0,15000,-15000
="1216",5020,713000,-707980
="1217",2001,0,2001
="1218",42000,25000,17000
="1225",1000,0,1000
="1227",2000,0,2000
="1231",0,2000,-2000
="1301",30000,12080,17920
="1303",17000,5500,11500
="1304",94000,10000,84000
="1307",0,7000,-7000
="1309",11000,2000,9000
="1310",1,0,1
="1312",16001,36000,-19999
="1313",0,11000,-11000
="1314",35000,112000,-77000
="1316",1,0,1
="1319",0,4000,-4000
="1325",58000,76000,-18000
="1326",1000,15000,-14000
="1336",1,0,1
="1337",3066,0,3066
="1338",1000,1000,0
="1340",1,0,1
="1402",70000,84000,-14000
="1409",16,3000,-2984
="1413",0,1000,-1000
="1416",100,0,100
="1417",1,0,1
="1418",1,0,1
="1419",2000,0,2000
="1423",1,0,1
="1434",1000,0,1000
="1440",2000,0,2000
="1441",6000,7000,-1000
="1444",0,100000,-100000
="1447",0,8000,-8000
="1452",20001,8000,12001
="1453",0,4000,-4000
="1454",9139,0,9139
="1455",150,1000,-850
="1456",1000,0,1000
="1457",4000,0,4000
="1460",100,3000,-2900
="1464",1,0,1
="1465",100,0,100
="1466",2000,0,2000
="1467",5000,0,5000
="1476",19000,67000,-48000
="1477",0,36000,-36000
="1503",1,0,1
="1504",6000,29000,-23000
="1506",1,0,1
="1513",31001,345000,-313999
="1514",1,3000,-2999
="1515",3000,10000,-7000
="1517",1,0,1
="1519",5000,2000,3000
="1521",0,3000,-3000
="1524",10000,90000,-80000
="1526",2000,2000,0
="1527",1,0,1
="1528",1,4000,-3999
="1529",0,4000,-4000
="1530",1000,0,1000
="1532",0,4000,-4000
="1533",322000,18000,304000
="1536",5001,107000,-101999
="1537",0,1000,-1000
="1538",1,1000,-999
="1540",1,0,1
="1560",0,1000,-1000
="1568",20000,239034,-219034
="1584",2000,0,2000
="1586",1000,2000,-1000
="1589",6000,1000,5000
="1590",4000,8000,-4000
="1593",145000,0,145000
="1598",3000,4000,-1000
="1604",1001,0,1001
="1605",31000,131120,-100120
="1608",49000,24000,25000
="1609",31000,0,31000
="1612",2000,0,2000
="1614",3000,0,3000
="1701",2001,1000,1001
="1702",1,0,1
="1708",1,0,1
="1711",2,0,2
="1712",1,0,1
="1714",5000,0,5000
="1717",1000,0,1000
="1718",100,19000,-18900
="1720",1000,0,1000
="1721",1000,0,1000
="1722",102000,0,102000
="1726",1000,0,1000
="1727",140,0,140
="1732",78000,79000,-1000
="1733",1000,0,1000
="1736",1000,2000,-1000
="1737",1,0,1
="1752",0,1000,-1000
="1760",2001,0,2001
="1762",1,0,1
="1773",0,1000,-1000
="1781",0,3000,-3000
="1784",1,0,1
="1785",111001,7880,103121
="1786",10001,0,10001
="1795",0,40000,-40000
="1802",35000,19000,16000
="1809",0,4000,-4000
="1810",5000,0,5000
="1815",6001,3000,3001
="1903",0,6000,-6000
="1904",3000,1001,1999
="1905",10000,15000,-5000
="1907",76000,409000,-333000
="1909",85000,12000,73000
="2002",1008000,45000,963000
="2006",0,56000,-56000
="2009",24376,25100,-724
="2013",3000,0,3000
="2014",24100,73000,-48900
="2015",5000,0,5000
="2022",1000,0,1000
="2023",0,12000,-12000
="2024",1,7000,-6999
="2025",1,0,1
="2027",180000,236313,-56313
="2028",10000,0,10000
="2030",0,4000,-4000
="2031",11000,0,11000
="2033",0,4000,-4000
="2034",6000,0,6000
="2038",20000,26000,-6000
="2049",5000,4000,1000
="2059",1000,0,1000
="2065",13000,0,13000
="2070",0,1000,-1000
="2101",0,40000,-40000
="2103",5000,0,5000
="2104",30000,0,30000
="2106",4000,0,4000
="2107",9000,0,9000
="2108",71000,70000,1000
="2109",0,2000,-2000
="2115",0,10000,-10000
="2201",11000,70000,-59000
="2206",2000,1000,1000
="2208",22300,1000,21300
="2231",16000,13000,3000
="2233",0,1000,-1000
="2247",0,2000,-2000
="2301",0,2319,-2319
="2303",893955,1798849,-904894
="2305",9000,0,9000
="2308",481956,534004,-52048
="2312",27000,11000,16000
="2313",162000,124000,38000
="2314",5000,0,5000
="2316",8200,1000,7200
="2317",364289,1119040,-754751
="2323",10000,1000,9000
="2324",7000,857000,-850000
="2327",52080,197996,-145916
="2328",1191000,1657040,-466040
="2329",86000,118094,-32094
="2330",184067,128143,55924
="2331",119200,78000,41200
="2332",32000,11000,21000
="2337",211600,99000,112600
="2338",15000,50000,-35000
="2340",0,7000,-7000
="2342",19000,20000,-1000
="2344",990001,2827900,-1837899
="2345",27000,130000,-103000
="2348",2000,1000,1000
="2349",6000,0,6000
="2351",7000,9000,-2000
="2352",51000,19000,32000
="2353",165086,56296,108790
="2354",313178,119000,194178
="2355",194000,171000,23000
="2356",0,15000,-15000
="2357",4000,17000,-13000
="2360",5000,0,5000
="2363",8300,23000,-14700
="2367",3000,65000,-62000
="2368",275000,272000,3000
="2369",19000,11000,8000
="2371",934000,906000,28000
="2373",0,2000,-2000
="2374",2043,0,2043
="2375",32000,56200,-24200
="2376",2000,14000,-12000
="2377",3007,1000,2007
="2379",17007,489000,-471993
="2382",17000,809000,-792000
="2383",5000,25000,-20000
="2387",22010,7000,15010
="2388",13000,2000,11000
="2392",1000,8000,-7000
="2393",31000,16000,15000
="2395",0,2000,-2000
="2399",12000,12000,0
="2401",561000,344100,216900
="2404",28000,2000,26000
="2405",1,0,1
="2406",0,1000,-1000
="2408",46000,272040,-226040
="2409",1502100,276329,1225771
="2413",31700,593000,-561300
="2415",191000,53000,138000
="2417",21,3000,-2979
="2420",1000,4000,-3000
="2421",1000,1000,0
="2423",0,6000,-6000
="2425",5000,5000,0
="2426",4000,0,4000
="2428",31000,10000,21000
="2431",0,2000,-2000
="2436",312000,748000,-436000
="2439",1000,3000,-2000
="2440",10000,0,10000
="2441",136000,31000,105000
="2442",6100,5000,1100
="2449",1514000,310000,1204000
="2451",0,7000,-7000
="2454",85298,253000,-167702
="2455",12001,96000,-83999
="2456",14105,12000,2105
="2457",2000,17000,-15000
="2458",82015,167322,-85307
="2460",288000,36100,251900
="2464",0,2000,-2000
="2467",21400,3135,18265
="2471",90000,3000,87000
="2474",20000,2080,17920
="2476",10000,0,10000
="2478",1020,4000,-2980
="2480",6000,0,6000
="2481",101000,47000,54000
="2482",1000,1000,0
="2485",2001,3000,-999
="2486",21000,161000,-140000
="2491",153000,0,153000
="2492",9000,126055,-117055
="2493",0,6000,-6000
="2497",2000,1000,1000
="2498",2050,21000,-18950
="2504",54000,30000,24000
="2505",112900,90000,22900
="2511",95000,2000,93000
="2515",17001,3000,14001
="2535",0,3000,-3000
="2540",0,51000,-51000
="2542",21000,0,21000
="2545",20000,0,20000
="2547",0,1000,-1000
="2548",1000,30000,-29000
="2596",5000,0,5000
="2601",5000,0,5000
="2603",7360022,7439700,-79678
="2605",2000,4000,-2000
="2606",3000,20000,-17000
="2607",14000,7000,7000
="2609",6281000,5516000,765000
="2610",150200,20000,130200
="2614",1,0,1
="2615",1071000,838000,233000
="2617",1000,0,1000
="2618",220145,45500,174645
="2633",2000,0,2000
="2634",0,1000,-1000
="2637",2000,1000,1000
="2640",3000,0,3000
="2706",90,0,90
="2707",1000,0,1000
="2723",2000,7000,-5000
="2726",2000,0,2000
="2732",1000,1000,0
="2809",0,5,-5
="2820",0,18000,-18000
="2823",22750,10473,12277
="2832",2000,1,1999
="2841",16000,16000,0
="2855",11000,35114,-24114
="2867",4000,23000,-19000
="2880",10200,6560,3640
="2881",27100,30000,-2900
="2882",26100,34000,-7900
="2883",33000,11000,22000
="2884",2000,39000,-37000
="2885",2100,19147,-17047
="2886",11000,0,11000
="2887",15000,118000,-103000
="2888",95000,28000,67000
="2889",6150,3000,3150
="2890",21000,0,21000
="2891",1403000,5000,1398000
="2892",12,0,12
="2912",80,0,80
="2913",0,120000,-120000
="2915",0,20000,-20000
="2923",1000,0,1000
="2936",0,1000,-1000
="3003",188000,135000,53000
="3006",169000,91000,78000
="3008",147,2000,-1853
="3010",100,0,100
="3011",0,1000,-1000
="3013",100,9000,-8900
="3014",28001,57000,-28999
="3016",18000,18050,-50
="3017",182550,1139000,-956450
="3018",1070,1000,70
="3019",5001,0,5001
="3022",11000,0,11000
="3023",3000,11000,-8000
="3025",0,5000,-5000
="3026",3000,0,3000
="3028",0,11000,-11000
="3029",14000,34000,-20000
="3030",3000,0,3000
="3032",2000,2000,0
="3034",63012,119000,-55988
="3035",28000,28000,0
="3037",265121,483080,-217959
="3038",0,2000,-2000
="3041",2000,0,2000
="3042",38000,85000,-47000
="3044",14000,23000,-9000
="3045",1000,0,1000
="3047",14000,6000,8000
="3048",1000,2000,-1000
="3050",5000,0,5000
="3056",1000,0,1000
="3057",1200,1000,200
="3058",12000,10000,2000
="3059",9001,42000,-32999
="3060",1,0,1
="3062",31000,15000,16000
="3066",1000,0,1000
="3067",0,1000,-1000
="3071",10000,19000,-9000
="3078",1000,8000,-7000
="3081",53000,156002,-103002
="3083",10000,3000,7000
="3092",242000,755000,-513000
="3094",254000,64000,190000
="3105",34000,63022,-29022
="3128",226000,18000,208000
="3131",4000,2000,2000
="3138",88000,0,88000
="3141",1000,2000,-1000
="3147",3000,0,3000
="3149",15000,56000,-41000
="3152",7000,9000,-2000
="3164",100,0,100
="3167",0,98,-98
="3169",2000,0,2000
="3176",1000,0,1000
="3178",2000,1000,1000
="3189",12000,91000,-79000
="3205",1000,0,1000
="3211",3100,13200,-10100
="3217",32000,0,32000
="3218",28100,6000,22100
="3227",87000,52000,35000
="3228",42000,0,42000
="3231",17000,2000,15000
="3234",1000,1000,0
="3257",0,1000,-1000
="3260",13000,115000,-102000
="3264",36000,179000,-143000
="3293",6000,5007,993
="3296",19000,21000,-2000
="3305",15000,8000,7000
="3317",3000,3000,0
="3321",1000,0,1000
="3322",0,1000,-1000
="3323",10000,41000,-31000
="3324",102011,131000,-28989
="3325",0,10000,-10000
="3346",9000,139000,-130000
="3354",0,4000,-4000
="3360",8000,9000,-1000
="3362",8,0,8
="3363",2000,0,2000
="3373",14001,21000,-6999
="3374",135030,379030,-244000
="3376",1000,1000,0
="3380",26000,92000,-66000
="3383",0,316,-316
="3406",10010,20010,-10000
="3413",7000,30000,-23000
="3432",29253,22000,7253
="3437",15000,7000,8000
="3438",0,2000,-2000
="3443",19000,106000,-87000
="3444",1000,0,1000
="3450",1001,12000,-10999
="3481",3187000,752378,2434622
="3483",2000,100000,-98000
="3484",50000,11000,39000
="3491",1,1000,-999
="3492",12000,0,12000
="3498",5000,5000,0
="3504",1000,0,1000
="3515",5000,9000,-4000
="3521",0,2000,-2000
="3522",0,5000,-5000
="3526",2000,10000,-8000
="3527",3000,3000,0
="3529",6000,8000,-2000
="3530",30000,14000,16000
="3532",12000,0,12000
="3533",7000,76000,-69000
="3535",0,1000,-1000
="3536",684,0,684
="3537",1000,0,1000
="3540",9000,49000,-40000
="3543",0,2000,-2000
="3545",59000,752000,-693000
="3546",20199,7000,13199
="3548",0,34000,-34000
="3552",35000,35000,0
="3556",1000,0,1000
="3557",10000,0,10000
="3563",0,1000,-1000
="3576",12000,13000,-1000
="3580",8000,1000,7000
="3583",2000,1000,1000
="3587",12000,15000,-3000
="3588",83000,81000,2000
="3596",7000,1000,6000
="3597",71000,224000,-153000
="3605",6000,6000,0
="3607",15000,5000,10000
="3611",4000,0,4000
="3617",0,3000,-3000
="3622",83000,51000,32000
="3632",100,0,100
="3642",2000,0,2000
="3645",3000,7000,-4000
="3653",6000,6000,0
="3661",19000,3000,16000
="3665",130000,135000,-5000
="3666",30000,8000,22000
="3669",11000,22000,-11000
="3673",6000,11060,-5060
="3675",5000,5000,0
="3680",39000,21000,18000
="3682",20001,5000,15001
="3687",0,2000,-2000
="3689",50,0,50
="3691",8000,12000,-4000
="3694",0,1000,-1000
="3701",0,15,-15
="3702",13000,8920,4080
="3703",59070,29000,30070
="3704",70000,42000,28000
="3705",25,0,25
="3706",0,6000,-6000
="3707",651000,132001,518999
="3708",10000,0,10000
="3710",0,318,-318
="3711",844120,367934,476186
="3712",0,15000,-15000
="3713",19000,0,19000
="3714",46000,161002,-115002
="4102",0,1000,-1000
="4104",19,1000,-981
="4106",20,0,20
="4114",2000,0,2000
="4116",0,4000,-4000
="4119",9010,8000,1010
="4121",10000,10000,0
="4123",1000,0,1000
="4128",3000,5000,-2000
="4129",120,0,120
="4133",2000,3000,-1000
="4137",5000,3000,2000
="4141",100,0,100
="4142",5000,14000,-9000
="4152",1000,0,1000
="4157",2000,3000,-1000
="4160",1000,2000,-1000
="4162",6000,0,6000
="4167",110,6000,-5890
="4173",0,2000,-2000
="4174",0,1000,-1000
="4188",0,1000,-1000
="4190",0,3000,-3000
="4416",7000,0,7000
="4420",0,103,-103
="4438",0,10000,-10000
="4527",1000,0,1000
="4528",2000,0,2000
="4534",168,0,168
="4542",1000,0,1000
="4549",30,0,30
="4551",17000,21000,-4000
="4561",1000,1000,0
="4562",134000,27000,107000
="4563",0,1000,-1000
="4564",2000,10000,-8000
="4566",0,3000,-3000
="4571",54000,4000,50000
="4576",1000,0,1000
="4707",2000,0,2000
="4714",0,19000,-19000
="4720",305,0,305
="4721",0,3000,-3000
="4735",7000,6000,1000
="4736",1000,0,1000
="4739",0,1000,-1000
="4743",9500,3295,6205
="4744",0,2000,-2000
="4745",0,50,-50
="4760",1000,1000,0
="4903",1,0,1
="4904",1000,0,1000
="4906",35000,5000,30000
="4908",1000,0,1000
="4912",0,21000,-21000
="4915",140080,46560,93520
="4919",12050,7000,5050
="4924",111000,3000,108000
="4927",4000,5000,-1000
="4934",1000,0,1000
="4935",12000,4000,8000
="4938",222120,401200,-179080
="4939",11000,13000,-2000
="4943",1000,0,1000
="4952",0,6000,-6000
="4953",0,1000,-1000
="4956",1000,4000,-3000
="4958",4000,18000,-14000
="4960",4000,2000,2000
="4961",126000,20000,106000
="4966",2000,25000,-23000
="4967",12177,34000,-21823
="4968",66000,125000,-59000
="4971",16000,4000,12000
="4972",100,0,100
="4976",121000,86000,35000
="4989",5000,0,5000
="4999",1000,0,1000
="5009",0,4000,-4000
="5011",0,1000,-1000
="5203",1000,0,1000
="5210",0,35000,-35000
="5213",214,5000,-4786
="5220",0,5000,-5000
="5227",12001,0,12001
="5230",0,4000,-4000
="5234",0,2000,-2000
="5243",22000,23000,-1000
="5251",189,0,189
="5269",1000,1000,0
="5274",2000,5000,-3000
="5285",4000,12000,-8000
="5289",1,0,1
="5291",0,2000,-2000
="5299",1000,21000,-20000
="5306",4100,35000,-30900
="5309",4000,0,4000
="5315",10,0,10
="5328",0,4000,-4000
="5344",7000,0,7000
="5347",8000,143000,-135000
="5351",3000,2000,1000
="5371",161000,7000,154000
="5386",3000,0,3000
="5425",107000,36000,71000
="5443",6000,25000,-19000
="5452",0,2000,-2000
="5457",33000,44000,-11000
="5464",41,0,41
="5465",3000,3000,0
="5469",2000,55000,-53000
="5471",17000,28000,-11000
="5474",1000,0,1000
="5478",23001,17000,6001
="5483",122106,263000,-140894
="5488",0,1000,-1000
="5489",32000,2000,30000
="5498",2000,0,2000
="5512",0,10000,-10000
="5516",0,1000,-1000
="5521",0,20000,-20000
="5522",58000,6075,51925
="5531",5000,5000,0
="5536",4000,0,4000
="5603",0,2000,-2000
="5604",0,1000,-1000
="5607",17000,1000,16000
="5608",159000,162000,-3000
="5609",0,20050,-20050
="5820",0,1000,-1000
="5871",1000,0,1000
="5876",0,10000,-10000
="5880",3001,1000,2001
="5902",0,2000,-2000
="6015",15000,24000,-9000
="6016",21000,10000,11000
="6020",10000,0,10000
="6023",0,8000,-8000
="6024",1030,1000,30
="6104",17000,20000,-3000
="6111",15916,1000,14916
="6114",403000,8441,394559
="6116",148100,110000,38100
="6118",136000,24000,112000
="6121",2030,67000,-64970
="6123",1000,0,1000
="6125",225000,96000,129000
="6126",0,3000,-3000
="6127",10000,10000,0
="6129",10000,0,10000
="6134",108000,716,107284
="6136",1000,0,1000
="6138",0,2000,-2000
="6139",3000,3000,0
="6141",2000,2000,0
="6143",2001,0,2001
="6147",38000,27000,11000
="6148",0,1000,-1000
="6150",9051,75000,-65949
="6152",1000,20000,-19000
="6153",98053,220000,-121947
="6155",0,1000,-1000
="6156",4000,2000,2000
="6161",1000,0,1000
="6164",5000,80000,-75000
="6166",0,1000,-1000
="6168",3000,4000,-1000
="6169",400,0,400
="6173",5000,2000,3000
="6175",3000,11000,-8000
="6176",1000,13000,-12000
="6180",4000,7000,-3000
="6182",108072,354000,-245928
="6187",102001,99000,3001
="6188",1000,2000,-1000
="6191",35000,145000,-110000
="6195",0,1000,-1000
="6196",106000,86000,20000
="6197",5000,0,5000
="6201",1000,0,1000
="6202",100,1000,-900
="6203",2000,9000,-7000
="6205",2000,9000,-7000
="6206",1000,3000,-2000
="6207",2000,1000,1000
="6209",5000,1000,4000
="6213",83030,18000,65030
="6217",28000,65000,-37000
="6219",10000,44000,-34000
="6223",8000,18000,-10000
="6224",3001,0,3001
="6226",2000,5000,-3000
="6229",5000,0,5000
="6231",0,4000,-4000
="6233",127000,87000,40000
="6235",0,1000,-1000
="6237",83000,27000,56000
="6239",414001,342000,72001
="6243",269000,2000,267000
="6244",2000,15000,-13000
="6245",0,108000,-108000
="6251",55344,95294,-39950
="6257",2000,322000,-320000
="6261",0,500,-500
="6266",1100,0,1100
="6269",5011,12000,-6989
="6271",272000,137000,135000
="6274",0,17000,-17000
="6275",5000,5000,0
="6278",3100,107000,-103900
="6279",295000,84000,211000
="6282",10000,3000,7000
="6283",0,2000,-2000
="6284",10200,1000,9200
="6285",7000,14000,-7000
="6288",32000,2000,30000
="6290",57000,5000,52000
="6294",120,0,120
="6411",1001,2000,-999
="6412",0,107,-107
="6414",20000,30000,-10000
="6415",1004,1001,3
="6426",0,2000,-2000
="6432",0,2000,-2000
="6438",36000,2936,33064
="6441",1000,7000,-6000
="6443",17005,43000,-25995
="6446",0,1000,-1000
="6451",1000,0,1000
="6456",35000,23035,11965
="6457",98000,0,98000
="6462",13000,3000,10000
="6472",0,3000,-3000
="6477",2000,0,2000
="6485",54000,372000,-318000
="6488",7000,58000,-51000
="6492",1000,2000,-1000
="6494",0,1000,-1000
="6496",1000,1000,0
="6504",6000,3100,2900
="6505",0,16000,-16000
="6509",0,1000,-1000
="6510",29000,7000,22000
="6516",0,5000,-5000
="6525",0,18000,-18000
="6531",57000,41000,16000
="6532",19000,30000,-11000
="6533",6000,4000,2000
="6538",7000,2000,5000
="6547",0,4000,-4000
="6548",1000,0,1000
="6561",0,1000,-1000
="6579",0,2000,-2000
="6589",4000,0,4000
="6591",2000,0,2000
="6592",0,7000,-7000
="6593",1000,960,40
="6596",0,3000,-3000
="6603",30000,5000,25000
="6605",4000,0,4000
="6609",0,21,-21
="6640",1000,7000,-6000
="6642",0,4000,-4000
="6643",2000,2000,0
="6668",1000,0,1000
="6669",17000,12000,5000
="6672",1000,0,1000
="6679",16037,20000,-3963
="6683",1000,1000,0
="6706",3000,4000,-1000
="6715",4000,0,4000
="6732",4000,3000,1000
="711143",0,77000,-77000
="711271",6000,0,6000
="711329",40000,0,40000
="711479",0,216000,-216000
="711483",20000,0,20000
="711517",10000,0,10000
="711673",0,130000,-130000
="711700",6000,10000,-4000
="711701",2000,0,2000
="711702",15000,0,15000
="711905",5000,5000,0
="712017",15000,0,15000
="712018",264000,0,264000
="712021",50000,0,50000
="712147",0,30000,-30000
="712148",0,102000,-102000
="712195",135000,0,135000
="712326",95000,503000,-408000
="712370",0,250000,-250000
="712372",12000,0,12000
="712403",330000,0,330000
="712605",39000,381000,-342000
="712612",10000,1000,9000
="712916",363000,231000,132000
="712918",100000,0,100000
="712920",30000,91000,-61000
="712922",0,22000,-22000
="712923",29000,0,29000
="712977",65000,10000,55000
="712979",0,10000,-10000
="712980",84000,46000,38000
="712981",66000,100000,-34000
="712982",60000,35000,25000
="713037",0,10000,-10000
="713038",80000,0,80000
="713040",56000,0,56000
="713042",44000,12000,32000
="713073",0,5000,-5000
="713074",0,20000,-20000
="713085",189000,52000,137000
="713181",183000,0,183000
="713182",15000,100000,-85000
="713183",60000,216000,-156000
="713184",33000,410000,-377000
="713226",1000,30000,-29000
="713240",10000,30000,-20000
="713241",48000,0,48000
="713323",0,5000,-5000
="713324",185000,0,185000
="713325",0,15000,-15000
="713327",409000,354000,55000
="713352",599000,0,599000
="713419",10000,10000,0
="713516",32000,0,32000
="713517",0,12000,-12000
="713545",0,50000,-50000
="713578",0,10000,-10000
="713587",0,51000,-51000
="713588",5000,0,5000
="713589",20000,20000,0
="713648",20000,20000,0
="713649",10000,0,10000
="713651",0,1000,-1000
="713653",0,145000,-145000
="713654",20000,50000,-30000
="713675",962000,812000,150000
="713820",50000,0,50000
="713979",5000,20000,-15000
="714011",0,30000,-30000
="714030",0,2000,-2000
="714033",0,95000,-95000
="714153",25000,25000,0
="714156",0,50000,-50000
="714211",43000,0,43000
="714212",0,9000,-9000
="714213",1000,2000,-1000
="714214",2000,0,2000
="714236",70000,0,70000
="714237",15000,0,15000
="714238",0,80000,-80000
="714241",500000,0,500000
="714254",20000,0,20000
="714272",165000,111000,54000
="714320",0,5000,-5000
="714341",0,1000,-1000
="714384",0,15000,-15000
="714386",10000,0,10000
="714431",77000,99000,-22000
="714513",847000,119000,728000
="714516",10000,161000,-151000
="714517",20000,5000,15000
="714518",103000,233000,-130000
="714620",69000,9000,60000
="714621",0,2000,-2000
="714622",6000,20000,-14000
="714624",0,22000,-22000
="714686",0,10000,-10000
="714712",16000,70000,-54000
="714741",110000,15000,95000
="714795",32000,424000,-392000
="714856",56000,0,56000
="714858",25000,36000,-11000
="714887",10000,0,10000
="714889",100000,363000,-263000
="714922",66000,0,66000
="714949",10000,0,10000
="714950",0,10000,-10000
="714995",5000,52000,-47000
="715011",30000,53000,-23000
="715067",35000,100000,-65000
="715069",0,10000,-10000
="715072",280000,8000,272000
="715073",0,5000,-5000
="715115",35000,90000,-55000
="715116",0,42000,-42000
="715158",0,10000,-10000
="715159",155000,214000,-59000
="715163",140000,139000,1000
="715181",0,50000,-50000
="715239",5000,5000,0
="715240",5000,0,5000
="715285",2000,10000,-8000
="715288",50000,0,50000
="715289",0,702000,-702000
="715328",0,7000,-7000
="715357",0,300000,-300000
="715417",12000,0,12000
="715478",240000,0,240000
="715519",351000,21000,330000
="715520",532000,16000,516000
="715548",0,100000,-100000
="715549",0,20000,-20000
="715550",0,160000,-160000
="715553",3000,20000,-17000
="715554",129000,153000,-24000
="715555",310000,64000,246000
="715580",0,10000,-10000
="715609",18000,0,18000
="715657",11000,5000,6000
="715658",0,13000,-13000
="715659",0,30000,-30000
="715660",51000,136000,-85000
="715661",3000,154000,-151000
="715662",210000,342000,-132000
="715692",2000,0,2000
="715693",5000,10000,-5000
="715694",10000,18000,-8000
="715743",0,150000,-150000
="715780",5000,0,5000
="715813",477000,536000,-59000
="715840",1000,0,1000
="715855",5000,0,5000
="715901",8000,3000,5000
="715902",0,109000,-109000
="715935",203000,198000,5000
="716009",35000,0,35000
="716032",10000,3000,7000
="716033",0,653000,-653000
="716035",27000,25000,2000
="716036",12000,0,12000
="716037",10000,1000,9000
="716078",10000,0,10000
="716110",4000,110000,-106000
="716111",23000,297000,-274000
="716112",58000,45000,13000
="716137",0,386000,-386000
="716171",229000,0,229000
="716251",13000,30000,-17000
="716252",0,128000,-128000
="716281",0,100000,-100000
="716295",107000,10000,97000
="716296",16000,10000,6000
="716297",229000,95000,134000
="716298",2000,11000,-9000
="716300",4000,8000,-4000
="716325",41000,0,41000
="716358",40000,20000,20000
="716362",100000,201000,-101000
="716367",10000,5000,5000
="716368",88000,32000,56000
="716369",31000,33000,-2000
="716370",238000,84000,154000
="716433",0,6000,-6000
="716507",0,254000,-254000
="716508",0,179000,-179000
="716535",10000,0,10000
="716591",4000,0,4000
="716592",12000,18000,-6000
="716593",0,1000,-1000
="716594",652000,736000,-84000
="716595",62000,40000,22000
="716596",0,19000,-19000
="716668",70000,0,70000
="716677",500000,183000,317000
="716678",0,31000,-31000
="716679",74000,41000,33000
="716680",0,53000,-53000
="716756",0,10000,-10000
="716785",16000,0,16000
="716816",864000,1485000,-621000
="716837",6000,291000,-285000
="716838",0,100000,-100000
="716906",0,140000,-140000
="716907",348000,434000,-86000
="716908",211000,780000,-569000
="716954",14000,126000,-112000
="716956",200000,254000,-54000
="716958",905000,81000,824000
="716998",439000,26000,413000
="716999",40000,114000,-74000
="717000",20000,270000,-250000
="717086",217000,403000,-186000
="717087",0,114000,-114000
="717088",1000,10000,-9000
="717101",21000,100000,-79000
="717102",24000,231000,-207000
="717103",10000,0,10000
="717159",100000,44000,56000
="717192",0,25000,-25000
="717203",0,2000,-2000
="717204",467000,319000,148000
="717207",20000,20000,0
="717208",608000,568000,40000
="717210",91000,57000,34000
="717308",10000,37000,-27000
="717333",15000,0,15000
="717351",30000,44000,-14000
="717352",0,40000,-40000
="717353",325000,164000,161000
="717354",80000,81000,-1000
="717356",126000,482000,-356000
="717358",0,11000,-11000
="717359",0,260000,-260000
="717360",0,45000,-45000
="717361",10000,10000,0
="717363",5000,20000,-15000
="717364",8000,35000,-27000
="717459",35000,0,35000
="717460",216000,60000,156000
="717461",199000,61000,138000
="717462",0,30000,-30000
="717464",0,29000,-29000
="717468",20000,218000,-198000
="717469",10000,49000,-39000
="717476",44000,100000,-56000
="717488",40000,0,40000
="717491",0,200000,-200000
="717500",0,10000,-10000
="717509",125000,20000,105000
="717513",5000,50000,-45000
="717517",0,20000,-20000
="717518",206000,425000,-219000
="717519",16000,120000,-104000
="717520",101000,200000,-99000
="717522",72000,618000,-546000
="717523",23000,52000,-29000
="717524",54000,173000,-119000
="717526",2000,21000,-19000
="717531",0,300000,-300000
="717566",410000,0,410000
="717568",10000,10000,0
="717569",75000,0,75000
="717570",79000,287000,-208000
="717601",0,367000,-367000
="717602",38000,442000,-404000
="717603",0,40000,-40000
="717604",0,2000,-2000
="717606",15000,421000,-406000
="717608",0,12000,-12000
="717609",30000,425000,-395000
="717610",10000,0,10000
="717636",0,3000,-3000
="717637",0,139000,-139000
="717639",157000,782000,-625000
="717640",0,64000,-64000
="717649",3000,0,3000
="717684",0,170000,-170000
="717686",0,75000,-75000
="717687",0,205000,-205000
="717688",0,2000,-2000
="717689",0,25000,-25000
="717690",0,5000,-5000
="717736",0,50000,-50000
="717738",0,47000,-47000
="717739",0,67000,-67000
="717740",0,18000,-18000
="717741",2000,354000,-352000
="717742",179000,54000,125000
="717774",0,10000,-10000
="717776",0,6000,-6000
="717777",0,13000,-13000
="717779",0,209000,-209000
="717780",0,35000,-35000
="73597P",200000,300000,-100000
="73604P",20000,66000,-46000
="73654P",15000,4000,11000
="73655P",62000,60000,2000
="73679P",0,60000,-60000
="73689P",0,60000,-60000
="73691P",84000,0,84000
="73692P",22000,12000,10000
="73717P",117000,60000,57000
="73729P",35000,80000,-45000
="73731P",17000,5000,12000
="73740P",110000,0,110000
="73747P",0,2000,-2000
="73748P",32000,0,32000
="73755P",32000,0,32000
="73758P",0,60000,-60000
="73774P",25000,22000,3000
="73789P",0,60000,-60000
="73796P",41000,0,41000
="73799P",195000,152000,43000
="73804P",2000,2000,0
="73805P",523000,181000,342000
="73806P",100000,0,100000
="73809P",12000,5000,7000
="7556",2000,41000,-39000
="8011",0,4041,-4041
="8016",247000,26000,221000
="8024",30000,30000,0
="8027",3000,8000,-5000
="8028",43000,34000,9000
="8033",0,7000,-7000
="8034",1000,1000,0
="8040",7001,23000,-15999
="8044",0,11000,-11000
="8046",25000,168000,-143000
="8049",0,7000,-7000
="8054",183000,43000,140000
="8069",2000,536000,-534000
="8070",9000,7000,2000
="8076",200,5000,-4800
="8084",4000,1000,3000
="8085",0,2000,-2000
="8086",11000,91000,-80000
="8088",6000,6000,0
="8089",0,4000,-4000
="8103",0,1000,-1000
="8105",15000,0,15000
="8107",0,3000,-3000
="8112",3000,1000,2000
="8121",247000,14000,233000
="8150",31000,12000,19000
="8183",1000,4000,-3000
="8210",100,0,100
="8215",75000,26000,49000
="8222",44,0,44
="8240",4000,0,4000
="8255",0,1000,-1000
="8261",24000,67000,-43000
="8271",4000,1000,3000
="8299",9030,40000,-30970
="8358",37000,83000,-46000
="8374",0,5000,-5000
="8390",5000,5079,-79
="8406",1000,0,1000
="8421",1000,990,10
="8429",0,197,-197
="8433",0,327,-327
="8436",2000,5000,-3000
="8446",0,1000,-1000
="8454",4000,0,4000
="8463",0,14000,-14000
="8464",22000,7000,15000
="8488",0,1000,-1000
="8905",0,1000,-1000
="8916",3000,0,3000
="8933",100,0,100
="8936",0,6115,-6115
="8996",6000,0,6000
="9103",19000,18000,1000
="9105",10220,14000,-3780
="9904",26000,10365,15635
="9906",0,1000,-1000
="9907",8000,5000,3000
="9910",0,1000,-1000
="9911",3000,0,3000
="9912",168,0,168
="9914",40000,18000,22000
="9919",7000,17000,-10000
="9921",0,3000,-3000
="9938",105000,96000,9000
="9939",3000,0,3000
="9945",5000,4000,1000
="9949",121,0,121
="9951",3000,3000,0
="9955",19000,0,19000
="9958",479200,12000,467200
