="0050",58955,13370,45585
="0051",0,1000,-1000
="0052",2000,3000,-1000
="0056",3030,6000,-2970
="0061",10000,0,10000
="006201",1000,0,1000
="006206",10000,70000,-60000
="006207",0,70000,-70000
="006208",241124,301000,-59876
="00632R",1852000,150000,1702000
="00633L",1044000,9000,1035000
="00635U",10000,0,10000
="00636",2000,0,2000
="00637L",72000,3077000,-3005000
="00642U",2011000,85000,1926000
="00655L",2000,0,2000
="00664R",0,110000,-110000
="00669R",0,15000,-15000
="00671R",15000,0,15000
="00674R",0,3000,-3000
="00677U",356000,107000,249000
="00683L",10000,151000,-141000
="00687B",50000,50000,0
="00688L",50000,50000,0
="00689R",50000,50000,0
="00692",0,5000,-5000
="00693U",2000,0,2000
="00694B",50000,70000,-20000
="00695B",50000,71000,-21000
="00696B",100000,100000,0
="00697B",50000,50000,0
="00701",0,2000,-2000
="00708L",41000,11000,30000
="00712",43000,0,43000
="00714",0,1000,-1000
="00715L",18000,25000,-7000
="00717",7000,0,7000
="00718B",100000,100000,0
="00719B",50000,50000,0
="00720B",50000,124000,-74000
="00721B",50000,50000,0
="00722B",55000,72000,-17000
="00723B",56000,56000,0
="00724B",57000,62000,-5000
="00728",2000,5000,-3000
="00731",1000,0,1000
="00733",100000,100000,0
="00735",1000,0,1000
="00738U",29000,1000,28000
="00740B",25000,25000,0
="00741B",25000,25000,0
="00745B",25000,25000,0
="00746B",31000,25000,6000
="00751B",67000,70000,-3000
="00752",0,1000,-1000
="00754B",51000,60000,-9000
="00755B",51000,62000,-11000
="00756B",50000,52000,-2000
="00757",6000,3001,2999
="00762",0,26000,-26000
="00763U",1000,0,1000
="00764B",50000,50000,0
="00765B",50000,51000,-1000
="00772B",50000,56000,-6000
="00773B",50000,50000,0
="00784B",25000,25000,0
="00785B",25000,25000,0
="00786B",1000,0,1000
="00795B",50000,59000,-9000
="00796B",25000,25000,0
="00830",1000,1011,-11
="00847B",50000,63000,-13000
="00848B",25000,26000,-1000
="00849B",25000,25000,0
="00850",4060,0,4060
="00861",1000,0,1000
="00862B",25000,25000,0
="00863B",25000,26000,-1000
="00864B",25000,25000,0
="00868B",50000,50000,0
="00869B",50000,50000,0
="00870B",50000,50000,0
="00871B",50000,50000,0
="00875",1000,0,1000
="00877",35000,8000,27000
="00878",5000,4000,1000
="00881",837174,444400,392774
="00882",76422,7772000,-7695578
="00883B",25000,116000,-91000
="00884B",50000,52000,-2000
="020003",1000,3000,-2000
="020011",24000,46000,-22000
="020018",26000,20000,6000
="020019",381000,119000,262000
="020021",1621000,1629000,-8000
="03488B",0,10000,-10000
="04513P",100000,0,100000
="04729P",5000,0,5000
="04835P",60000,0,60000
="04860P",0,2000,-2000
="04908P",0,5000,-5000
="04969P",11000,0,11000
="04994P",3000,0,3000
="04998P",0,20000,-20000
="05006P",682000,1411000,-729000
="05070P",20000,0,20000
="05128P",7000,2000,5000
="05144P",0,100000,-100000
="05161P",117000,3551000,-3434000
="05297P",15000,200000,-185000
="05298P",0,400000,-400000
="05299P",0,57000,-57000
="05300P",10000,0,10000
="05342P",5000,5000,0
="05422P",50000,0,50000
="05484P",0,20000,-20000
="05500P",0,36000,-36000
="05578P",0,30000,-30000
="05585P",0,20000,-20000
="05595P",1344000,2252000,-908000
="05618P",20000,0,20000
="05632P",0,20000,-20000
="05698P",0,40000,-40000
="05699P",0,41000,-41000
="05707P",20000,0,20000
="05725P",24000,0,24000
="05739P",73000,0,73000
="05749P",0,90000,-90000
="05750P",0,20000,-20000
="05776P",300000,223000,77000
="05777P",151000,320000,-169000
="05786P",0,82000,-82000
="05836P",0,2000,-2000
="05858P",0,110000,-110000
="05867P",0,50000,-50000
="05888P",0,60000,-60000
="05906P",0,72000,-72000
="05907P",115000,0,115000
="05908P",20000,22000,-2000
="05955P",10000,0,10000
="05973P",30000,40000,-10000
="05986P",0,33000,-33000
="06002P",30000,25000,5000
="06032P",0,70000,-70000
="06104P",0,10000,-10000
="06113P",50000,77000,-27000
="06136P",18000,8000,10000
="06137P",10000,451000,-441000
="06152P",20000,370000,-350000
="06248P",0,43000,-43000
="06278P",0,201000,-201000
="063057",38000,101000,-63000
="063444",241000,129000,112000
="063926",0,3000,-3000
="064710",30000,0,30000
="065342",4000,0,4000
="065351",10000,0,10000
="065683",10000,0,10000
="065686",239000,0,239000
="065889",1000,0,1000
="066196",1219000,0,1219000
="066198",0,20000,-20000
="066203",50000,80000,-30000
="066460",3000,0,3000
="066526",746000,574000,172000
="066529",6000,10000,-4000
="066694",0,2000,-2000
="067147",10000,0,10000
="067276",250000,0,250000
="067370",20000,3000,17000
="067503",11000,0,11000
="067510",81000,30000,51000
="067515",2000,1000,1000
="067516",30000,0,30000
="067774",1000,10000,-9000
="067831",5000,0,5000
="067832",0,10000,-10000
="068021",0,80000,-80000
="068045",150000,0,150000
="068128",22000,1000,21000
="068129",51000,21000,30000
="068217",2000,0,2000
="068219",0,2000,-2000
="068220",225000,0,225000
="068221",69000,333000,-264000
="068223",100000,0,100000
="068224",0,44000,-44000
="068257",0,30000,-30000
="068383",10000,0,10000
="068390",39000,2000,37000
="068392",5000,0,5000
="068511",30000,137000,-107000
="068512",1000,0,1000
="068514",0,44000,-44000
="068519",10000,0,10000
="068521",0,10000,-10000
="068593",4000,0,4000
="068669",10000,1000,9000
="068670",1180000,0,1180000
="068767",40000,2000,38000
="068768",43000,0,43000
="068769",10000,640000,-630000
="068771",1087000,0,1087000
="068834",0,20000,-20000
="068843",0,20000,-20000
="068847",0,1000,-1000
="068848",33000,91000,-58000
="068849",25000,0,25000
="068850",5000,5000,0
="068883",51000,0,51000
="068888",21000,0,21000
="069031",21000,0,21000
="069033",0,10000,-10000
="069091",135000,0,135000
="069097",0,10000,-10000
="069099",45000,0,45000
="069105",6000,40000,-34000
="069106",63000,0,63000
="069190",0,398000,-398000
="069191",109000,0,109000
="069192",3000,299000,-296000
="069193",45000,201000,-156000
="069397",0,1000,-1000
="069402",25000,0,25000
="069412",15000,0,15000
="069414",1380000,842000,538000
="069415",0,4000,-4000
="069416",127000,322000,-195000
="069418",1000,0,1000
="069448",5000,5000,0
="069449",2091000,340000,1751000
="069612",15000,16000,-1000
="069618",116000,270000,-154000
="069623",5000,0,5000
="069691",530000,14000,516000
="069824",0,51000,-51000
="069927",0,15000,-15000
="069929",0,5000,-5000
="069930",0,23000,-23000
="069934",0,10000,-10000
="070131",0,50000,-50000
="070133",10000,5000,5000
="070134",512000,1254000,-742000
="070141",25000,41000,-16000
="070145",0,10000,-10000
="070146",0,11000,-11000
="070147",1000,15000,-14000
="070148",550000,300000,250000
="070247",1000,0,1000
="070248",0,10000,-10000
="070250",81000,2000,79000
="070251",14000,0,14000
="070255",30000,1000,29000
="070258",0,30000,-30000
="070376",101000,167000,-66000
="070426",100000,1000,99000
="070428",37000,0,37000
="070430",0,100000,-100000
="070431",0,181000,-181000
="070444",170000,199000,-29000
="070445",21000,60000,-39000
="070530",115000,0,115000
="070531",0,30000,-30000
="070534",0,30000,-30000
="070536",90000,0,90000
="070538",133000,285000,-152000
="070539",0,10000,-10000
="070606",57000,0,57000
="070608",2000,0,2000
="070800",0,60000,-60000
="070857",114000,229000,-115000
="070860",0,1000,-1000
="070862",2000,6000,-4000
="070864",76000,15000,61000
="070865",137000,0,137000
="070867",72000,0,72000
="071123",0,519000,-519000
="071206",2000,0,2000
="071214",28000,0,28000
="071215",0,10000,-10000
="071220",619000,1043000,-424000
="071225",0,136000,-136000
="071319",71000,0,71000
="071321",0,24000,-24000
="071322",15000,0,15000
="071323",100000,0,100000
="071326",0,10000,-10000
="071334",14000,10000,4000
="071335",0,1000,-1000
="071444",0,41000,-41000
="071445",15000,20000,-5000
="071446",1000,10000,-9000
="071447",0,20000,-20000
="071448",59000,0,59000
="071457",0,35000,-35000
="071568",8000,308000,-300000
="071569",114000,20000,94000
="071572",0,9000,-9000
="071631",0,3000,-3000
="071708",136000,0,136000
="071845",80000,20000,60000
="071846",0,50000,-50000
="071848",24000,0,24000
="071890",10000,10000,0
="072047",106000,6000,100000
="072049",120000,64000,56000
="072051",131000,180000,-49000
="072112",0,1000,-1000
="072122",345000,0,345000
="072300",184000,0,184000
="072305",10000,0,10000
="072306",68000,0,68000
="072310",30000,170000,-140000
="072313",13000,0,13000
="072314",10000,0,10000
="072404",25000,0,25000
="072409",22000,53000,-31000
="072410",20000,130000,-110000
="072412",0,5000,-5000
="072559",1250000,45000,1205000
="072560",70000,40000,30000
="072561",0,30000,-30000
="072562",346000,242000,104000
="072566",141000,81000,60000
="072567",0,1000,-1000
="072638",343000,23000,320000
="072640",8000,0,8000
="072812",30000,10000,20000
="072965",0,10000,-10000
="072966",0,10000,-10000
="072967",8000,0,8000
="072968",363000,176000,187000
="072971",0,7000,-7000
="073027",436000,42000,394000
="073028",175000,222000,-47000
="073029",10000,0,10000
="073031",373000,270000,103000
="073035",454000,521000,-67000
="073036",5000,279000,-274000
="073037",0,40000,-40000
="073038",0,7000,-7000
="073039",10000,0,10000
="073040",0,8000,-8000
="073097",394000,0,394000
="073099",2000,0,2000
="073100",668000,237000,431000
="073101",24000,232000,-208000
="073102",261000,43000,218000
="073103",59000,195000,-136000
="073105",0,3000,-3000
="073106",497000,0,497000
="073377",592000,499000,93000
="073379",125000,0,125000
="073383",1000,0,1000
="073387",0,132000,-132000
="073388",185000,221000,-36000
="073490",181000,301000,-120000
="073492",5000,0,5000
="073493",3000,588000,-585000
="073496",107000,20000,87000
="073497",5000,10000,-5000
="073499",0,15000,-15000
="073500",20000,67000,-47000
="073502",2508000,1109000,1399000
="073572",0,24000,-24000
="073615",142000,67000,75000
="073616",22000,4000,18000
="073737",30000,0,30000
="073739",0,5000,-5000
="073741",44000,1000,43000
="073744",117000,0,117000
="073745",10000,0,10000
="073747",1000,0,1000
="073748",10000,10000,0
="073808",65000,50000,15000
="073809",3000,212000,-209000
="073811",79000,301000,-222000
="073813",0,346000,-346000
="073859",0,43000,-43000
="073982",2000,5000,-3000
="073984",0,16000,-16000
="073985",10000,0,10000
="074060",340000,114000,226000
="074062",4000,14000,-10000
="074063",10000,0,10000
="074066",0,50000,-50000
="074067",425000,10000,415000
="074068",359000,157000,202000
="074069",0,111000,-111000
="074168",127000,169000,-42000
="074169",5000,0,5000
="074170",0,21000,-21000
="074171",4000,0,4000
="074257",31000,162000,-131000
="074258",61000,0,61000
="074343",0,21000,-21000
="074347",5000,23000,-18000
="074349",10000,22000,-12000
="074350",0,90000,-90000
="074351",0,200000,-200000
="074352",106000,1614000,-1508000
="074353",2000,3000,-1000
="074354",179000,129000,50000
="074446",367000,39000,328000
="074447",9000,0,9000
="074448",50000,50000,0
="074450",10000,121000,-111000
="074452",0,99000,-99000
="074453",20000,271000,-251000
="074491",0,2000,-2000
="074495",0,200000,-200000
="074496",55000,607000,-552000
="074497",116000,0,116000
="074498",249000,140000,109000
="074499",10000,28000,-18000
="074681",60000,226000,-166000
="074687",287000,702000,-415000
="074786",0,30000,-30000
="074787",0,10000,-10000
="074788",4000,0,4000
="074789",5000,0,5000
="074790",2000,3000,-1000
="074791",95000,95000,0
="074792",105000,33000,72000
="074794",197000,31000,166000
="074795",87000,14000,73000
="074796",145000,65000,80000
="074797",5000,0,5000
="074798",0,10000,-10000
="074799",0,40000,-40000
="074804",65000,0,65000
="074806",20000,52000,-32000
="074807",13000,11000,2000
="074809",46000,533000,-487000
="074812",6000,0,6000
="074814",0,30000,-30000
="074819",168000,10000,158000
="074862",0,2000,-2000
="074867",20000,0,20000
="074896",17000,0,17000
="074897",0,4000,-4000
="074898",0,15000,-15000
="074899",20000,68000,-48000
="074900",80000,70000,10000
="074902",0,50000,-50000
="074903",88000,264000,-176000
="074904",127000,0,127000
="074907",1000,0,1000
="074908",138000,54000,84000
="075049",50000,12000,38000
="075050",236000,0,236000
="075051",53000,10000,43000
="075052",0,10000,-10000
="075133",0,88000,-88000
="075167",120000,19000,101000
="075168",256000,99000,157000
="075172",0,56000,-56000
="075173",0,65000,-65000
="075174",0,121000,-121000
="075243",265000,0,265000
="075245",141000,183000,-42000
="075396",0,253000,-253000
="075398",30000,0,30000
="075399",0,104000,-104000
="075401",73000,90000,-17000
="075402",0,130000,-130000
="075404",0,118000,-118000
="075405",0,30000,-30000
="075409",2000,30000,-28000
="075411",553000,79000,474000
="075513",19000,5000,14000
="075641",72000,0,72000
="075642",248000,105000,143000
="075693",12000,27000,-15000
="075694",0,30000,-30000
="075696",0,33000,-33000
="075697",178000,129000,49000
="075698",177000,211000,-34000
="075699",30000,0,30000
="075700",10000,0,10000
="075701",2000,0,2000
="075826",0,6000,-6000
="075827",20000,22000,-2000
="075828",20000,669000,-649000
="075830",50000,0,50000
="075831",0,80000,-80000
="075965",15000,444000,-429000
="075968",4000,46000,-42000
="075969",75000,381000,-306000
="075970",132000,76000,56000
="075971",17000,92000,-75000
="075972",721000,345000,376000
="076055",266000,5000,261000
="076057",282000,244000,38000
="076058",0,24000,-24000
="076059",277000,120000,157000
="076060",4000,8000,-4000
="076061",10000,60000,-50000
="076062",71000,0,71000
="076063",174000,298000,-124000
="076064",10000,10000,0
="076169",0,5000,-5000
="076180",2000,14000,-12000
="076181",16000,0,16000
="076182",16000,20000,-4000
="076289",281000,116000,165000
="076290",4000,16000,-12000
="076291",0,227000,-227000
="076292",219000,438000,-219000
="076405",0,80000,-80000
="076408",0,109000,-109000
="076410",0,1000,-1000
="076411",229000,99000,130000
="076412",108000,19000,89000
="076413",23000,21000,2000
="076414",337000,5000,332000
="076415",143000,0,143000
="076416",228000,156000,72000
="076417",0,72000,-72000
="076418",0,405000,-405000
="076419",93000,67000,26000
="076420",5000,26000,-21000
="076421",299000,226000,73000
="076550",16000,21000,-5000
="076551",11000,3000,8000
="076653",63000,27000,36000
="076654",237000,0,237000
="076655",8000,33000,-25000
="076777",20000,30000,-10000
="076912",129000,208000,-79000
="076914",0,266000,-266000
="076915",27000,0,27000
="076916",0,8000,-8000
="076917",80000,5000,75000
="076920",20000,0,20000
="076921",0,68000,-68000
="076922",1000,129000,-128000
="076923",90000,0,90000
="077006",5000,5000,0
="077060",100000,1000,99000
="077061",110000,312000,-202000
="077064",0,157000,-157000
="077065",0,65000,-65000
="077066",54000,0,54000
="077069",31000,74000,-43000
="077103",35000,21000,14000
="077105",0,125000,-125000
="077107",202000,0,202000
="077108",576000,316000,260000
="077109",1000,0,1000
="077275",2000,0,2000
="077276",22000,320000,-298000
="077278",0,42000,-42000
="077279",181000,0,181000
="077281",0,10000,-10000
="077412",1000,0,1000
="077585",0,25000,-25000
="077586",30000,30000,0
="077587",68000,46000,22000
="077589",80000,0,80000
="077590",13000,0,13000
="077591",116000,30000,86000
="077592",2000,10000,-8000
="077593",0,242000,-242000
="077594",163000,0,163000
="077595",0,4000,-4000
="077641",2000,3000,-1000
="077646",231000,211000,20000
="077647",251000,175000,76000
="077648",322000,34000,288000
="077649",50000,5000,45000
="077650",150000,0,150000
="077651",90000,118000,-28000
="077652",142000,497000,-355000
="077653",0,34000,-34000
="077654",50000,36000,14000
="077655",103000,15000,88000
="077656",4000,10000,-6000
="077657",0,50000,-50000
="077658",0,10000,-10000
="077810",1000,56000,-55000
="077811",40000,30000,10000
="077812",0,1000,-1000
="077921",0,15000,-15000
="077941",166000,10000,156000
="077942",178000,102000,76000
="077944",252000,421000,-169000
="077945",49000,45000,4000
="077946",1000,1000,0
="078000",10000,0,10000
="078019",3000,0,3000
="078038",0,10000,-10000
="078087",134000,47000,87000
="078089",0,66000,-66000
="078090",70000,117000,-47000
="078091",19000,138000,-119000
="078092",4000,202000,-198000
="078093",0,5000,-5000
="078095",60000,14000,46000
="078096",14000,46000,-32000
="078097",0,10000,-10000
="078098",171000,24000,147000
="078099",163000,10000,153000
="078130",5000,0,5000
="078254",0,40000,-40000
="078400",1000,0,1000
="078461",0,261000,-261000
="078462",11000,167000,-156000
="078463",1000,28000,-27000
="078464",31000,115000,-84000
="078466",87000,198000,-111000
="078467",0,20000,-20000
="078468",30000,39000,-9000
="078469",434000,769000,-335000
="078470",36000,435000,-399000
="078471",10000,14000,-4000
="078472",0,13000,-13000
="078473",36000,17000,19000
="078475",23000,0,23000
="078476",20000,127000,-107000
="078477",10000,20000,-10000
="078677",0,2000,-2000
="078718",465000,514000,-49000
="078719",0,715000,-715000
="078720",0,1000,-1000
="078721",0,10000,-10000
="078722",0,12000,-12000
="078723",10000,102000,-92000
="078724",20000,102000,-82000
="078725",50000,35000,15000
="078726",4000,0,4000
="078848",846000,1051000,-205000
="078849",137000,93000,44000
="078850",16000,82000,-66000
="078851",60000,80000,-20000
="078853",820000,376000,444000
="078854",121000,135000,-14000
="078856",23000,0,23000
="078871",0,20000,-20000
="078943",144000,10000,134000
="078944",110000,40000,70000
="078945",111000,121000,-10000
="078946",103000,0,103000
="078947",20000,137000,-117000
="078949",557000,104000,453000
="079090",153000,106000,47000
="079091",562000,406000,156000
="079285",92000,3000,89000
="079286",77000,182000,-105000
="079288",130000,1000,129000
="079289",277000,263000,14000
="079290",378000,354000,24000
="079291",104000,5000,99000
="079425",202000,265000,-63000
="079426",184000,16000,168000
="079427",212000,18000,194000
="079429",1161000,1522000,-361000
="079430",40000,210000,-170000
="079431",759000,176000,583000
="079432",56000,0,56000
="079433",239000,169000,70000
="079434",0,10000,-10000
="079435",26000,0,26000
="079583",77000,0,77000
="079584",0,1000,-1000
="079586",100000,221000,-121000
="079652",100000,0,100000
="079727",12000,6000,6000
="079728",251000,537000,-286000
="079729",49000,601000,-552000
="079730",0,676000,-676000
="079733",2000,0,2000
="079734",11000,24000,-13000
="079736",277000,317000,-40000
="079737",153000,41000,112000
="079738",35000,0,35000
="079739",0,2000,-2000
="079740",611000,364000,247000
="079741",93000,92000,1000
="079742",777000,1045000,-268000
="079744",0,144000,-144000
="079745",0,10000,-10000
="079830",20000,0,20000
="079868",225000,272000,-47000
="079869",47000,0,47000
="079870",406000,111000,295000
="079871",0,1695000,-1695000
="079872",100000,111000,-11000
="079873",107000,176000,-69000
="079979",103000,179000,-76000
="079980",105000,10000,95000
="079981",5000,26000,-21000
="079982",180000,981000,-801000
="079983",197000,280000,-83000
="079984",0,5000,-5000
="079985",0,8000,-8000
="080161",134000,103000,31000
="080162",70000,0,70000
="080165",2000,0,2000
="080166",280000,341000,-61000
="080167",249000,208000,41000
="080168",265000,263000,2000
="080169",10000,11000,-1000
="080170",318000,326000,-8000
="080171",0,70000,-70000
="080172",0,314000,-314000
="080174",122000,0,122000
="080175",70000,0,70000
="080176",0,7000,-7000
="080177",764000,1689000,-925000
="080178",50000,1052000,-1002000
="080180",0,31000,-31000
="080181",120000,1224000,-1104000
="080182",0,1000,-1000
="080184",25000,15000,10000
="080185",0,7000,-7000
="080186",146000,37000,109000
="080205",690000,105000,585000
="080317",499000,0,499000
="080342",0,9000,-9000
="080343",11000,310000,-299000
="080344",75000,57000,18000
="080346",0,3000,-3000
="080347",273000,0,273000
="080348",46000,5000,41000
="080349",157000,1181000,-1024000
="080350",0,100000,-100000
="080351",0,23000,-23000
="080539",0,22000,-22000
="080540",85000,20000,65000
="080543",16000,20000,-4000
="080544",651000,110000,541000
="080545",157000,171000,-14000
="080546",30000,281000,-251000
="080547",318000,393000,-75000
="080593",38000,156000,-118000
="080594",11000,50000,-39000
="080595",10000,1000,9000
="080596",421000,1093000,-672000
="080597",153000,80000,73000
="080598",43000,79000,-36000
="080599",0,10000,-10000
="080600",2000,86000,-84000
="080601",145000,100000,45000
="080602",37000,0,37000
="080603",108000,22000,86000
="080618",18000,0,18000
="080844",1000,0,1000
="080857",5000,8000,-3000
="080858",0,60000,-60000
="080859",0,31000,-31000
="080860",60000,40000,20000
="080861",9000,0,9000
="080862",0,75000,-75000
="080863",115000,112000,3000
="080864",99000,12000,87000
="080865",18000,155000,-137000
="080866",0,30000,-30000
="080867",200000,436000,-236000
="080868",0,291000,-291000
="080869",4000,18000,-14000
="081016",139000,214000,-75000
="081017",15000,30000,-15000
="081018",363000,380000,-17000
="081020",350000,83000,267000
="081021",178000,650000,-472000
="081022",0,10000,-10000
="081024",7000,20000,-13000
="081025",0,117000,-117000
="081026",0,342000,-342000
="081043",59000,0,59000
="081130",0,1000,-1000
="081213",120000,125000,-5000
="081214",240000,510000,-270000
="081215",0,226000,-226000
="081216",10000,307000,-297000
="081217",32000,125000,-93000
="081218",490000,835000,-345000
="081219",10000,74000,-64000
="081220",10000,10000,0
="081221",11000,56000,-45000
="081222",80000,709000,-629000
="081223",216000,39000,177000
="081224",532000,2901000,-2369000
="081225",422000,1893000,-1471000
="081226",100000,140000,-40000
="081227",0,4000,-4000
="081231",172000,0,172000
="081232",0,43000,-43000
="081233",811000,45000,766000
="081234",41000,0,41000
="081235",400000,699000,-299000
="081236",0,300000,-300000
="081258",0,10000,-10000
="081270",0,144000,-144000
="081271",0,6000,-6000
="081272",7000,194000,-187000
="081273",20000,0,20000
="081276",177000,0,177000
="081277",3000,55000,-52000
="081278",123000,267000,-144000
="081280",0,18000,-18000
="081281",86000,470000,-384000
="081283",3000,138000,-135000
="081285",0,27000,-27000
="081286",11000,0,11000
="081287",35000,651000,-616000
="081288",22000,15000,7000
="081289",71000,143000,-72000
="081346",3000,0,3000
="081374",0,12000,-12000
="081428",135000,27000,108000
="081429",76000,35000,41000
="081430",65000,0,65000
="081432",0,10000,-10000
="081433",0,62000,-62000
="081435",0,89000,-89000
="081436",1089000,1467000,-378000
="081437",36000,5000,31000
="081439",85000,342000,-257000
="081440",86000,345000,-259000
="081442",138000,112000,26000
="081443",293000,649000,-356000
="081446",0,33000,-33000
="081447",62000,300000,-238000
="081448",2000,23000,-21000
="081449",221000,151000,70000
="081450",1376000,582000,794000
="081451",21000,240000,-219000
="081452",13000,0,13000
="081587",10000,0,10000
="081607",3000,0,3000
="081661",0,250000,-250000
="081708",40000,145000,-105000
="081709",298000,25000,273000
="081710",0,160000,-160000
="081711",2317000,664000,1653000
="081712",363000,370000,-7000
="081713",0,10000,-10000
="081714",129000,0,129000
="081715",44000,30000,14000
="081716",187000,873000,-686000
="081717",0,30000,-30000
="081718",398000,191000,207000
="081719",445000,623000,-178000
="081720",198000,259000,-61000
="081721",349000,677000,-328000
="081722",141000,852000,-711000
="081723",1736000,1245000,491000
="081724",107000,215000,-108000
="081725",280000,382000,-102000
="081726",0,1000,-1000
="081727",25000,0,25000
="081816",5000,0,5000
="081819",0,207000,-207000
="081944",10000,0,10000
="081945",194000,195000,-1000
="081946",52000,0,52000
="081947",128000,28000,100000
="081949",0,3000,-3000
="081950",154000,3000,151000
="081951",100000,272000,-172000
="081952",545000,175000,370000
="081953",123000,42000,81000
="081955",106000,60000,46000
="081956",0,29000,-29000
="081959",686000,770000,-84000
="082051",50000,0,50000
="082122",0,85000,-85000
="082123",188000,86000,102000
="082124",345000,92000,253000
="082125",0,20000,-20000
="082127",0,57000,-57000
="082128",0,1314000,-1314000
="082129",120000,118000,2000
="082130",4489000,3620000,869000
="082131",0,30000,-30000
="082132",278000,86000,192000
="082133",5000,0,5000
="082134",171000,73000,98000
="082135",20000,0,20000
="082136",5000,0,5000
="082137",30000,101000,-71000
="082138",9000,35000,-26000
="082139",132000,199000,-67000
="082140",117000,63000,54000
="082141",20000,27000,-7000
="082142",114000,118000,-4000
="082143",300000,650000,-350000
="082144",326000,323000,3000
="082145",839000,102000,737000
="082300",0,30000,-30000
="082314",51000,183000,-132000
="082315",4000,2000,2000
="082318",307000,373000,-66000
="082319",5000,818000,-813000
="082321",15000,91000,-76000
="082322",7000,57000,-50000
="082323",93000,181000,-88000
="082325",7000,61000,-54000
="082326",188000,129000,59000
="082327",66000,234000,-168000
="082328",0,6000,-6000
="082329",75000,446000,-371000
="082330",73000,19000,54000
="082334",0,679000,-679000
="082335",68000,30000,38000
="082337",42000,17000,25000
="082338",107000,173000,-66000
="082339",0,30000,-30000
="082340",300000,91000,209000
="082433",0,30000,-30000
="082435",0,6000,-6000
="082475",285000,491000,-206000
="082476",0,151000,-151000
="082477",131000,10000,121000
="082478",317000,65000,252000
="082479",221000,44000,177000
="082480",80000,8000,72000
="082481",20000,790000,-770000
="082482",120000,517000,-397000
="082483",145000,0,145000
="082484",0,55000,-55000
="082486",70000,143000,-73000
="082487",200000,382000,-182000
="082488",379000,1253000,-874000
="082489",610000,205000,405000
="082490",0,313000,-313000
="082491",0,11000,-11000
="082493",63000,31000,32000
="082494",15000,1000,14000
="082495",30000,0,30000
="082496",326000,154000,172000
="082497",1000,0,1000
="082498",468000,223000,245000
="082499",59000,112000,-53000
="082500",13000,470000,-457000
="082501",291000,683000,-392000
="082502",15000,140000,-125000
="082503",158000,26000,132000
="082533",61000,0,61000
="082556",0,300000,-300000
="082557",0,117000,-117000
="082558",317000,453000,-136000
="082560",428000,750000,-322000
="082561",55000,134000,-79000
="082562",33000,45000,-12000
="082563",501000,424000,77000
="082564",470000,525000,-55000
="082565",750000,604000,146000
="082566",0,30000,-30000
="082567",2000,10000,-8000
="082568",87000,197000,-110000
="082569",204000,584000,-380000
="082570",65000,76000,-11000
="082574",326000,1383000,-1057000
="082575",2000,86000,-84000
="082576",312000,113000,199000
="082577",0,9000,-9000
="082665",6000,0,6000
="082749",190000,0,190000
="082750",1000,245000,-244000
="082751",213000,69000,144000
="082753",30000,10000,20000
="082754",399000,110000,289000
="082755",55000,200000,-145000
="082756",0,17000,-17000
="082757",92000,276000,-184000
="082758",42000,76000,-34000
="082759",0,10000,-10000
="082760",219000,132000,87000
="082761",0,72000,-72000
="082764",0,27000,-27000
="082765",100000,60000,40000
="082767",49000,192000,-143000
="082768",11000,2839000,-2828000
="082769",0,142000,-142000
="082770",60000,290000,-230000
="082771",105000,57000,48000
="082772",525000,254000,271000
="082773",3674000,1364000,2310000
="082774",70000,60000,10000
="082775",3000,5000,-2000
="082776",237000,494000,-257000
="082799",75000,0,75000
="082850",0,70000,-70000
="082854",20000,0,20000
="082923",33000,30000,3000
="082924",35000,10000,25000
="082925",466000,3260000,-2794000
="082929",300000,14000,286000
="082930",50000,10000,40000
="082931",0,141000,-141000
="082932",200000,200000,0
="082933",310000,279000,31000
="082936",55000,40000,15000
="082937",42000,200000,-158000
="082994",0,2000,-2000
="083034",3000,0,3000
="083035",0,3000,-3000
="083197",140000,89000,51000
="083199",335000,1811000,-1476000
="083201",50000,8000,42000
="083202",33000,153000,-120000
="083203",91000,10000,81000
="083204",180000,456000,-276000
="083205",1065000,831000,234000
="083206",50000,375000,-325000
="083207",941000,759000,182000
="083208",370000,114000,256000
="083209",553000,0,553000
="083210",119000,10000,109000
="083211",125000,227000,-102000
="083212",0,10000,-10000
="083213",11000,18000,-7000
="083215",134000,1071000,-937000
="083216",19000,110000,-91000
="083217",10000,0,10000
="083218",0,125000,-125000
="083219",0,10000,-10000
="083220",256000,0,256000
="083326",10000,15000,-5000
="083327",10000,217000,-207000
="083328",5000,12000,-7000
="083329",0,3000,-3000
="083330",0,10000,-10000
="083336",185000,112000,73000
="083338",1957000,707000,1250000
="083339",0,62000,-62000
="083340",0,30000,-30000
="083341",121000,609000,-488000
="083342",108000,102000,6000
="083343",16000,251000,-235000
="083344",0,179000,-179000
="083345",160000,791000,-631000
="083346",10000,998000,-988000
="083347",0,17000,-17000
="083349",0,154000,-154000
="083350",143000,56000,87000
="083460",161000,420000,-259000
="083461",79000,262000,-183000
="083462",2000,85000,-83000
="083463",0,50000,-50000
="083464",172000,236000,-64000
="083465",105000,63000,42000
="083466",0,200000,-200000
="083467",0,9000,-9000
="083468",0,5000,-5000
="083469",20000,0,20000
="083470",0,113000,-113000
="083471",0,75000,-75000
="083472",34000,200000,-166000
="083473",0,21000,-21000
="083476",175000,504000,-329000
="083477",3000,0,3000
="083478",10000,71000,-61000
="083480",155000,246000,-91000
="083665",10000,572000,-562000
="083667",0,42000,-42000
="083668",321000,316000,5000
="083671",459000,83000,376000
="083672",0,176000,-176000
="083673",0,182000,-182000
="083674",108000,10000,98000
="083675",0,203000,-203000
="083677",90000,0,90000
="083678",0,5000,-5000
="083679",19000,1411000,-1392000
="083681",10000,0,10000
="083682",40000,0,40000
="083684",19000,62000,-43000
="083685",0,16000,-16000
="083687",1000,1080000,-1079000
="083688",167000,246000,-79000
="083689",10000,41000,-31000
="083784",3000,0,3000
="083787",396000,261000,135000
="083788",211000,348000,-137000
="083790",38000,50000,-12000
="083791",4000,55000,-51000
="083792",25000,0,25000
="083793",5000,12000,-7000
="083794",50000,15000,35000
="083796",58000,0,58000
="083797",5000,0,5000
="083798",0,42000,-42000
="083799",162000,535000,-373000
="084005",27000,33000,-6000
="084006",21000,25000,-4000
="084009",0,2000,-2000
="084010",5000,210000,-205000
="084011",0,10000,-10000
="084013",0,70000,-70000
="084014",0,5000,-5000
="084015",0,78000,-78000
="084016",0,60000,-60000
="084017",10000,55000,-45000
="084018",205000,30000,175000
="084019",822000,125000,697000
="084020",422000,12000,410000
="084021",0,1000,-1000
="084022",0,557000,-557000
="084024",5000,372000,-367000
="084025",1222000,231000,991000
="084026",0,107000,-107000
="084027",0,383000,-383000
="084056",100000,0,100000
="084230",10000,179000,-169000
="084231",471000,2228000,-1757000
="084232",681000,160000,521000
="084236",20000,35000,-15000
="084237",5000,48000,-43000
="084238",41000,270000,-229000
="084239",20000,50000,-30000
="084242",50000,20000,30000
="084243",1142000,615000,527000
="084244",28000,266000,-238000
="084245",11000,139000,-128000
="084246",1000,295000,-294000
="084248",39000,15000,24000
="084249",20000,141000,-121000
="084250",0,6000,-6000
="084251",76000,17000,59000
="084252",0,20000,-20000
="084253",0,14000,-14000
="084374",0,20000,-20000
="084375",0,599000,-599000
="084378",110000,54000,56000
="084383",470000,105000,365000
="084385",144000,505000,-361000
="084387",66000,0,66000
="084388",180000,236000,-56000
="084390",51000,12000,39000
="084420",150000,0,150000
="084462",5000,0,5000
="084533",78000,0,78000
="084535",0,50000,-50000
="084536",68000,208000,-140000
="084537",0,4000,-4000
="084539",310000,386000,-76000
="084540",20000,0,20000
="084543",198000,90000,108000
="084545",112000,257000,-145000
="084546",137000,71000,66000
="084547",0,10000,-10000
="084602",20000,0,20000
="084683",0,50000,-50000
="084685",102000,105000,-3000
="084686",78000,45000,33000
="084687",10000,2000,8000
="084692",42000,142000,-100000
="084693",0,10000,-10000
="084694",0,310000,-310000
="084695",50000,5000,45000
="084696",15000,122000,-107000
="084697",5000,30000,-25000
="084698",0,20000,-20000
="084699",257000,91000,166000
="084700",9000,56000,-47000
="084701",45000,385000,-340000
="084703",0,37000,-37000
="084704",271000,226000,45000
="084708",287000,0,287000
="084709",0,20000,-20000
="084710",10000,29000,-19000
="084734",10000,0,10000
="084821",144000,76000,68000
="084822",0,274000,-274000
="084823",27000,49000,-22000
="084827",0,20000,-20000
="084828",20000,15000,5000
="084829",20000,253000,-233000
="084830",5000,0,5000
="084831",15000,50000,-35000
="084832",0,4000,-4000
="084833",15000,82000,-67000
="084834",220000,228000,-8000
="084835",0,50000,-50000
="084836",1000,30000,-29000
="084837",20000,622000,-602000
="084838",137000,155000,-18000
="084877",0,50000,-50000
="084892",0,3000,-3000
="084893",10000,40000,-30000
="084894",0,735000,-735000
="084895",0,2000,-2000
="084896",167000,608000,-441000
="084897",102000,68000,34000
="084898",2000,0,2000
="085026",40000,156000,-116000
="085027",0,100000,-100000
="085029",35000,25000,10000
="085031",0,239000,-239000
="085032",846000,322000,524000
="085125",0,100000,-100000
="085126",5000,65000,-60000
="085127",0,348000,-348000
="085128",0,70000,-70000
="085129",0,10000,-10000
="085132",0,10000,-10000
="085133",0,385000,-385000
="085175",0,1000,-1000
="085177",0,70000,-70000
="085178",0,6000,-6000
="085179",0,2000,-2000
="085181",0,324000,-324000
="085182",0,40000,-40000
="08690P",5000,0,5000
="08974P",0,2000,-2000
="1101",14000,13000,1000
="1102",1000,1000,0
="1103",1,30000,-29999
="1104",50000,0,50000
="1201",1,20000,-19999
="1203",2,0,2
="1210",10019,0,10019
="1215",0,1000,-1000
="1216",13000,305000,-292000
="1217",3,0,3
="1218",1002,0,1002
="1227",2000,0,2000
="1229",0,1000,-1000
="1234",0,3000,-3000
="1256",4000,0,4000
="1301",5000,14000,-9000
="1303",0,2200,-2200
="1304",55001,63000,-7999
="1305",104000,86000,18000
="1308",3001,2000,1001
="1309",198000,211000,-13000
="1310",3001,1000,2001
="1312",25000,45000,-20000
="1313",14000,0,14000
="1314",526002,435000,91002
="1316",1000,0,1000
="1325",10000,0,10000
="1336",1,0,1
="1337",5000,8000,-3000
="1338",1,0,1
="1340",2,0,2
="1402",969000,15000,954000
="1409",0,13000,-13000
="1416",1000,500,500
="1417",1,0,1
="1440",0,2000,-2000
="1441",1000,1000,0
="1442",0,6000,-6000
="1444",18000,4000,14000
="1447",0,20000,-20000
="1454",20000,200,19800
="1456",0,20000,-20000
="1460",200,2000,-1800
="1464",1000,0,1000
="1476",38000,33000,5000
="1477",23000,9000,14000
="1504",1001,1000,1
="1506",0,66,-66
="1513",60000,90000,-30000
="1514",2000,50,1950
="1515",133200,39000,94200
="1519",4000,4000,0
="1527",1000,2000,-1000
="1528",2,0,2
="1533",24000,27000,-3000
="1536",5000,6998,-1998
="1537",2000,0,2000
="1538",2,0,2
="1539",1000,0,1000
="1558",0,1000,-1000
="1568",2000,0,2000
="1569",2000,9000,-7000
="1580",2000,0,2000
="1582",1000,1000,0
="1586",0,27000,-27000
="1587",0,5000,-5000
="1589",1000,0,1000
="1590",2000,3009,-1009
="1592",396,0,396
="1597",253000,9000,244000
="1598",20000,1000,19000
="1599",1000,0,1000
="1604",1,4000,-3999
="1605",303001,143000,160001
="1608",114000,104000,10000
="1609",129001,162000,-32999
="1611",2,0,2
="1612",2000,23000,-21000
="1618",1000,362000,-361000
="1701",1,0,1
="1702",1,0,1
="1708",2,0,2
="1710",0,4000,-4000
="1712",2,0,2
="1713",4000,0,4000
="1714",0,10000,-10000
="1717",0,2000,-2000
="1718",54002,36000,18002
="1720",0,1000,-1000
="1721",1,0,1
="1722",2001,10000,-7999
="1724",0,6000,-6000
="1727",7000,3000,4000
="1732",5000,5000,0
="1734",1,6000,-5999
="1736",9000,21000,-12000
="1737",2,0,2
="1742",1,0,1
="1752",6000,2000,4000
="1760",12001,4000,8001
="1762",3001,3000,1
="1773",1000,5000,-4000
="1783",0,2000,-2000
="1784",1000,1000,0
="1785",54000,122000,-68000
="1789",13000,6000,7000
="1795",3000,3000,0
="1796",1,0,1
="1802",303000,301167,1833
="1805",6000,0,6000
="1810",2000,0,2000
="1815",1,15000,-14999
="1817",51000,0,51000
="1903",0,1000,-1000
="1904",3001,18060,-15059
="1905",5000,43000,-38000
="1907",6000,6000,0
="1909",931000,152000,779000
="2002",231601,20000,211601
="2006",64000,87000,-23000
="2009",99000,57000,42000
="2010",92000,228000,-136000
="2013",0,1000,-1000
="2014",520000,151000,369000
="2015",20000,10000,10000
="2020",0,69000,-69000
="2022",4000,3000,1000
="2023",1,12000,-11999
="2024",3,0,3
="2027",132000,629000,-497000
="2028",8000,1000,7000
="2030",4,0,4
="2031",7000,19000,-12000
="2034",1000,2000,-1000
="2038",13000,147000,-134000
="2049",3300,7000,-3700
="2059",1000,0,1000
="2062",120000,0,120000
="2065",1000,0,1000
="2101",4000,66311,-62311
="2102",2,0,2
="2103",48001,546225,-498224
="2104",1,84000,-83999
="2105",882000,4000,878000
="2106",4000,0,4000
="2107",0,3000,-3000
="2108",2000,27000,-25000
="2109",3,0,3
="2114",1000,1000,0
="2201",18000,8000,10000
="2206",4000,5000,-1000
="2208",32150,32000,150
="2230",5000,0,5000
="2231",57020,14000,43020
="2233",1,1000,-999
="2239",2000,1000,1000
="2247",0,5000,-5000
="2301",4000,1000,3000
="2302",0,1000,-1000
="2303",3206025,1821500,1384525
="2305",0,326,-326
="2308",85101,74550,10551
="2312",112000,6000,106000
="2313",59000,11000,48000
="2314",3000,25000,-22000
="2317",235491,337100,-101609
="2323",37002,5000,32002
="2324",7000,8000,-1000
="2327",147220,246328,-99108
="2328",71002,47000,24002
="2329",20000,1017000,-997000
="2330",2041174,235705,1805469
="2331",206000,338000,-132000
="2332",356000,114000,242000
="2337",10554000,1649300,8904700
="2338",563000,959000,-396000
="2340",4002,12300,-8298
="2342",1000,1,999
="2344",8518000,2887268,5630732
="2345",4000,1000,3000
="2347",1000,1000,0
="2348",0,2000,-2000
="2349",1,0,1
="2351",26000,20000,6000
="2352",62001,0,62001
="2353",209001,109000,100001
="2354",57000,342150,-285150
="2355",35000,1000,34000
="2356",9000,0,9000
="2357",5000,11000,-6000
="2360",11000,34000,-23000
="2363",6002,1047,4955
="2365",3,0,3
="2367",253002,11000,242002
="2368",352000,548000,-196000
="2369",60001,192000,-131999
="2371",831000,207035,623965
="2374",3,0,3
="2375",244000,229000,15000
="2376",206000,311000,-105000
="2377",39000,18000,21000
="2379",24001,38000,-13999
="2380",2001,0,2001
="2382",14200,40000,-25800
="2383",1000,3000,-2000
="2387",1043,35000,-33957
="2390",548000,5000,543000
="2392",5000,3000,2000
="2393",13000,6000,7000
="2395",20000,1000,19000
="2399",19000,239000,-220000
="2401",673003,426000,247003
="2402",0,10000,-10000
="2405",1,0,1
="2406",2000,0,2000
="2408",236010,176159,59851
="2409",174065,161000,13065
="2412",100,50,50
="2415",163000,17000,146000
="2417",69000,12000,57000
="2421",2000,1050,950
="2424",1000,0,1000
="2425",1000,0,1000
="2426",4003,0,4003
="2428",5000,0,5000
="2430",2,0,2
="2436",1000,26000,-25000
="2439",14000,12000,2000
="2440",2000,0,2000
="2441",30000,104000,-74000
="2443",4,0,4
="2444",6000,0,6000
="2449",325000,263000,62000
="2451",5000,0,5000
="2454",62013,35000,27013
="2455",26000,14000,12000
="2456",11000,51000,-40000
="2457",2001,0,2001
="2458",22100,20000,2100
="2460",0,10000,-10000
="2461",0,13000,-13000
="2464",74000,0,74000
="2465",0,21000,-21000
="2467",79000,0,79000
="2471",2,25000,-24998
="2472",1000,1000,0
="2474",19000,1100,17900
="2476",57000,70000,-13000
="2478",8000,9000,-1000
="2481",61000,17000,44000
="2482",1000,1000,0
="2485",4,0,4
="2486",159000,39000,120000
="2492",95000,280000,-185000
="2493",2000,0,2000
="2498",9003,0,9003
="2504",53003,10000,43003
="2505",97000,18000,79000
="2511",60000,0,60000
="2515",1001,9000,-7999
="2520",12001,0,12001
="2530",1,0,1
="2534",100,0,100
="2535",0,1000,-1000
="2538",10001,0,10001
="2540",6000,0,6000
="2542",2000,0,2000
="2546",0,1000,-1000
="2547",0,30000,-30000
="2596",0,1000,-1000
="2601",0,1000,-1000
="2603",6902500,3158160,3744340
="2605",9000,5000,4000
="2606",55000,56000,-1000
="2607",2100,0,2100
="2609",5350100,5524000,-173900
="2610",142000,921000,-779000
="2611",439000,0,439000
="2612",146000,89000,57000
="2613",2000,1000,1000
="2615",849000,299000,550000
="2616",0,2000,-2000
="2617",11000,31000,-20000
="2618",133000,240000,-107000
="2633",17000,5000,12000
="2637",12899,25000,-12101
="2640",12000,0,12000
="2641",502000,37000,465000
="2643",0,2000,-2000
="2704",0,23,-23
="2722",1000,0,1000
="2723",0,2000,-2000
="2727",21002,55000,-33998
="2731",33000,0,33000
="2732",6000,15000,-9000
="2801",2000,250,1750
="2809",8000,0,8000
="2812",0,1000,-1000
="2823",250,4000,-3750
="2834",1000,10000,-9000
="2838A",2000,0,2000
="2841",2001,0,2001
="2850",5000,0,5000
="2855",27000,38000,-11000
="2867",7000,18000,-11000
="2880",1002,9000,-7998
="2881",351000,176000,175000
="2882",161000,152000,9000
="2882A",33000,0,33000
="2883",288000,99000,189000
="2884",23100,26000,-2900
="2885",261021,94765,166256
="2886",6000,0,6000
="2887",6000,14213,-8213
="2887F",2000,0,2000
="2888",156100,66000,90100
="2889",2000,0,2000
="2890",3001,16000,-12999
="2891",39001,111000,-71999
="2891B",0,32000,-32000
="2892",2073,5000,-2927
="2908",0,1000,-1000
="2911",5,0,5
="2912",7160,0,7160
="2913",0,176,-176
="2915",81000,26000,55000
="2923",0,1000,-1000
="2929",1,0,1
="2939",2000,0,2000
="3003",6000,85000,-79000
="3005",0,3000,-3000
="3006",397000,577000,-180000
="3008",4035,3120,915
="3010",12000,1105,10895
="3011",1000,32000,-31000
="3014",1000,12000,-11000
="3015",12000,5000,7000
="3016",1000,21000,-20000
="3017",8000,25000,-17000
="3019",1188001,155000,1033001
="3022",0,10128,-10128
="3023",23000,2606,20394
="3024",1,0,1
="3025",33000,20000,13000
="3026",6000,18000,-12000
="3027",3001,6000,-2999
="3028",0,2000,-2000
="3029",2000,2000,0
="3032",0,2000,-2000
="3034",57000,81100,-24100
="3035",34001,110000,-75999
="3036",17002,33000,-15998
="3037",185002,183000,2002
="3040",1000,0,1000
="3041",213001,16000,197001
="3042",262500,477000,-214500
="3044",14000,7049,6951
="3045",160000,0,160000
="3047",113000,12000,101000
="3048",2000,0,2000
="3049",13000,1218,11782
="3050",0,4000,-4000
="3055",1000,2480,-1480
="3056",2000,0,2000
="3057",101,0,101
="3058",3000,0,3000
="3059",52000,50000,2000
="3060",3000,2000,1000
="3062",2000,15000,-13000
="3071",55000,3000,52000
="3078",87300,105000,-17700
="3081",9000,4000,5000
="3090",1000,0,1000
="3092",103000,123000,-20000
="3094",13000,17000,-4000
="3105",20000,12000,8000
="3122",206000,4000,202000
="3128",10002,0,10002
="3138",1,2000,-1999
="3141",1000,11000,-10000
="3147",7000,17000,-10000
="3149",53000,154000,-101000
="3152",6000,8000,-2000
="3163",2001,4000,-1999
="3164",1000,1000,0
="3167",1000,0,1000
="3169",6000,0,6000
="3176",275001,1000,274001
="3178",4000,9000,-5000
="3189",969000,159000,810000
="3202",3000,0,3000
="3205",1,0,1
="3206",2000,3000,-1000
="3209",0,320,-320
="3211",6001,3000,3001
="3213",10000,5000,5000
="3217",0,19000,-19000
="3218",23000,15000,8000
="3221",2000,2000,0
="3227",7000,8000,-1000
="3228",50000,87000,-37000
="3230",5000,0,5000
="3231",60000,2000,58000
="3234",140000,140000,0
="3236",1,5000,-4999
="3257",8001,108000,-99999
="3260",362801,164100,198701
="3264",112000,51000,61000
="3272",3158,3000,158
="3276",19001,9000,10001
="3289",1,0,1
="3293",52000,15000,37000
="3305",177000,78000,99000
="3311",0,1000,-1000
="3312",10001,0,10001
="3313",1,0,1
="3317",0,6000,-6000
="3322",10000,0,10000
="3323",21000,3000,18000
="3324",10000,26000,-16000
="3325",1,0,1
="3346",49155,2000,47155
="3360",0,1000,-1000
="3362",1000,3000,-2000
="3373",5000,1000,4000
="3374",156000,229000,-73000
="3376",8000,0,8000
="3379",0,2000,-2000
="3380",29100,11000,18100
="3383",0,1000,-1000
="3390",2,0,2
="3406",44000,11000,33000
="3413",25150,50000,-24850
="3419",120000,125000,-5000
="3432",6000,0,6000
="3437",8000,128000,-120000
="3441",1,14000,-13999
="3443",298000,82000,216000
="3444",10000,0,10000
="3450",1000,0,1000
="3454",0,1000,-1000
="3455",46000,0,46000
="3466",1096,1000,96
="3479",0,1000,-1000
="3481",425670,147000,278670
="3483",163000,22000,141000
="3484",12000,65000,-53000
="3490",7000,16000,-9000
="3491",5000,10000,-5000
="3492",1000,0,1000
="3498",1,0,1
="3501",0,1000,-1000
="3504",12000,0,12000
="3508",162001,10000,152001
="3515",1000,30000,-29000
="3516",8000,0,8000
="3521",5000,4000,1000
="3522",2001,2000,1
="3523",1,0,1
="3526",68000,28000,40000
="3527",0,2000,-2000
="3529",13000,17000,-4000
="3530",1000,0,1000
="3532",48000,54000,-6000
="3533",107000,88100,18900
="3537",0,2000,-2000
="3540",77200,79000,-1800
="3545",14004,27000,-12996
="3550",0,10000,-10000
="3552",36010,16000,20010
="3557",4,0,4
="3563",12001,0,12001
="3576",26000,2000,24000
="3580",5000,22000,-17000
="3581",3000,0,3000
="3587",0,3000,-3000
="3588",6000,8000,-2000
="3591",0,1000,-1000
="3593",1,0,1
="3594",2000,1000,1000
="3596",3000,2000,1000
="3597",143000,0,143000
="3605",1000,5000,-4000
="3607",0,1000,-1000
="3615",5000,0,5000
="3625",1000,44000,-43000
="3630",12000,9000,3000
="3632",315,0,315
="3645",0,1000,-1000
="3653",5000,3000,2000
="3661",44000,33100,10900
="3665",76000,9000,67000
="3666",2000,16000,-14000
="3669",4000,6000,-2000
="3673",55000,2000,53000
="3675",0,5000,-5000
="3680",6000,11000,-5000
="3685",10000,11000,-1000
="3686",0,7,-7
="3687",0,1000,-1000
="3689",1,5019,-5018
="3691",20000,7000,13000
="3702",2000,37000,-35000
="3702A",20000,40000,-20000
="3703",138000,7000,131000
="3704",140000,75000,65000
="3706",2,2000,-1998
="3707",2000,276000,-274000
="3708",4000,13500,-9500
="3710",4000,0,4000
="3711",1497550,1378500,119050
="3712",100,0,100
="3714",46160,41000,5160
="4105",7060,0,7060
="4108",90000,0,90000
="4111",3,0,3
="4113",0,5000,-5000
="4114",92000,1000,91000
="4119",1000,1000,0
="4123",25008,3000,22008
="4128",4000,2040,1960
="4133",2000,1000,1000
="4137",136000,19000,117000
="4142",1054000,28000,1026000
="4157",12099,1000,11099
="4160",1000,1000,0
="4161",1000,0,1000
="4164",30,0,30
="4168",6000,0,6000
="4171",3000,1000,2000
="4190",2000,2000,0
="4306",1,2000,-1999
="4416",1000,0,1000
="4417",0,4000,-4000
="4420",1000,990,10
="4438",0,2000,-2000
="4506",0,500,-500
="4528",3000,25000,-22000
="4534",0,12000,-12000
="4540",1000,0,1000
="4549",8000,1000,7000
="4551",12000,5000,7000
="4552",2000,0,2000
="4555",3000,0,3000
="4566",0,1000,-1000
="4571",0,3000,-3000
="4576",36000,38000,-2000
="4580",0,4000,-4000
="4714",1000,1000,0
="4721",3000,2000,1000
="4722",1000,0,1000
="4726",1000,0,1000
="4736",4000,2000,2000
="4739",9000,103000,-94000
="4743",8000,6000,2000
="4746",1000,4000,-3000
="4755",0,1000,-1000
="4760",17000,108000,-91000
="4766",5000,0,5000
="4904",0,2000,-2000
="4906",0,30000,-30000
="4909",4000,11000,-7000
="4912",31000,4000,27000
="4915",8000,22000,-14000
="4916",1,0,1
="4919",2000,101099,-99099
="4927",4000,23000,-19000
="4934",5000,0,5000
="4935",1000,0,1000
="4938",35850,143000,-107150
="4939",1,0,1
="4942",1000,4000,-3000
="4943",0,1000,-1000
="4952",1000,1000,0
="4958",45000,9495,35505
="4960",3008,499000,-495992
="4961",197245,198000,-755
="4966",3000,9000,-6000
="4967",336000,19000,317000
="4968",18000,31000,-13000
="4974",1000,2000,-1000
="4976",78000,117000,-39000
="4979",1000,2000,-1000
="5011",122000,2000,120000
="5014",22000,1270000,-1248000
="5203",21000,0,21000
="5211",2000,1181,819
="5212",2,0,2
="5215",0,2000,-2000
="5223",47000,42000,5000
="5227",0,10000,-10000
="5234",0,2000,-2000
="5243",27000,26000,1000
="5269",2044,13000,-10956
="5272",2000,0,2000
="5274",0,1000,-1000
="5285",0,2000,-2000
="5291",1000,2000,-1000
="5299",0,70,-70
="5306",0,1000,-1000
="5309",5000,18000,-13000
="5315",5000,0,5000
="5328",0,154000,-154000
="5345",1000,0,1000
="5347",15000,59000,-44000
="5351",14001,5000,9001
="5371",565001,127000,438001
="5383",21000,0,21000
="5386",0,4000,-4000
="5388",9457,0,9457
="5392",10000,0,10000
="5410",1,2000,-1999
="5425",2000,20000,-18000
="5438",1,0,1
="5439",99000,61000,38000
="5443",1000,5000,-4000
="5457",0,13000,-13000
="5468",0,2000,-2000
="5469",15000,3000,12000
="5471",216000,723000,-507000
="5474",1000,0,1000
="5478",1000,0,1000
="5483",31200,48000,-16800
="5484",0,3000,-3000
="5489",0,5000,-5000
="5512",1,0,1
="5521",0,10000,-10000
="5603",234000,17000,217000
="5608",14000,48000,-34000
="5704",0,1000,-1000
="5864",0,160000,-160000
="5871",2000,5000,-3000
="5871A",8020,8000,20
="5876",0,1000,-1000
="5880",22000,13000,9000
="5905",5000,0,5000
="6005",1000,6000,-5000
="6015",24000,7000,17000
="6016",1000,10000,-9000
="6023",0,49000,-49000
="6024",1000,0,1000
="6104",31000,43000,-12000
="6112",0,1000,-1000
="6116",888000,445000,443000
="6118",1000,0,1000
="6120",10114,2852,7262
="6121",1000,10000,-9000
="6125",41004,22000,19004
="6126",0,23000,-23000
="6127",5000,3000,2000
="6129",7000,16000,-9000
="6134",4000,10000,-6000
="6136",1000,0,1000
="6138",0,1000,-1000
="6141",1000,2000,-1000
="6142",4,0,4
="6143",3000,1000,2000
="6147",6000,69000,-63000
="6150",0,6000,-6000
="6151",5000,0,5000
="6152",1000,0,1000
="6153",55000,44000,11000
="6154",76,0,76
="6155",4000,4000,0
="6156",1,2000,-1999
="6164",415001,31000,384001
="6165",1,0,1
="6168",0,1010,-1010
="6169",1,0,1
="6173",3000,2000,1000
="6175",1000,1000,0
="6176",20000,1000,19000
="6177",1000,0,1000
="6182",346039,161000,185039
="6183",0,2,-2
="6186",1000,0,1000
="6187",67000,34000,33000
="6188",10000,2000,8000
="6191",112000,37000,75000
="6192",1000,1000,0
="6195",1000,0,1000
="6196",2000,3000,-1000
="6197",1000,0,1000
="6201",5000,3000,2000
="6202",17000,11000,6000
="6203",117000,189000,-72000
="6205",2000,0,2000
="6208",31000,280000,-249000
="6209",7000,9000,-2000
="6213",141000,386000,-245000
="6214",1000,0,1000
="6217",3000,0,3000
="6219",2000,0,2000
="6221",39000,39000,0
="6223",12019,69000,-56981
="6224",73000,106006,-33006
="6226",10000,0,10000
="6229",7000,0,7000
="6230",1000,10000,-9000
="6231",3000,1000,2000
="6233",21000,157000,-136000
="6234",0,2000,-2000
="6235",10000,0,10000
="6237",70003,89000,-18997
="6239",8000,10000,-2000
="6243",1002,0,1002
="6244",2,598,-596
="6245",12000,1000,11000
="6251",0,1000,-1000
="6257",54000,207000,-153000
="6265",4,0,4
="6266",0,5000,-5000
="6269",31005,350000,-318995
="6270",5000,0,5000
="6271",131000,85000,46000
="6274",4000,2000,2000
="6278",32000,393000,-361000
="6279",19000,27000,-8000
="6282",5000,2000,3000
="6283",98000,4000,94000
="6284",74000,118000,-44000
="6285",24000,22000,2000
="6288",0,10000,-10000
="6290",4900,0,4900
="6405",173000,108000,65000
="6409",2000,2000,0
="6411",1001,2000,-999
="6412",82000,47000,35000
="6414",2000,4000,-2000
="6417",2000,2000,0
="6425",23000,0,23000
="6426",10000,0,10000
="6432",5000,0,5000
="6438",15000,10000,5000
="6441",2000,1000,1000
="6443",8100,32302,-24202
="6446",0,1000,-1000
="6449",1,0,1
="6451",16000,5000,11000
="6456",22000,2000,20000
="6457",42000,0,42000
="6462",23000,6076,16924
="6472",1000,0,1000
="6477",0,7000,-7000
="6485",0,30000,-30000
="6486",2000,2000,0
="6488",30120,21000,9120
="6491",14000,19000,-5000
="6492",1100,3000,-1900
="6496",30,0,30
="6504",1000,3100,-2100
="6505",20000,2000,18000
="6509",0,25000,-25000
="6510",1000,0,1000
="6512",1000,1000,0
="6514",1000,0,1000
="6523",62000,27000,35000
="6525",350000,20000,330000
="6531",77000,107000,-30000
="6532",0,10000,-10000
="6533",46000,31110,14890
="6538",2000,1000,1000
="6547",5000,38000,-33000
="6548",16000,43000,-27000
="6552",3000,0,3000
="6581",0,18000,-18000
="6582",1000,0,1000
="6589",482000,17000,465000
="6591",0,33000,-33000
="6598",1000,1000,0
="6605",100,0,100
="6640",0,1000,-1000
="6642",0,6000,-6000
="6643",0,2000,-2000
="6667",1000,1000,0
="6668",0,1000,-1000
="6669",0,1000,-1000
="6670",12000,79000,-67000
="6672",10000,0,10000
="6679",1000,8000,-7000
="6683",7000,1000,6000
="6703",0,10000,-10000
="6706",1000,22000,-21000
="6712",2000,0,2000
="6715",1000,1000,0
="6716",109000,6000,103000
="6732",6,9000,-8994
="6733",0,4000,-4000
="6743",4000,23000,-19000
="6747",20000,1000,19000
="6756",1000,39000,-38000
="6762",4000,0,4000
="711479",80000,0,80000
="711701",0,30000,-30000
="712148",9000,0,9000
="712194",0,10000,-10000
="712199",9000,0,9000
="712262",25000,0,25000
="712326",1000,0,1000
="712370",50000,70000,-20000
="712605",20000,0,20000
="712612",0,110000,-110000
="712616",10000,0,10000
="712633",10000,0,10000
="712916",13000,10000,3000
="712979",131000,0,131000
="712980",0,13000,-13000
="712981",10000,89000,-79000
="713042",30000,0,30000
="713085",0,48000,-48000
="713182",29000,0,29000
="713184",26000,0,26000
="713226",3000,105000,-102000
="713241",2000,0,2000
="713321",0,499000,-499000
="713323",0,10000,-10000
="713326",70000,2000,68000
="713327",121000,0,121000
="713515",30000,43000,-13000
="713587",0,1000,-1000
="713649",3000,6000,-3000
="713651",28000,0,28000
="713675",345000,719000,-374000
="713938",0,50000,-50000
="713939",0,18000,-18000
="714033",17000,0,17000
="714034",100000,424000,-324000
="714155",40000,0,40000
="714156",0,107000,-107000
="714212",0,20000,-20000
="714213",20000,0,20000
="714236",20000,0,20000
="714237",40000,0,40000
="714239",0,20000,-20000
="714272",0,5000,-5000
="714366",0,484000,-484000
="714489",84000,808000,-724000
="714513",20000,136000,-116000
="714516",75000,105000,-30000
="714517",361000,0,361000
="714518",100000,45000,55000
="714619",5000,0,5000
="714620",0,163000,-163000
="714623",0,5000,-5000
="714685",20000,2000,18000
="714712",0,35000,-35000
="714714",0,50000,-50000
="714755",133000,0,133000
="714795",111000,140000,-29000
="714856",243000,10000,233000
="714858",0,151000,-151000
="714860",100000,0,100000
="714861",0,5000,-5000
="714889",154000,80000,74000
="714995",0,2000,-2000
="715011",0,100000,-100000
="715012",337000,0,337000
="715013",4000,0,4000
="715066",5000,420000,-415000
="715067",10000,0,10000
="715069",0,200000,-200000
="715070",28000,390000,-362000
="715071",0,6000,-6000
="715072",200000,303000,-103000
="715073",2000,17000,-15000
="715116",1000,0,1000
="715158",0,20000,-20000
="715159",41000,51000,-10000
="715161",30000,0,30000
="715163",0,33000,-33000
="715180",0,34000,-34000
="715181",0,42000,-42000
="715239",82000,7000,75000
="715240",0,50000,-50000
="715250",0,85000,-85000
="715286",10000,0,10000
="715287",187000,0,187000
="715288",0,26000,-26000
="715327",1000,329000,-328000
="715356",2000,12000,-10000
="715417",0,107000,-107000
="715519",273000,80000,193000
="715520",481000,125000,356000
="715548",0,58000,-58000
="715552",64000,1000,63000
="715553",0,10000,-10000
="715554",348000,80000,268000
="715555",382000,85000,297000
="715609",220000,0,220000
="715656",0,80000,-80000
="715657",232000,13000,219000
="715659",10000,0,10000
="715660",138000,0,138000
="715661",13000,175000,-162000
="715662",0,64000,-64000
="715693",2000,2000,0
="715743",61000,15000,46000
="715780",0,85000,-85000
="715813",162000,419000,-257000
="715815",66000,26000,40000
="715850",0,90000,-90000
="715901",30000,0,30000
="715935",447000,120000,327000
="715971",97000,844000,-747000
="715972",0,54000,-54000
="716032",186000,860000,-674000
="716033",0,30000,-30000
="716034",356000,335000,21000
="716036",173000,0,173000
="716037",11000,9000,2000
="716067",1000,3000,-2000
="716112",65000,9000,56000
="716137",0,289000,-289000
="716251",10000,0,10000
="716252",80000,80000,0
="716295",82000,72000,10000
="716296",119000,255000,-136000
="716297",273000,111000,162000
="716298",122000,10000,112000
="716299",25000,46000,-21000
="716300",0,5000,-5000
="716305",0,20000,-20000
="716362",0,600000,-600000
="716367",0,5000,-5000
="716368",0,91000,-91000
="716369",0,156000,-156000
="716370",291000,522000,-231000
="716382",25000,0,25000
="716384",0,40000,-40000
="716432",0,34000,-34000
="716433",7000,158000,-151000
="716507",102000,203000,-101000
="716593",7000,247000,-240000
="716594",369000,269000,100000
="716595",71000,138000,-67000
="716596",150000,187000,-37000
="716643",67000,0,67000
="716677",98000,0,98000
="716748",0,10000,-10000
="716760",0,4000,-4000
="716816",29000,10000,19000
="716837",98000,309000,-211000
="716838",0,15000,-15000
="716879",14000,0,14000
="716905",0,166000,-166000
="716907",62000,90000,-28000
="716908",244000,188000,56000
="716953",0,154000,-154000
="716954",10000,79000,-69000
="716955",6000,237000,-231000
="716956",55000,88000,-33000
="716957",43000,0,43000
="716958",460000,617000,-157000
="716997",60000,123000,-63000
="716998",209000,141000,68000
="717000",135000,129000,6000
="717007",5000,0,5000
="717024",0,321000,-321000
="717086",213000,121000,92000
="717088",47000,15000,32000
="717101",30000,11000,19000
="717102",57000,984000,-927000
="717103",231000,156000,75000
="717139",0,75000,-75000
="717145",95000,0,95000
="717174",0,4000,-4000
="717192",10000,0,10000
="717203",0,8000,-8000
="717204",40000,18000,22000
="717205",116000,0,116000
="717206",40000,0,40000
="717208",0,5000,-5000
="717209",1000,0,1000
="717210",9000,20000,-11000
="717306",0,8000,-8000
="717310",0,10000,-10000
="717311",0,49000,-49000
="717352",22000,0,22000
="717353",693000,89000,604000
="717354",0,100000,-100000
="717355",0,100000,-100000
="717356",0,111000,-111000
="717358",0,116000,-116000
="717359",232000,272000,-40000
="717361",0,90000,-90000
="717362",184000,0,184000
="717363",138000,275000,-137000
="717364",4000,98000,-94000
="717459",0,12000,-12000
="717460",5000,148000,-143000
="717461",590000,151000,439000
="717462",100000,0,100000
="717463",0,300000,-300000
="717464",296000,82000,214000
="717466",3000,0,3000
="717467",0,150000,-150000
="717468",54000,494000,-440000
="717469",70000,235000,-165000
="717500",10000,0,10000
="717506",3000,0,3000
="717509",0,31000,-31000
="717513",5000,0,5000
="717514",1211000,1537000,-326000
="717516",0,130000,-130000
="717519",1000,789000,-788000
="717520",160000,778000,-618000
="717521",0,97000,-97000
="717522",0,53000,-53000
="717523",543000,206000,337000
="717524",858000,778000,80000
="717525",45000,60000,-15000
="717526",25000,0,25000
="717566",112000,25000,87000
="717569",130000,306000,-176000
="717570",90000,25000,65000
="717601",115000,10000,105000
="717602",0,10000,-10000
="717603",78000,73000,5000
="717604",279000,84000,195000
="717607",70000,0,70000
="717608",8000,5000,3000
="717609",196000,329000,-133000
="717635",404000,178000,226000
="717636",13000,26000,-13000
="717637",0,300000,-300000
="717638",215000,0,215000
="717639",736000,696000,40000
="717640",393000,662000,-269000
="717641",9000,140000,-131000
="717683",290000,20000,270000
="717684",843000,111000,732000
="717685",309000,253000,56000
="717686",0,79000,-79000
="717687",1000,0,1000
="717688",0,2000,-2000
="717689",269000,228000,41000
="717690",109000,9000,100000
="717734",0,10000,-10000
="717735",0,116000,-116000
="717736",105000,185000,-80000
="717737",30000,0,30000
="717738",155000,230000,-75000
="717740",10000,10000,0
="717741",181000,121000,60000
="717742",780000,650000,130000
="717773",58000,193000,-135000
="717774",209000,498000,-289000
="717775",37000,158000,-121000
="717776",65000,0,65000
="717777",62000,0,62000
="717778",0,110000,-110000
="717779",105000,22000,83000
="717780",0,26000,-26000
="717784",150000,0,150000
="717786",50000,0,50000
="717815",52000,473000,-421000
="717816",332000,560000,-228000
="717817",5000,306000,-301000
="717818",59000,366000,-307000
="717819",0,100000,-100000
="717820",49000,30000,19000
="717858",0,12000,-12000
="717860",195000,137000,58000
="717861",276000,0,276000
="717918",0,40000,-40000
="717920",35000,0,35000
="717950",15000,249000,-234000
="717951",7000,60000,-53000
="717953",103000,27000,76000
="717957",91000,202000,-111000
="717958",125000,0,125000
="717959",141000,6000,135000
="717962",44000,638000,-594000
="717963",30000,2000,28000
="718039",249000,110000,139000
="718040",10000,305000,-295000
="718041",163000,450000,-287000
="718042",65000,10000,55000
="718043",0,1000,-1000
="718044",4000,0,4000
="718046",300000,0,300000
="718047",48000,0,48000
="718093",94000,670000,-576000
="718094",253000,235000,18000
="718096",114000,172000,-58000
="718099",0,22000,-22000
="718100",80000,130000,-50000
="718101",6000,10000,-4000
="718102",0,5000,-5000
="718104",2000,0,2000
="718175",176000,227000,-51000
="718179",30000,0,30000
="718180",0,143000,-143000
="718202",40000,0,40000
="718218",103000,0,103000
="718219",0,20000,-20000
="718220",10000,10000,0
="718221",0,10000,-10000
="718223",10000,150000,-140000
="718225",110000,90000,20000
="718263",10000,10000,0
="718264",0,86000,-86000
="718265",199000,100000,99000
="718266",0,30000,-30000
="718282",50000,0,50000
="718308",0,20000,-20000
="718310",221000,586000,-365000
="718359",153000,417000,-264000
="718360",491000,450000,41000
="718361",184000,155000,29000
="718362",206000,516000,-310000
="718363",32000,71000,-39000
="718407",0,152000,-152000
="718461",117000,156000,-39000
="718462",0,50000,-50000
="718463",1000,30000,-29000
="718464",6000,0,6000
="718465",117000,90000,27000
="718466",0,5000,-5000
="718469",0,20000,-20000
="718490",31000,139000,-108000
="718491",0,22000,-22000
="718492",0,96000,-96000
="718493",12000,5000,7000
="718494",2000,65000,-63000
="718516",0,9000,-9000
="718517",0,50000,-50000
="73604P",6000,1000,5000
="73653P",0,188000,-188000
="73655P",2000,4000,-2000
="73686P",5000,0,5000
="73692P",0,50000,-50000
="73693P",1000,0,1000
="73717P",26000,23000,3000
="73729P",10000,0,10000
="73731P",2000,4000,-2000
="73754P",10000,0,10000
="73755P",0,3000,-3000
="73762P",2000,0,2000
="73764P",6000,31000,-25000
="73774P",30000,10000,20000
="73799P",70000,209000,-139000
="73803P",0,162000,-162000
="73804P",4000,0,4000
="73805P",80000,355000,-275000
="73833P",0,2000,-2000
="73838P",2000,0,2000
="73839P",7000,0,7000
="7556",9000,3000,6000
="8011",1002,7000,-5998
="8016",16000,65000,-49000
="8021",0,1000,-1000
="8024",25000,35000,-10000
="8027",3000,1000,2000
="8028",0,1000,-1000
="8033",241163,0,241163
="8034",104000,0,104000
="8040",3000,0,3000
="8043",0,3000,-3000
="8044",1000,1000,0
="8046",73000,284000,-211000
="8048",33,10000,-9967
="8054",27000,57000,-30000
="8069",530000,115150,414850
="8070",15000,601018,-586018
="8076",0,4000,-4000
="8080",1,0,1
="8081",7000,6000,1000
="8084",0,8000,-8000
="8085",3000,0,3000
="8086",56001,77000,-20999
="8087",0,2000,-2000
="8088",0,20000,-20000
="8089",0,64,-64
="8093",44000,0,44000
="8096",2,3000,-2998
="8097",80000,0,80000
="8103",45000,25000,20000
="8105",5000,8000,-3000
="8107",0,3000,-3000
="8110",5000,5000,0
="8112",5000,2000,3000
="8150",67000,55000,12000
="8155",0,5000,-5000
="8163",1002,1000,2
="8183",22002,8000,14002
="8215",80002,124000,-43998
="8222",1119,1000,119
="8234",20000,0,20000
="8240",7000,0,7000
="8255",2001,2000,1
="8261",51,6000,-5949
="8271",17000,1000,16000
="8277",3,0,3
="8299",19000,23000,-4000
="8358",441001,858000,-416999
="8383",27001,8000,19001
="8390",0,51000,-51000
="8403",2000,600,1400
="8404",7000,20000,-13000
="8406",1000,1000,0
="8426",1000,0,1000
="8431",0,1000,-1000
="8436",2000,1000,1000
="8464",11000,1000,10000
="8478",1000,0,1000
="8499",5000,0,5000
="8924",29000,19000,10000
="8926",0,30000,-30000
="8929",1000,1000,0
="8936",0,4801,-4801
="8938",32000,1000,31000
="8942",0,1000,-1000
="8996",1,6000,-5999
="9103",45000,7000,38000
="9105",3842000,15000,3827000
="911616",1000,0,1000
="912000",30000,30000,0
="9802",20000,0,20000
="9902",50,0,50
="9904",38000,13000,25000
="9907",0,3000,-3000
="9911",0,1000,-1000
="9912",1,0,1
="9914",70001,70000,1
="9917",15001,0,15001
="9919",75000,0,75000
="9921",1000,0,1000
="9924",2000,0,2000
="9926",0,300,-300
="9933",1000,0,1000
="9935",2000,0,2000
="9938",86000,62000,24000
="9939",0,1000,-1000
="9941",1000,0,1000
="9942",62000,0,62000
="9945",54000,40000,14000
="9949",1000,1000,0
="9958",51000,57000,-6000
