="0050",3250,27010,-23760,-3168710
="0052",3000,0,3000,372599
="0056",120010,2052000,-1931990,-59150611
="0061",10000,10000,0,1178
="006205",80000,0,80000,3313908
="006208",210000,210000,0,0
="00631L",1000,3000,-2000,-208400
="00632R",273000,205000,68000,450790
="00633L",814000,10000,804000,66166792
="00637L",1770000,3739000,-1969000,-62779430
="00638R",91000,5000,86000,632110
="00642U",936000,176000,760000,6949193
="00645",1000,0,1000,24399
="00646",0,10000,-10000,-324300
="00648R",30000,0,30000,247199
="00650L",0,10000,-10000,-296499
="00653L",2000,0,2000,70599
="00664R",100000,0,100000,740000
="00669R",41000,0,41000,371769
="00671R",0,60000,-60000,-386018
="00673R",0,29000,-29000,-639357
="00674R",30000,0,30000,387600
="00677U",215000,125000,90000,372939
="00679B",0,107000,-107000,-4615335
="00680L",0,4000,-4000,-106218
="00682U",0,48000,-48000,-861948
="00683L",6000,342000,-336000,-5534097
="00687B",50000,50000,0,0
="00688L",50000,50000,0,0
="00689R",50000,50000,0,0
="00692",30,3000,-2970,-97749
="00693U",0,4000,-4000,-87839
="00694B",50000,50000,0,0
="00695B",50000,53000,-3000,-115069
="00696B",100000,100000,0,0
="00697B",50000,50000,0,0
="00701",0,3000,-3000,-66340
="00708L",2000,0,2000,58079
="00712",7000,0,7000,87880
="00713",62000,0,62000,2189734
="00714",100000,100000,0,0
="00715L",26000,27000,-1000,-4760
="00717",10000,2000,8000,132730
="00718B",157000,100000,57000,1126080
="00719B",50000,50000,0,0
="00720B",50000,68000,-18000,-808269
="00721B",50000,50000,0,0
="00722B",122000,61000,61000,2887248
="00723B",68000,51000,17000,753870
="00724B",94000,59000,35000,1529169
="00728",3000,3000,0,270
="00733",100000,100000,0,0
="00737",200,0,200,6419
="00738U",0,2000,-2000,-53399
="00740B",0,3000,-3000,-144419
="00746B",0,40000,-40000,-1828399
="00751B",50000,68000,-18000,-830808
="00754B",50000,52000,-2000,-94400
="00755B",51000,53000,-2000,-90339
="00756B",50000,53000,-3000,-139570
="00757",5000,0,5000,222600
="00762",7000,0,7000,247030
="00764B",50000,51000,-1000,-45299
="00765B",50000,50000,0,0
="00772B",70000,73000,-3000,-138270
="00773B",70000,70000,0,0
="00787B",2000,0,2000,87599
="00788B",0,18000,-18000,-762769
="00795B",70000,70000,0,0
="00796B",70000,70000,0,0
="00847B",133000,70000,63000,2311745
="00848B",70000,70000,0,0
="00849B",70000,170000,-100000,-3706999
="00850",2000,0,2000,63329
="00861",448000,55000,393000,10828914
="00862B",70000,70000,0,0
="00863B",70000,70000,0,0
="00864B",70000,70000,0,0
="00868B",50000,50000,0,0
="00869B",50000,50000,0,0
="00870B",50000,50000,0,0
="00871B",50000,50000,0,0
="00875",0,100000,-100000,-3104248
="00876",969000,0,969000,27564584
="00877",0,8000,-8000,-115428
="00878",185000,2000,183000,3071592
="00881",1327213,1877000,-549787,-9186659
="020003",1000,15000,-14000,-202451
="020011",22000,17000,5000,26848
="020016",5000,1000,4000,68990
="020018",110000,48000,62000,765516
="020019",177000,336000,-159000,-2128674
="020021",195000,819000,-624000,-6764587
="020022",27000,700000,-673000,-3617881
="03244P",0,2000,-2000,-39
="03396P",62000,2000,60000,5400
="03622P",0,1497000,-1497000,-59879
="03859P",50000,0,50000,2999
="03990P",0,2000,-2000,-159
="04031P",50000,0,50000,5499
="04120P",0,5000,-5000,-399
="04126P",22000,10000,12000,15419
="04305P",0,948000,-948000,-75839
="04317P",0,55000,-55000,-11048
="04372P",0,100000,-100000,-60500
="04513P",80000,90000,-10000,-7099
="04518P",0,80000,-80000,-28800
="04594P",141000,0,141000,100477
="04638P",0,20000,-20000,-16399
="04686P",0,100000,-100000,-148500
="04728P",226000,0,226000,27119
="04729P",41000,0,41000,40869
="04826P",0,3000,-3000,-3809
="04827P",0,10000,-10000,-5000
="04828P",0,10000,-10000,-2000
="04859P",6000,12000,-6000,-2460
="04860P",0,123000,-123000,-51628
="04908P",0,36000,-36000,-12960
="04951P",5000,0,5000,4050
="04985P",50000,55000,-5000,-3300
="04991P",498000,0,498000,249000
="04995P",400000,0,400000,288000
="05006P",1000,103000,-102000,-81939
="05070P",30000,0,30000,23599
="05104P",21000,0,21000,12389
="05128P",82000,14000,68000,68300
="05132P",150000,0,150000,112500
="05143P",14000,0,14000,12880
="05144P",0,559000,-559000,-340390
="05160P",100000,0,100000,115999
="05161P",49000,0,49000,51378
="05162P",39000,0,39000,40949
="05237P",94000,50000,44000,47440
="05297P",17000,10000,7000,6800
="05299P",11000,6000,5000,6231
="05300P",64000,0,64000,72338
="05342P",1000,4000,-3000,-3439
="05399P",50000,0,50000,57999
="05422P",278000,43000,235000,101937
="05481P",50000,0,50000,52999
="05482P",31000,3000,28000,20781
="05500P",72000,0,72000,79549
="05533P",5000,0,5000,5149
="05570P",20000,0,20000,26800
="05594P",86000,0,86000,76898
="05595P",10000,358000,-348000,-363979
="05632P",35000,13000,22000,24090
="05697P",925000,526000,399000,426402
="05698P",65000,17000,48000,44370
="05699P",80000,35000,45000,62449
="05706P",120000,159000,-39000,-66689
="05707P",15000,3000,12000,23821
="05749P",0,62000,-62000,-29139
="05750P",105000,70000,35000,33800
="05776P",45000,44000,1000,5611
="05777P",0,36000,-36000,-32157
="061289",100000,0,100000,34000
="061290",10000,0,10000,900
="061292",0,3000,-3000,-1209
="062122",3000,249000,-246000,-358359
="062680",16000,0,16000,13459
="062684",3000,0,3000,2970
="063057",352000,295000,57000,56068
="063201",20000,105000,-85000,-101349
="063207",15000,0,15000,3599
="063337",3000,0,3000,8010
="063347",25000,10000,15000,17549
="063348",0,11000,-11000,-20130
="063436",83000,0,83000,94559
="063444",231000,24000,207000,192330
="063450",20000,0,20000,29200
="063452",2000,8000,-6000,-14178
="063491",0,4000,-4000,-5920
="063662",1000,0,1000,1269
="063788",0,3000,-3000,-1020
="063926",10000,0,10000,13400
="063927",10000,0,10000,5400
="064057",109000,130000,-21000,-4281
="064137",92000,20000,72000,19240
="064148",3000,0,3000,6149
="064162",50000,0,50000,37000
="064453",550000,578000,-28000,-6283
="064459",30000,0,30000,120599
="064710",5000,0,5000,3249
="064713",121000,85000,36000,20821
="064714",12000,0,12000,6839
="064718",2000,0,2000,9099
="064719",9000,0,9000,56349
="064821",0,1000,-1000,-8949
="064827",15000,27000,-12000,-27970
="064831",178000,0,178000,25820
="064843",53000,0,53000,16369
="064911",5000,0,5000,1899
="064915",1000,0,1000,259
="064917",4000,22000,-18000,-20060
="064918",20000,0,20000,4000
="064919",54000,0,54000,24679
="064921",5000,0,5000,5238
="064925",5000,200000,-195000,-73690
="064926",60000,0,60000,4200
="064928",20000,20000,0,-151
="065183",200000,0,200000,18000
="065185",0,10000,-10000,-4000
="065187",0,3000,-3000,-16750
="065297",61000,0,61000,49999
="065345",0,49000,-49000,-2450
="065353",0,3000,-3000,-1380
="065451",0,20000,-20000,-4399
="065531",0,1000,-1000,-11600
="065532",0,20000,-20000,-3199
="065539",0,98000,-98000,-7349
="065541",20000,0,20000,3400
="065653",50000,0,50000,27000
="065678",5000,0,5000,27500
="065679",80000,58000,22000,200002
="065683",110000,25000,85000,58598
="065685",111000,11000,100000,49378
="065686",0,120000,-120000,-32199
="065889",0,30000,-30000,-53899
="065890",0,6000,-6000,-78598
="065892",11000,2000,9000,20019
="065895",35000,0,35000,10149
="065945",30000,0,30000,80099
="065946",1000,0,1000,2710
="065950",20000,216000,-196000,-141660
="065952",11000,0,11000,30388
="065953",5000,0,5000,799
="066005",11000,0,11000,41829
="066009",94000,0,94000,242429
="066010",0,5000,-5000,-500
="066198",11000,24000,-13000,-22112
="066199",10000,0,10000,27200
="066203",149000,40000,109000,84935
="066205",120000,12000,108000,79392
="066214",0,15000,-15000,-5000
="066217",151000,20000,131000,89097
="066218",44000,43000,1000,-669
="066422",0,30000,-30000,-23399
="066456",137000,28000,109000,53084
="066458",8000,0,8000,6159
="066460",241000,101000,140000,63069
="066471",80000,13000,67000,26560
="066524",0,49000,-49000,-83632
="066525",32000,10000,22000,28609
="066526",1045000,2400000,-1355000,-1410810
="066529",318000,51000,267000,122270
="067143",71000,0,71000,276900
="067149",35000,100000,-65000,-70052
="067150",640000,133000,507000,1002756
="067151",60000,101000,-41000,-59871
="067153",1000,0,1000,90
="067156",10000,0,10000,2399
="067157",0,33000,-33000,-3629
="067276",54000,100000,-46000,-27121
="067278",336000,0,336000,182660
="067279",30000,0,30000,16200
="067368",605000,140000,465000,199329
="067369",45000,0,45000,33448
="067370",5000,0,5000,4749
="067371",20000,4000,16000,34758
="067372",227000,0,227000,386584
="067373",166000,15000,151000,319959
="067383",0,20000,-20000,-7200
="067385",9000,0,9000,1979
="067501",30000,300000,-270000,-87899
="067503",0,80000,-80000,-29098
="067505",20000,44000,-24000,-9249
="067508",5000,2000,3000,5671
="067510",70000,189000,-119000,-64071
="067514",50000,0,50000,23999
="067515",96000,2000,94000,18578
="067516",0,50000,-50000,-16500
="067641",4000,0,4000,15039
="067645",0,50000,-50000,-9000
="067768",0,11000,-11000,-21560
="067769",100000,0,100000,279999
="067770",0,2000,-2000,-13899
="067774",75000,55000,20000,5700
="067775",25000,0,25000,2500
="067832",0,21000,-21000,-36749
="067834",1000,7000,-6000,-58749
="067835",512000,679000,-167000,-28372
="067836",0,22000,-22000,-59398
="068045",50000,33000,17000,20400
="068046",300000,0,300000,2054999
="068048",100000,0,100000,18999
="068052",0,20000,-20000,-599
="068057",0,10000,-10000,-6399
="068128",6000,2000,4000,15870
="068129",149000,600000,-451000,-280969
="068131",60000,0,60000,110797
="068217",5000,0,5000,12200
="068219",20000,11000,9000,16991
="068220",610000,530000,80000,106043
="068221",34000,407000,-373000,-578827
="068223",1000,0,1000,500
="068224",449000,27000,422000,127171
="068382",10000,0,10000,18799
="068383",19000,11000,8000,19889
="068386",14000,2000,12000,40259
="068387",4000,43000,-39000,-178598
="068388",0,40000,-40000,-22699
="068390",370000,41000,329000,434689
="068391",0,331000,-331000,-33109
="068392",10000,0,10000,19538
="068393",20000,0,20000,799
="068396",0,69000,-69000,-316806
="068397",0,201000,-201000,-209039
="068511",330000,329000,1000,8899
="068512",0,96000,-96000,-98239
="068513",100000,0,100000,99000
="068514",32000,90000,-58000,-45871
="068515",22000,40000,-18000,-33301
="068516",205000,186000,19000,4082
="068519",32000,0,32000,73497
="068521",55000,0,55000,25348
="068592",4000,14000,-10000,-23749
="068594",5000,19000,-14000,-43569
="068595",0,6000,-6000,-18688
="068659",80000,0,80000,88800
="068665",8000,0,8000,39809
="068669",70000,70000,0,350
="068670",1464000,2173000,-709000,-751082
="068671",0,21000,-21000,-64197
="068672",86000,31000,55000,20100
="068673",42000,0,42000,63839
="068674",66000,775000,-709000,-595590
="068764",13000,0,13000,52739
="068766",0,1000,-1000,-1799
="068767",2000,29000,-27000,-92130
="068768",0,2000,-2000,-7019
="068769",192000,556000,-364000,-118190
="068842",4000,0,4000,15099
="068843",5000,0,5000,20999
="068844",2000,0,2000,5960
="068845",30000,0,30000,74100
="068847",0,1000,-1000,-3119
="068848",0,36000,-36000,-71698
="068849",20000,0,20000,20399
="068851",20000,0,20000,8600
="068852",272000,6000,266000,90381
="068853",370000,0,370000,669699
="068854",0,120000,-120000,-9799
="068882",3000,1000,2000,4260
="068884",0,5000,-5000,-500
="068888",25000,10000,15000,6000
="068939",0,10000,-10000,-90000
="069031",410000,15000,395000,576302
="069035",20000,0,20000,4199
="069036",8000,0,8000,720
="069038",0,100000,-100000,-18000
="069040",110000,0,110000,132757
="069051",0,5000,-5000,-5099
="069094",659000,259000,400000,302290
="069095",297000,140000,157000,190548
="069097",4000,260000,-256000,-138180
="069098",6000,0,6000,7079
="069099",15000,318000,-303000,-375670
="069102",6000,0,6000,179
="069104",0,5000,-5000,-15800
="069106",5000,11000,-6000,-10988
="069190",174000,82000,92000,100239
="069191",2000,454000,-452000,-178750
="069192",1000,216000,-215000,-74648
="069193",902000,1516000,-614000,-274287
="069397",215000,17000,198000,221968
="069401",0,10000,-10000,-41900
="069402",23000,0,23000,69878
="069404",5000,0,5000,750
="069407",23000,125000,-102000,-442325
="069409",65000,60000,5000,-2900
="069412",110000,438000,-328000,-150999
="069414",2907000,4203000,-1296000,-788529
="069415",0,10000,-10000,-6000
="069416",183000,133000,50000,24849
="069420",0,301000,-301000,-52170
="069446",21000,0,21000,24149
="069448",51000,0,51000,41509
="069449",353000,949000,-596000,-124189
="069612",34000,29000,5000,14519
="069614",14000,0,14000,44240
="069616",50000,0,50000,332500
="069618",14000,0,14000,6260
="069619",50000,121000,-71000,-116950
="069622",129000,0,129000,210735
="069623",0,140000,-140000,-21000
="069691",915000,376000,539000,736451
="069693",85000,57000,28000,38580
="069823",100000,0,100000,56499
="069927",0,20000,-20000,-8999
="069929",10000,0,10000,16799
="069930",7000,308000,-301000,-319499
="069933",176000,359000,-183000,-153040
="069936",7000,0,7000,18059
="069937",0,55000,-55000,-144099
="070133",253000,135000,118000,84750
="070135",189000,136000,53000,28521
="070136",278000,39000,239000,210819
="070138",8000,22000,-14000,-8418
="070141",137000,293000,-156000,-73147
="070146",8000,0,8000,10560
="070147",58000,131000,-73000,-93789
="070148",5000,83000,-78000,-18339
="070245",85000,56000,29000,25730
="070250",5000,87000,-82000,-91141
="070251",10000,5000,5000,101
="070252",360000,164000,196000,210549
="070253",6000,0,6000,300
="070255",124000,595000,-471000,-64980
="070258",150000,10000,140000,32999
="070372",1000,0,1000,1799
="070376",54000,5000,49000,33620
="070430",20000,10000,10000,6800
="070431",5000,0,5000,4310
="070432",0,20000,-20000,-5000
="070444",17000,10000,7000,1400
="070445",142000,120000,22000,13059
="070531",60000,0,60000,20799
="070533",4000,0,4000,759
="070536",23000,5000,18000,20310
="070539",1000,0,1000,670
="070541",8000,0,8000,13920
="070606",97000,504000,-407000,-190971
="070608",193000,3000,190000,133417
="070735",20000,0,20000,10800
="070800",20000,0,20000,36600
="070857",10000,50000,-40000,-28699
="070860",1757000,797000,960000,196791
="070861",10000,0,10000,4499
="070862",200000,52000,148000,32951
="070864",578000,65000,513000,269756
="070865",145000,0,145000,108509
="070866",0,2000,-2000,-6579
="070867",56000,0,56000,14559
="070914",1000,0,1000,2960
="071124",0,14000,-14000,-7979
="071125",0,11000,-11000,-57199
="071126",8000,3000,5000,15320
="071127",2000,0,2000,6039
="071129",0,45000,-45000,-71399
="071130",0,10000,-10000,-25899
="071131",0,4000,-4000,-1120
="071206",15000,23000,-8000,-170296
="071209",0,10000,-10000,-52500
="071214",5000,0,5000,11000
="071215",1000,30000,-29000,-64720
="071218",5000,60000,-55000,-26800
="071220",111000,333000,-222000,-40479
="071221",0,45000,-45000,-55800
="071222",0,3000,-3000,-3089
="071223",5000,20000,-15000,-15249
="071224",0,35000,-35000,-47499
="071226",14000,0,14000,14139
="071320",10000,0,10000,51500
="071321",119000,27000,92000,61490
="071323",8000,0,8000,13760
="071326",10000,0,10000,11799
="071331",0,31000,-31000,-12099
="071334",147000,355000,-208000,-223549
="071335",3000,0,3000,5610
="071388",150000,0,150000,464295
="071438",30000,0,30000,87500
="071444",0,200000,-200000,-67000
="071446",66000,251000,-185000,-181857
="071447",0,55000,-55000,-22000
="071448",133000,349000,-216000,-598705
="071457",0,85000,-85000,-232747
="071541",0,100000,-100000,-50000
="071569",0,3000,-3000,-2699
="071571",0,250000,-250000,-104999
="071572",78000,88000,-10000,-9261
="071706",2000,0,2000,12000
="071707",0,1000,-1000,-389
="071708",5000,0,5000,4000
="071710",40000,119000,-79000,-52220
="071750",10000,0,10000,500
="071845",80000,80000,0,0
="071846",0,10000,-10000,-21500
="071887",46000,22000,24000,67880
="071890",6000,0,6000,15900
="071999",0,15000,-15000,-46899
="072046",30000,0,30000,127858
="072047",10000,10000,0,2300
="072049",19000,140000,-121000,-60398
="072050",21000,0,21000,30870
="072051",535000,195000,340000,227826
="072112",0,1000,-1000,-13000
="072122",93000,75000,18000,15335
="072123",50000,21000,29000,21249
="072124",0,24000,-24000,-13679
="072306",0,175000,-175000,-155598
="072307",5000,0,5000,5350
="072308",0,10000,-10000,-2099
="072309",20000,0,20000,8000
="072310",40000,123000,-83000,-21580
="072312",40000,0,40000,10000
="072313",117000,1079000,-962000,-893947
="072314",0,10000,-10000,-2800
="072403",41000,106000,-65000,-294296
="072404",0,54000,-54000,-104187
="072406",32000,0,32000,39680
="072409",35000,14000,21000,26052
="072410",113000,5000,108000,96569
="072411",0,4000,-4000,-3480
="072412",67000,362000,-295000,-274078
="072462",10000,20000,-10000,-17050
="072556",2000,0,2000,2980
="072557",0,358000,-358000,-547716
="072559",0,236000,-236000,-323799
="072561",0,30000,-30000,-30398
="072562",47000,70000,-23000,-24429
="072566",0,46000,-46000,-32739
="072568",0,29000,-29000,-39180
="072625",0,100000,-100000,-18000
="072628",2000,10000,-8000,-37220
="072633",3000,50000,-47000,-80900
="072634",31000,399000,-368000,-481197
="072638",369000,376000,-7000,-24952
="072710",150000,0,150000,646499
="072712",9000,13000,-4000,-13839
="072808",8000,1000,7000,22341
="072812",5000,11000,-6000,-13240
="072813",91000,0,91000,165189
="072964",400000,162000,238000,243520
="072965",1000,0,1000,2099
="072968",75000,457000,-382000,-549398
="072969",0,10000,-10000,-42699
="072971",8000,63000,-55000,-186268
="072973",1000,5000,-4000,-5911
="073027",58000,342000,-284000,-328369
="073031",295000,2000,293000,87900
="073032",0,292000,-292000,-183258
="073035",25000,108000,-83000,-120440
="073036",0,157000,-157000,-124430
="073037",973000,400000,573000,262280
="073038",23000,467000,-444000,-521259
="073039",10000,10000,0,51
="073040",30000,40000,-10000,-12500
="073094",0,12000,-12000,-59159
="073095",1000,11000,-10000,-29270
="073097",60000,30000,30000,18599
="073100",0,10000,-10000,-7200
="073102",4000,10000,-6000,-4700
="073103",20000,0,20000,13600
="073104",0,109000,-109000,-104679
="073105",30000,39000,-9000,-7828
="073106",0,106000,-106000,-74108
="073377",0,10000,-10000,-8299
="073383",26000,4000,22000,47869
="073388",0,61000,-61000,-55078
="073390",50000,157000,-107000,-125008
="073487",0,247000,-247000,-212420
="073488",0,25000,-25000,-14499
="073489",10000,10000,0,-100
="073491",0,2000,-2000,-1639
="073492",20000,0,20000,63877
="073495",0,115000,-115000,-70150
="073502",57000,318000,-261000,-96729
="073503",30000,362000,-332000,-203818
="073504",1000,0,1000,379
="073577",7000,0,7000,24199
="073615",150000,50000,100000,276000
="073616",4000,48000,-44000,-152100
="073619",300000,0,300000,54000
="073620",0,10000,-10000,-1800
="073737",0,11000,-11000,-28269
="073741",37000,20000,17000,38776
="073743",29000,0,29000,73697
="073744",10000,5000,5000,4250
="073745",0,13000,-13000,-24699
="073747",9000,70000,-61000,-39091
="073748",10000,12000,-2000,-5778
="073808",30000,50000,-20000,-32998
="073809",0,10000,-10000,-4600
="073810",10000,2000,8000,16380
="073811",20000,11000,9000,11320
="073812",41000,42000,-1000,-4001
="073813",14000,23000,-9000,-11151
="073979",99000,0,99000,419759
="073982",20000,5000,15000,17700
="073984",4000,10000,-6000,-11390
="073985",0,40000,-40000,-124098
="074065",96000,5000,91000,126548
="074066",0,20000,-20000,-24800
="074067",22000,1000,21000,44918
="074068",69000,33000,36000,64447
="074069",4000,48000,-44000,-36798
="074165",0,5000,-5000,-4399
="074167",66000,6000,60000,156568
="074168",11000,220000,-209000,-208449
="074170",21000,2000,19000,19919
="074171",128000,39000,89000,57320
="074255",0,106000,-106000,-79500
="074257",0,78000,-78000,-74879
="074343",0,10000,-10000,-19500
="074344",17000,20000,-3000,-10121
="074347",271000,297000,-26000,-58102
="074348",10000,0,10000,70000
="074349",59000,119000,-60000,-107722
="074350",217000,73000,144000,196108
="074351",43000,45000,-2000,-3018
="074352",0,100000,-100000,-34000
="074353",210000,49000,161000,343780
="074354",85000,84000,1000,-13678
="074444",15000,0,15000,49649
="074447",0,20000,-20000,-28699
="074448",218000,166000,52000,25408
="074449",13000,10000,3000,7060
="074450",299000,121000,178000,147449
="074451",0,64000,-64000,-122958
="074453",0,234000,-234000,-272779
="074454",15000,5000,10000,14800
="074455",50000,10000,40000,22699
="074491",10000,0,10000,25999
="074495",0,14000,-14000,-13720
="074498",100000,20000,80000,50599
="074499",28000,50000,-22000,-5140
="074679",29000,0,29000,141559
="074680",17000,0,17000,40159
="074684",3000,20000,-17000,-79809
="074685",61000,76000,-15000,-68531
="074686",10000,53000,-43000,-207717
="074687",20000,291000,-271000,-446248
="074690",46000,1000,45000,147089
="074758",0,3000,-3000,-11198
="074783",1000,0,1000,2430
="074784",0,10000,-10000,-38699
="074786",0,7000,-7000,-14209
="074787",0,8000,-8000,-14159
="074788",4000,40000,-36000,-147699
="074790",2000,257000,-255000,-471278
="074791",20000,1000,19000,26210
="074793",0,12000,-12000,-19459
="074794",71000,228000,-157000,-457241
="074795",0,90000,-90000,-211398
="074796",686000,76000,610000,1627021
="074800",13000,18000,-5000,-15909
="074801",1377000,7000,1370000,2513248
="074802",0,87000,-87000,-155698
="074803",0,7000,-7000,-13448
="074804",0,27000,-27000,-40799
="074806",1000,40000,-39000,-90408
="074807",242000,649000,-407000,-874824
="074810",21000,0,21000,31420
="074811",0,10000,-10000,-12799
="074812",0,72000,-72000,-73398
="074813",10000,0,10000,16599
="074814",0,40000,-40000,-109000
="074818",0,2000,-2000,-4178
="074819",45000,50000,-5000,-6898
="074860",0,10000,-10000,-16000
="074867",2000,0,2000,1980
="074895",0,61000,-61000,-242838
="074896",3000,0,3000,4949
="074897",0,3000,-3000,-8309
="074899",1000,69000,-68000,-99679
="074900",11000,48000,-37000,-91229
="074901",0,46000,-46000,-122588
="074902",0,21000,-21000,-15109
="074903",1000,245000,-244000,-232009
="074904",20000,0,20000,44600
="074905",10000,4000,6000,11419
="074906",101000,0,101000,38348
="074908",1000,29000,-28000,-40619
="075051",102000,149000,-47000,-98157
="075052",67000,0,67000,256968
="075054",109000,87000,22000,44170
="075170",0,5000,-5000,-13899
="075171",0,155000,-155000,-315955
="075172",32000,234000,-202000,-451401
="075173",0,52000,-52000,-88400
="075240",15000,0,15000,49799
="075243",62000,0,62000,143128
="075245",0,20000,-20000,-43000
="075396",83000,125000,-42000,-43879
="075397",16000,0,16000,58199
="075398",55000,0,55000,268839
="075400",0,15000,-15000,-48949
="075401",55000,60000,-5000,-14149
="075402",1000,22000,-21000,-45140
="075404",0,46000,-46000,-82439
="075405",333000,320000,13000,-37040
="075408",2000,0,2000,1620
="075513",0,40000,-40000,-77700
="075517",6000,14000,-8000,-36540
="075534",1000,0,1000,11399
="075585",5000,0,5000,50500
="075641",0,47000,-47000,-43710
="075642",180000,124000,56000,119045
="075693",0,29000,-29000,-60778
="075694",20000,0,20000,13999
="075697",119000,0,119000,185454
="075699",113000,9000,104000,338638
="075700",0,30000,-30000,-44699
="075826",542000,0,542000,584360
="075828",0,66000,-66000,-86459
="075830",50000,20000,30000,28002
="075831",1000,317000,-316000,-452198
="075835",0,10000,-10000,-13300
="075964",45000,149000,-104000,-525760
="075966",20000,52000,-32000,-90099
="075968",4000,27000,-23000,-99865
="075969",15000,7000,8000,5600
="075970",53000,54000,-1000,-910
="075971",107000,168000,-61000,-173185
="075972",414000,426000,-12000,-66489
="076036",20000,0,20000,4199
="076055",0,20000,-20000,-40999
="076057",1102000,100000,1002000,1014970
="076059",173000,358000,-185000,-197999
="076060",11000,0,11000,30030
="076061",0,23000,-23000,-69417
="076062",2000,31000,-29000,-30940
="076063",5000,82000,-77000,-94901
="076064",155000,751000,-596000,-805208
="076107",14000,0,14000,23768
="076181",7000,40000,-33000,-152776
="076182",0,21000,-21000,-81110
="076184",2000,37000,-35000,-101398
="076185",10000,1000,9000,31211
="076289",0,46000,-46000,-71518
="076291",0,53000,-53000,-84960
="076292",0,252000,-252000,-191840
="076336",20000,0,20000,20199
="076405",0,57000,-57000,-61819
="076406",4000,1000,3000,8278
="076407",0,4000,-4000,-3170
="076408",0,142000,-142000,-129038
="076411",616000,61000,555000,697907
="076412",94000,22000,72000,91549
="076413",126000,0,126000,133319
="076414",206000,88000,118000,130920
="076415",22000,0,22000,18889
="076416",236000,162000,74000,92371
="076418",40000,266000,-226000,-344858
="076419",0,24000,-24000,-24719
="076420",342000,901000,-559000,-918914
="076550",37000,20000,17000,18500
="076551",540000,19000,521000,1411650
="076584",100000,0,100000,28999
="076651",0,14000,-14000,-52039
="076652",6000,5000,1000,1241
="076653",22000,230000,-208000,-242428
="076654",65000,60000,5000,3701
="076655",4000,0,4000,10140
="076682",50000,0,50000,100999
="076771",3000,0,3000,4259
="076772",10000,0,10000,15779
="076912",1513000,0,1513000,1210560
="076913",1000,40000,-39000,-141319
="076915",23000,21000,2000,2722
="076916",0,58000,-58000,-154939
="076917",6000,96000,-90000,-202388
="076922",0,46000,-46000,-42817
="076971",5000,0,5000,27000
="077039",0,20000,-20000,-43800
="077061",198000,60000,138000,134081
="077063",0,10000,-10000,-5199
="077066",111000,684000,-573000,-1297203
="077067",172000,153000,19000,34693
="077068",1000,44000,-43000,-91768
="077069",0,50000,-50000,-102499
="077103",206000,73000,133000,345050
="077104",21000,0,21000,89338
="077107",22000,95000,-73000,-55540
="077108",1000,7000,-6000,-11830
="077109",0,43000,-43000,-56789
="077110",1084000,74000,1010000,687859
="077217",5000,0,5000,7200
="077275",10000,444000,-434000,-713138
="077276",5000,126000,-121000,-148810
="077277",3000,5000,-2000,-6547
="077278",17000,50000,-33000,-49456
="077279",97000,0,97000,90509
="077280",562000,6000,556000,457068
="077281",261000,529000,-268000,-401336
="077364",6000,0,6000,36150
="077374",30000,0,30000,59100
="077412",0,10000,-10000,-39249
="077457",0,6000,-6000,-46197
="077585",82000,2000,80000,45987
="077586",26000,34000,-8000,-18991
="077587",13000,22000,-9000,-22978
="077588",113000,2000,111000,407345
="077591",0,1000,-1000,-4239
="077592",0,20000,-20000,-12400
="077593",0,10000,-10000,-9800
="077594",0,5000,-5000,-4950
="077595",0,1000,-1000,-1070
="077596",11000,20000,-9000,-19161
="077647",0,135000,-135000,-183498
="077648",196000,481000,-285000,-406614
="077649",40000,120000,-80000,-239248
="077652",0,130000,-130000,-141050
="077653",294000,90000,204000,352391
="077654",231000,65000,166000,182611
="077655",11000,0,11000,11618
="077656",0,52000,-52000,-91968
="077657",0,30000,-30000,-55500
="077658",28000,101000,-73000,-178718
="077659",17000,0,17000,43689
="077729",1000,0,1000,600
="077810",115000,130000,-15000,-42480
="077811",7000,22000,-15000,-17230
="077812",62000,59000,3000,-110
="077941",5000,10000,-5000,-5600
="077944",581000,667000,-86000,-92430
="077945",371000,181000,190000,216868
="077946",27000,96000,-69000,-132308
="078038",557000,225000,332000,795229
="078087",111000,161000,-50000,-112003
="078089",25000,54000,-29000,-40259
="078090",2000,20000,-18000,-35400
="078091",0,16000,-16000,-30818
="078092",30000,30000,0,299
="078093",0,31000,-31000,-60440
="078095",10000,11000,-1000,-3229
="078097",0,48000,-48000,-60000
="078128",4000,0,4000,11640
="078462",19000,4000,15000,20220
="078464",4000,3000,1000,1020
="078466",240000,179000,61000,133342
="078469",27000,165000,-138000,-202270
="078470",19000,8000,11000,18689
="078471",21000,20000,1000,-1131
="078472",5000,0,5000,5450
="078473",38000,2000,36000,37849
="078474",0,136000,-136000,-105978
="078475",5000,0,5000,7250
="078476",100000,186000,-86000,-108588
="078713",1000,0,1000,2059
="078718",49000,47000,2000,1191
="078719",0,87000,-87000,-295988
="078721",447000,1064000,-617000,-1872256
="078722",0,9000,-9000,-13050
="078723",40000,112000,-72000,-98800
="078724",0,50000,-50000,-48419
="078727",5000,0,5000,7950
="078813",10000,0,10000,61500
="078847",86000,0,86000,183559
="078848",311000,1218000,-907000,-1010618
="078849",72000,67000,5000,9174
="078850",0,80000,-80000,-163199
="078851",23000,21000,2000,3590
="078852",27000,0,27000,100170
="078853",57000,45000,12000,38702
="078854",220000,877000,-657000,-804211
="078855",23000,63000,-40000,-172661
="078856",39000,59000,-20000,-76546
="078892",0,5000,-5000,-6850
="078943",0,2000,-2000,-4059
="078944",105000,200000,-95000,-224288
="078945",68000,596000,-528000,-656320
="078946",0,24000,-24000,-27337
="078947",94000,212000,-118000,-141432
="078948",30000,0,30000,30000
="079090",60000,7000,53000,61340
="079091",24000,0,24000,22799
="079205",3000,0,3000,5309
="079286",0,19000,-19000,-21489
="079287",0,1089000,-1089000,-1061587
="079288",65000,216000,-151000,-291807
="079289",200000,1199000,-999000,-1339630
="079290",152000,451000,-299000,-321558
="079291",2000,98000,-96000,-153029
="079315",2000,0,2000,4000
="079425",0,71000,-71000,-69580
="079426",46000,56000,-10000,-11759
="079427",121000,134000,-13000,-22566
="079428",3000,162000,-159000,-155681
="079429",10000,744000,-734000,-1605108
="079430",5000,13000,-8000,-11910
="079433",89000,221000,-132000,-139242
="079434",60000,83000,-23000,-22140
="079435",607000,110000,497000,987979
="079457",27000,10000,17000,28119
="079583",82000,0,82000,134118
="079584",110000,184000,-74000,-87898
="079585",1000,14000,-13000,-28120
="079586",96000,0,96000,57600
="079654",1000,0,1000,2740
="079680",100000,0,100000,282999
="079727",12000,68000,-56000,-65828
="079728",0,10000,-10000,-9700
="079729",18000,30000,-12000,-11779
="079730",2000,10000,-8000,-7360
="079732",41000,39000,2000,8749
="079733",25000,91000,-66000,-128348
="079734",10000,144000,-134000,-233239
="079735",1000,3000,-2000,-5780
="079736",62000,594000,-532000,-512498
="079737",90000,0,90000,101999
="079740",320000,594000,-274000,-511674
="079741",4000,77000,-73000,-96591
="079742",118000,127000,-9000,-12604
="079743",719000,39000,680000,483669
="079744",68000,215000,-147000,-130757
="079745",80000,135000,-55000,-51711
="079830",105000,104000,1000,2219
="079868",0,24000,-24000,-28218
="079870",15000,16000,-1000,-790
="079871",66000,115000,-49000,-77008
="079872",36000,12000,24000,25168
="079873",0,6000,-6000,-14460
="079979",52000,323000,-271000,-218310
="079980",12000,30000,-18000,-37301
="079981",2074000,1489000,585000,1121448
="079983",42000,0,42000,41249
="079984",10000,11000,-1000,344
="079985",0,118000,-118000,-105019
="080052",20000,0,20000,5199
="080161",0,71000,-71000,-66969
="080163",356000,20000,336000,240818
="080165",3000,21000,-18000,-15610
="080166",50000,222000,-172000,-142566
="080167",0,13000,-13000,-13649
="080168",0,34000,-34000,-32478
="080169",50000,0,50000,30698
="080170",170000,25000,145000,95600
="080172",3000,0,3000,1980
="080174",0,8000,-8000,-10800
="080175",47000,137000,-90000,-134821
="080176",155000,30000,125000,180100
="080177",0,21000,-21000,-34627
="080178",2000,22000,-20000,-31910
="080180",4000,12000,-8000,-8881
="080181",19000,180000,-161000,-146197
="080182",63000,32000,31000,29153
="080183",399000,360000,39000,25240
="080184",114000,162000,-48000,-94681
="080185",21000,11000,10000,18611
="080186",5000,152000,-147000,-153177
="080187",10000,0,10000,15199
="080205",0,11000,-11000,-30489
="080343",9000,400000,-391000,-347008
="080344",23000,157000,-134000,-149540
="080345",0,125000,-125000,-150000
="080347",65000,0,65000,52999
="080348",0,42000,-42000,-77357
="080349",162000,175000,-13000,-8462
="080350",0,13000,-13000,-9490
="080352",474000,10000,464000,286749
="080386",50000,0,50000,204999
="080506",30000,0,30000,45000
="080537",0,79000,-79000,-49769
="080539",0,776000,-776000,-380240
="080540",25000,51000,-26000,-21710
="080541",5000,351000,-346000,-264397
="080542",0,10000,-10000,-6299
="080543",7000,2000,5000,3980
="080544",0,106000,-106000,-48760
="080545",24000,140000,-116000,-151066
="080546",357000,1718000,-1361000,-1402921
="080547",29000,194000,-165000,-256738
="080594",29000,23000,6000,4651
="080596",70000,0,70000,56399
="080597",135000,95000,40000,29151
="080598",0,10000,-10000,-6999
="080599",55000,0,55000,30250
="080600",43000,11000,32000,22398
="080601",5000,13000,-8000,-4269
="080602",579000,986000,-407000,-624925
="080603",22000,1000,21000,29379
="080604",10000,3000,7000,3010
="080696",32000,0,32000,57796
="080728",0,5000,-5000,-5400
="080826",80000,0,80000,95200
="080846",153000,0,153000,129888
="080857",25000,9000,16000,13550
="080859",0,44000,-44000,-33885
="080860",0,96000,-96000,-88619
="080861",5000,144000,-139000,-220897
="080862",5000,0,5000,4000
="080864",33000,375000,-342000,-321071
="080867",171000,137000,34000,55438
="080868",30000,201000,-171000,-124820
="080869",0,11000,-11000,-7379
="080879",0,5000,-5000,-10599
="080914",10000,0,10000,11100
="081016",0,11000,-11000,-8250
="081019",0,284000,-284000,-250818
="081020",72000,203000,-131000,-126300
="081021",208000,100000,108000,73190
="081022",90000,5000,85000,144200
="081024",320000,711000,-391000,-426960
="081025",280000,349000,-69000,-47687
="081026",0,370000,-370000,-208779
="081163",0,5000,-5000,-13600
="081195",20000,0,20000,13200
="081213",70000,0,70000,61599
="081214",220000,168000,52000,32981
="081217",6000,0,6000,3479
="081218",46000,34000,12000,10371
="081219",22000,47000,-25000,-17140
="081220",21000,166000,-145000,-183499
="081221",89000,123000,-34000,-45241
="081222",152000,964000,-812000,-683353
="081223",215000,5000,210000,185490
="081224",1000,0,1000,649
="081225",339000,141000,198000,184603
="081227",0,20000,-20000,-12799
="081231",0,180000,-180000,-77400
="081232",0,15000,-15000,-13800
="081233",39000,0,39000,26909
="081234",32000,0,32000,48918
="081235",68000,499000,-431000,-310320
="081236",0,97000,-97000,-87499
="081271",0,24000,-24000,-12808
="081272",58000,0,58000,61479
="081277",2000,0,2000,1240
="081278",127000,12000,115000,137140
="081279",150000,30000,120000,71099
="081281",0,35000,-35000,-34850
="081282",4000,122000,-118000,-136260
="081283",0,2106000,-2106000,-1725085
="081286",100000,380000,-280000,-169501
="081288",0,53000,-53000,-42758
="081289",20000,18000,2000,3865
="081368",10000,10000,0,-801
="081370",210000,0,210000,409198
="081394",6000,0,6000,5639
="081408",0,5000,-5000,-5450
="081428",3000,109000,-106000,-148388
="081429",5000,0,5000,3600
="081430",0,8000,-8000,-4880
="081432",0,177000,-177000,-109740
="081433",0,50000,-50000,-25099
="081434",10000,15000,-5000,-2999
="081436",2034000,724000,1310000,1560531
="081437",0,50000,-50000,-33000
="081438",135000,196000,-61000,-81488
="081439",829000,75000,754000,663377
="081440",0,22000,-22000,-16419
="081442",30000,121000,-91000,-95359
="081444",250000,80000,170000,105600
="081446",5000,63000,-58000,-86078
="081447",47000,391000,-344000,-613794
="081448",0,247000,-247000,-266575
="081449",57000,54000,3000,9110
="081450",144000,54000,90000,101403
="081451",0,34000,-34000,-35699
="081633",20000,0,20000,33498
="081692",170000,220000,-50000,-168198
="081707",0,60000,-60000,-49799
="081708",124000,4000,120000,96019
="081710",248000,1378000,-1130000,-951368
="081712",60000,285000,-225000,-176530
="081713",50000,0,50000,41499
="081714",15000,10000,5000,3799
="081715",10000,298000,-288000,-433470
="081717",228000,474000,-246000,-251047
="081718",13000,297000,-284000,-266627
="081719",0,294000,-294000,-291906
="081720",2000,284000,-282000,-304816
="081721",10000,157000,-147000,-190036
="081722",2000,226000,-224000,-210637
="081723",3000,376000,-373000,-342015
="081724",80000,460000,-380000,-418889
="081725",40000,0,40000,32599
="081726",0,98000,-98000,-70139
="081727",47000,18000,29000,26311
="081945",136000,861000,-725000,-793196
="081946",2000,54000,-52000,-104727
="081950",15000,128000,-113000,-130938
="081951",0,5000,-5000,-4350
="081952",0,49000,-49000,-37827
="081953",0,20000,-20000,-15000
="081954",14000,49000,-35000,-30747
="081955",129000,0,129000,106498
="081956",0,317000,-317000,-219068
="081957",0,15000,-15000,-8549
="081958",1412000,55000,1357000,853729
="081959",0,179000,-179000,-178296
="082123",0,10000,-10000,-9499
="082125",0,18000,-18000,-13320
="082127",30000,30000,0,-399
="082128",0,318000,-318000,-180859
="082129",0,82000,-82000,-100769
="082130",197000,3128000,-2931000,-2543169
="082132",5000,364000,-359000,-371437
="082133",0,537000,-537000,-632555
="082134",30000,0,30000,25348
="082138",12000,250000,-238000,-223670
="082139",0,420000,-420000,-378197
="082141",0,14000,-14000,-9280
="082142",0,156000,-156000,-130168
="082145",0,330000,-330000,-204190
="082314",0,7000,-7000,-5600
="082315",0,11000,-11000,-7819
="082316",0,4000,-4000,-3019
="082318",0,330000,-330000,-229167
="082319",0,1581000,-1581000,-1417969
="082320",0,100000,-100000,-116999
="082321",0,321000,-321000,-391929
="082322",0,35000,-35000,-28350
="082323",0,20000,-20000,-17799
="082325",0,292000,-292000,-232056
="082328",0,10000,-10000,-10000
="082329",0,230000,-230000,-187098
="082330",0,612000,-612000,-647985
="082337",0,800000,-800000,-904999
="08815P",0,10000,-10000,-199
="1101",15000,70060,-55060,-2348267
="1102",2000,4000,-2000,-85599
="1104",11000,0,11000,249149
="1108",4000,0,4000,46200
="1109",0,2000,-2000,-39299
="1201",1,0,1,21
="1203",1,0,1,35
="1210",0,11000,-11000,-552198
="1216",12410,7000,5410,357387
="1217",5002,30000,-24998,-229181
="1218",1,0,1,27
="1227",1000,2020,-1020,-59588
="1229",2000,1000,1000,41750
="1231",0,1000,-1000,-46450
="1301",8000,322080,-314080,-31020630
="1303",4000,110000,-106000,-7883299
="1304",32000,4000,28000,610548
="1305",81000,7000,74000,1989645
="1307",7000,0,7000,150350
="1308",0,19000,-19000,-405449
="1309",2000,164000,-162000,-5453696
="1310",0,4000,-4000,-68199
="1312",17001,27200,-10199,-234357
="1313",11000,7000,4000,70751
="1314",99900,0,99900,1070728
="1316",5001,0,5001,58260
="1319",259000,0,259000,10214894
="1321",0,2000,-2000,-72400
="1325",78000,124000,-46000,-3905201
="1326",1000,227154,-226154,-19472842
="1336",1,0,1,26
="1337",2,3000,-2998,-26982
="1338",4000,3000,1000,68502
="1340",43,0,43,510
="1402",88000,0,88000,2472947
="1409",11000,20000,-9000,-118499
="1417",1,0,1,11
="1418",2,0,2,15
="1419",0,99,-99,-4148
="1423",1,0,1,17
="1432",0,26000,-26000,-347149
="1434",2000,0,2000,60249
="1436",0,1000,-1000,-38250
="1440",0,4000,-4000,-54799
="1441",1000,650,350,2769
="1442",5000,0,5000,88249
="1444",7100,0,7100,85660
="1445",0,10000,-10000,-111748
="1447",12000,1000,11000,96109
="1451",100,0,100,1679
="1452",8001,0,8001,136817
="1454",1000,0,1000,8479
="1464",1,0,1,18
="1466",2000,1000,1000,18000
="1467",1000,1000,0,-50
="1468",1000,0,1000,12449
="1471",15000,0,15000,79199
="1476",1000,13000,-12000,-5071500
="1477",14000,4050,9950,1962775
="1503",1,0,1,49
="1504",3000,3417,-417,-13238
="1506",1,0,1,10
="1507",1,0,1,62
="1513",8001,120000,-111999,-5381002
="1514",1,2000,-1999,-52874
="1515",0,109,-109,-8284
="1517",1,0,1,14
="1519",26000,1000,25000,1194747
="1521",3000,0,3000,165200
="1522",6000,1000,5000,122799
="1524",152000,1768000,-1616000,-19026847
="1525",1000,1000,0,199
="1527",24001,17000,7001,303691
="1528",1,0,1,10
="1531",45,0,45,560
="1532",0,56000,-56000,-1794546
="1533",72000,169000,-97000,-5460296
="1536",15001,8000,7001,851621
="1537",1000,0,1000,141000
="1540",101,93,8,97
="1541",0,2000,-2000,-108199
="1558",0,55,-55,-7755
="1560",15000,1000,14000,1023393
="1568",21000,32000,-11000,-339949
="1582",1000,0,1000,86199
="1586",0,20000,-20000,-994000
="1589",2000,208801,-206801,-16702277
="1590",2000,2000,0,10000
="1593",15000,33000,-18000,-2055000
="1597",9000,2099,6901,682436
="1598",0,2000,-2000,-239500
="1605",45000,130000,-85000,-1549297
="1608",2000,118000,-116000,-1508550
="1609",9000,0,9000,168249
="1611",3000,1000,2000,27001
="1612",1000,1000,0,-100
="1701",1001,0,1001,22973
="1702",1,0,1,46
="1707",60000,2000,58000,10503500
="1708",1,0,1,23
="1710",0,4000,-4000,-76800
="1711",1,0,1,16
="1712",2,0,2,42
="1718",11100,12000,-900,-8856
="1721",0,2000,-2000,-20799
="1722",4000,2000,2000,105599
="1723",1000,100,900,95800
="1726",2000,0,2000,142199
="1727",48,0,48,532
="1732",1000,80000,-79000,-1852848
="1733",1000,0,1000,22799
="1734",7000,0,7000,204298
="1736",6000,9000,-3000,-298101
="1737",1,0,1,32
="1752",0,1000,-1000,-37950
="1760",1,15000,-14999,-1191417
="1762",2001,20000,-17999,-1023842
="1784",1001,0,1001,38890
="1785",843101,143000,700101,35201572
="1786",1,0,1,59
="1789",0,362,-362,-9774
="1795",0,1000,-1000,-77699
="1802",225150,166000,59150,1140889
="1805",0,3000,-3000,-35099
="1810",1000,0,1000,9600
="1815",0,5000,-5000,-67600
="1817",112000,0,112000,3750497
="1904",0,10698,-10698,-346440
="1905",2000,0,2000,21500
="1907",10000,85000,-75000,-2051749
="1909",3000,6000,-3000,-66247
="2002",25000,511811,-486811,-12294769
="2006",18000,420000,-402000,-14124499
="2009",225746,209846,15900,322784
="2014",144000,75400,68600,1081651
="2015",0,12100,-12100,-833000
="2017",20000,0,20000,220000
="2020",5000,0,5000,96999
="2023",19000,14000,5000,65550
="2024",1,0,1,14
="2027",40077,864300,-824223,-23700437
="2028",0,1000,-1000,-22450
="2029",0,7000,-7000,-158900
="2031",2001,0,2001,73437
="2032",8000,0,8000,111250
="2034",13100,200,12900,340405
="2038",0,52000,-52000,-1066349
="2049",27000,19000,8000,3635000
="2065",0,1000,-1000,-45099
="2101",0,66000,-66000,-2698048
="2103",0,4000,-4000,-84199
="2104",0,3379,-3379,-82370
="2105",2000,0,2000,86599
="2108",12000,253,11747,711716
="2201",87000,21520,65480,2951739
="2204",0,30000,-30000,-1502499
="2206",8001,0,8001,294937
="2208",2020,0,2020,52621
="2231",43000,2067,40933,8462698
="2233",3000,0,3000,261299
="2239",2000,22000,-20000,-2156000
="2301",127000,201000,-74000,-3933701
="2303",4148111,1418835,2729276,136829432
="2308",29787,90999,-61212,-19062005
="2312",5001,39000,-33999,-424787
="2313",129001,96101,32900,1454610
="2314",2000,2000,0,1100
="2316",1,0,1,31
="2317",806310,501893,304417,32482070
="2323",2,1000,-998,-9181
="2324",74000,94000,-20000,-432701
="2327",135530,67060,68470,41167670
="2328",58300,31015,27285,889474
="2329",30000,30000,0,4000
="2330",96849,306162,-209313,-125437011
="2331",93000,151000,-58000,-1492904
="2332",17001,139000,-121999,-3229924
="2337",23000,52000,-29000,-1154948
="2338",23000,16000,7000,286201
="2340",10001,19000,-8999,-225876
="2342",218100,107000,111100,4444543
="2344",218001,2082089,-1864088,-51907451
="2345",7000,1000,6000,1739500
="2347",0,15000,-15000,-708000
="2348",2000,0,2000,172800
="2349",5000,321,4679,49348
="2351",14000,112000,-98000,-8539600
="2352",79100,3000,76100,2136858
="2353",188000,95829,92171,2341970
="2354",456000,307096,148904,10486266
="2355",7000,6000,1000,33849
="2356",8000,0,8000,189600
="2357",33000,5184,27816,8076140
="2359",0,2000,-2000,-37299
="2360",31000,133000,-102000,-20751000
="2362",100,0,100,2929
="2363",0,7138,-7138,-121332
="2364",0,787,-787,-2439
="2365",0,87,-87,-983
="2367",16001,1000,15001,337921
="2368",2598000,575000,2023000,110840799
="2369",86000,22000,64000,997501
="2371",16202,14000,2202,51328
="2375",58000,42200,15800,1634449
="2376",200000,100000,100000,8171100
="2377",194000,39000,155000,21402500
="2379",96071,113100,-17029,-7228256
="2382",201000,126000,75000,6449700
="2383",3000,3050,-50,-7475
="2385",11000,3000,8000,686099
="2387",0,5000,-5000,-313999
="2388",1000,8000,-7000,-385597
="2390",1000,7000,-6000,-90200
="2392",8040,2343,5697,271085
="2393",21000,1000,20000,896149
="2395",6000,662,5338,1967529
="2399",5000,10000,-5000,-76399
="2401",961000,1825000,-864000,-19498153
="2402",5001,0,5001,86768
="2404",20000,3000,17000,3762000
="2406",0,42000,-42000,-888299
="2408",536200,85037,451163,39938508
="2409",12463230,1489000,10974230,166254051
="2412",94000,2200,91800,10235800
="2417",13001,11000,2001,98347
="2420",4000,0,4000,135000
="2423",6000,0,6000,145500
="2425",0,6000,-6000,-170700
="2426",10000,0,10000,171499
="2428",18200,4049,14151,2620241
="2430",0,1000,-1000,-20649
="2431",1,0,1,12
="2433",0,5000,-5000,-255000
="2436",1,110000,-109999,-5378200
="2439",2000,36000,-34000,-4830000
="2441",2004,1000,1004,57729
="2442",1000,0,1000,10600
="2444",178000,72000,106000,1977300
="2449",1075000,118000,957000,34834598
="2451",5000,0,5000,320999
="2454",326300,278750,47550,42060850
="2455",413001,82000,331001,38321617
="2456",46000,100807,-54807,-6111980
="2457",24001,22000,2001,35769
="2458",400996,311000,89996,15320822
="2459",0,1000,-1000,-46099
="2460",0,1000,-1000,-19450
="2461",1,0,1,17
="2464",0,3179,-3179,-144943
="2465",1,6000,-5999,-121479
="2467",6000,6334,-334,-12273
="2471",83001,3000,80001,2136376
="2472",9000,7000,2000,139499
="2474",5000,6000,-1000,-201500
="2476",6000,0,6000,133799
="2478",15000,4000,11000,948701
="2480",2001,10000,-7999,-539734
="2481",24001,16000,8001,434655
="2482",149,0,149,1574
="2484",6001,71000,-64999,-1644523
="2485",28,0,28,525
="2486",5000,315000,-310000,-5950800
="2491",227000,2028,224972,2486441
="2492",49999,157000,-107001,-25335737
="2493",1,0,1,35
="2497",10000,0,10000,400000
="2498",6017,27000,-20983,-620593
="2501",0,200000,-200000,-3973298
="2504",56001,0,56001,1321422
="2505",5000,106000,-101000,-3663700
="2515",14001,0,14001,130569
="2516",3,0,3,16
="2520",10000,10000,0,-2500
="2530",0,10000,-10000,-136999
="2534",150,0,150,2887
="2535",2001,0,2001,53727
="2540",2000,0,2000,138298
="2542",3200,0,3200,146409
="2546",0,2000,-2000,-97799
="2547",0,12000,-12000,-146198
="2601",1,2540,-2539,-25946
="2603",6594300,8763750,-2169450,-84199790
="2605",42000,54030,-12030,-256827
="2606",0,350180,-350180,-12614779
="2607",5000,0,5000,85849
="2608",0,1000,-1000,-44400
="2609",4451000,5606500,-1155500,-29600825
="2610",54600,102000,-47400,-498926
="2611",13000,30200,-17200,-190790
="2612",22000,20490,1510,56100
="2613",0,99,-99,-1920
="2614",1000,0,1000,16700
="2615",511000,642000,-131000,-6270201
="2617",10000,10000,0,-3000
="2618",64448,0,64448,819362
="2633",4040,300000,-295960,-9018073
="2634",1000,0,1000,28149
="2637",10000,16000,-6000,-162298
="2640",3000,65,2935,227443
="2641",0,630,-630,-7119
="2704",0,1030,-1030,-31717
="2706",36,0,36,507
="2726",0,1000,-1000,-68300
="2727",10000,1050,8950,1241750
="2729",0,79,-79,-18627
="2754",2000,0,2000,149000
="2755",1000,0,1000,57599
="2801",5001,0,5001,89767
="2809",2000,27087,-25087,-1014301
="2812",1,0,1,10
="2820",1000,0,1000,14899
="2823",7250,0,7250,164675
="2832",0,30,-30,-622
="2834",236000,1150,234850,2270217
="2836",2000,0,2000,20100
="2841",72,0,72,535
="2845",1000,0,1000,10649
="2855",25000,421270,-396270,-8618620
="2867",2059,0,2059,17627
="2880",8001,23224,-15223,-276947
="2881",72100,26297,45803,2202020
="2882",148480,270000,-121520,-5125186
="2882B",0,4,-4,-247
="2883",288500,61003,227497,2170376
="2884",3000,106,2894,73118
="2885",349200,714824,-365624,-7838944
="2886",200,0,200,5970
="2887",8000,0,8000,106000
="2888",136000,226000,-90000,-774929
="2889",500,10007,-9507,-126724
="2890",9000,21000,-12000,-139850
="2891",1003000,1219,1001781,19835364
="2892",8000,1210,6790,144328
="2911",1068,928,140,663
="2912",0,1000,-1000,-268500
="2913",1,1000,-999,-17532
="2915",0,9000,-9000,-632700
="3003",0,15000,-15000,-705499
="3004",0,117,-117,-6435
="3006",212000,55000,157000,9849298
="3008",21,8000,-7979,-23932050
="3010",4000,100,3900,297490
="3014",8,3000,-2992,-214925
="3016",787000,186000,601000,46679599
="3017",311000,78010,232990,16514495
="3018",56,0,56,1002
="3019",1001,8000,-6999,-536722
="3023",12010,22200,-10190,-2607275
="3024",1,0,1,11
="3025",129001,11000,118001,4565786
="3026",0,1000,-1000,-120000
="3027",10001,0,10001,196021
="3028",31000,11000,20000,478496
="3029",0,2000,-2000,-77000
="3031",20000,10000,10000,162999
="3032",0,4000,-4000,-168299
="3033",5000,0,5000,95000
="3034",254000,26000,228000,91652500
="3035",221000,39328,181672,9713786
="3036",6000,2000,4000,167750
="3037",464051,561000,-96949,-10190418
="3038",2000,2000,0,-599
="3041",0,2000,-2000,-58099
="3042",1405239,195050,1210189,104241645
="3044",120000,4000,116000,14385000
="3045",2000,0,2000,199000
="3047",1,0,1,12
="3048",0,1000,-1000,-23649
="3050",0,140000,-140000,-2441998
="3052",1,0,1,13
="3056",4000,1000,3000,117248
="3058",20001,0,20001,203009
="3059",1002,11426,-10424,-361912
="3060",6000,0,6000,90148
="3062",13001,35250,-22249,-453642
="3067",1000,0,1000,29049
="3071",8000,15000,-7000,-177101
="3078",2001,9000,-6999,-305606
="3081",12000,17000,-5000,-1513000
="3083",1000,0,1000,60099
="3090",1,0,1,51
="3092",403000,68182,334818,21519547
="3094",5001,4000,1001,23775
="3105",232514,126251,106263,43286439
="3114",1000,0,1000,22799
="3131",54000,11000,43000,18450500
="3138",29000,29000,0,217500
="3141",0,22000,-22000,-893999
="3147",4000,20000,-16000,-552051
="3149",23000,15000,8000,215901
="3152",20000,6010,13990,6686700
="3163",0,3000,-3000,-148500
="3169",14001,19000,-4999,-294642
="3176",0,1000,-1000,-57099
="3178",1000,7000,-6000,-281949
="3189",383000,260000,123000,10879895
="3205",1,0,1,35
="3209",10001,0,10001,227524
="3211",1000,0,1000,87800
="3217",15000,2000,13000,1373500
="3218",5000,14050,-9050,-2289325
="3221",1000,1000,0,450
="3227",14000,64000,-50000,-9546000
="3228",4000,149000,-145000,-33513000
="3231",4000,320000,-316000,-9807048
="3234",17001,21000,-3999,-161511
="3236",3000,17000,-14000,-377700
="3257",3000,0,3000,240099
="3260",20000,35000,-15000,-1123000
="3264",41000,11000,30000,1214850
="3268",1,0,1,16
="3272",0,10000,-10000,-536699
="3285",0,2000,-2000,-43750
="3289",0,8000,-8000,-453099
="3293",17000,16000,1000,975000
="3296",340000,294000,46000,1488105
="3297",0,10000,-10000,-165100
="3305",0,2000,-2000,-56348
="3313",1,0,1,11
="3317",1,0,1,49
="3321",1000,0,1000,14000
="3322",50000,0,50000,647499
="3323",0,61000,-61000,-2851647
="3324",487001,69000,418001,100682240
="3338",3000,0,3000,199600
="3339",4000,0,4000,61400
="3346",14000,23000,-9000,-443650
="3373",1,17000,-16999,-1353619
="3374",83090,238002,-154912,-31279595
="3376",8000,0,8000,1062500
="3379",0,1000,-1000,-12600
="3380",7001,4000,3001,112589
="3388",1000,0,1000,69099
="3402",1,0,1,32
="3406",35000,26000,9000,4532000
="3413",20000,11000,9000,2074500
="3432",25000,5000,20000,286649
="3437",42000,32000,10000,319899
="3438",0,1000,-1000,-51500
="3443",228003,159039,68964,31562321
="3444",5000,3000,2000,71849
="3450",7001,9080,-2079,-135050
="3455",4000,0,4000,210000
="3465",13000,2000,11000,2190500
="3479",1,5000,-4999,-269241
="3481",6729000,783000,5946000,80802848
="3483",123000,16000,107000,8485397
="3484",11000,5000,6000,394398
="3490",1,0,1,32
="3491",1,0,1,73
="3498",0,1000,-1000,-45349
="3501",0,1000,-1000,-53099
="3508",10000,0,10000,233749
="3511",13000,0,13000,352199
="3515",2000,1000,1000,156500
="3518",0,2000,-2000,-68099
="3522",1000,114000,-113000,-1447200
="3526",2000,2000,0,1299
="3527",1001,1000,1,-3199
="3529",57400,4019,53381,36275718
="3530",21000,42000,-21000,-2613000
="3532",50000,3000,47000,6868000
="3533",34000,14000,20000,11279000
="3535",5001,5000,1,269
="3540",4001,0,4001,251461
="3543",4000,5000,-1000,-31500
="3545",182000,141000,41000,3992402
="3546",2300,0,2300,235100
="3548",1,0,1,77
="3551",1000,0,1000,50900
="3552",35000,27100,7900,2102600
="3557",9000,1000,8000,734700
="3563",2000,1199,801,230288
="3567",1,0,1,30
="3576",2000,2000,0,-101
="3580",5001,10000,-4999,-297937
="3581",1000,2000,-1000,-23000
="3583",1000,2000,-1000,-65999
="3587",0,3000,-3000,-273000
="3588",7,22000,-21993,-1356966
="3594",0,25,-25,-638
="3596",2000,5000,-3000,-285301
="3605",1001,0,1001,43092
="3611",1000,1000,0,0
="3617",2000,0,2000,171600
="3622",1000,1000,0,-550
="3625",119000,9000,110000,2372799
="3628",0,2000,-2000,-78099
="3630",0,8000,-8000,-408799
="3653",293001,87050,205951,64733460
="3661",5000,25000,-20000,-15400000
="3665",2000,7000,-5000,-1318000
="3666",31000,31000,0,37899
="3669",0,2000,-2000,-143099
="3673",50000,11000,39000,1764898
="3675",0,4000,-4000,-296997
="3680",13742,36036,-22294,-6422801
="3682",37001,15000,22001,230909
="3684",0,1000,-1000,-34849
="3685",2000,94000,-92000,-2337148
="3686",1001,0,1001,17367
="3687",1,0,1,52
="3689",1000,150,850,25574
="3691",7000,7000,0,7000
="3702",27001,5000,22001,959191
="3703",5000,12000,-7000,-144601
="3704",700000,1652000,-952000,-40158098
="3706",1048,2137,-1089,-32645
="3707",141005,167464,-26459,-1045649
="3708",8050,2000,6050,870175
="3711",1160092,314200,845892,82515451
="3714",11000,20825,-9825,-794106
="4102",0,156000,-156000,-4053794
="4105",1,0,1,68
="4106",1000,3000,-2000,-55200
="4107",1000,1000,0,0
="4108",1001,1034,-33,-1048
="4111",1,3000,-2999,-70926
="4113",1,12000,-11999,-156086
="4116",4000,0,4000,138000
="4119",22000,10200,11800,1128270
="4121",0,2000,-2000,-40948
="4123",3000,0,3000,198200
="4126",1000,0,1000,68099
="4128",2001,0,2001,118960
="4129",1,0,1,36
="4130",21000,0,21000,590100
="4133",0,90103,-90103,-4788895
="4137",0,29,-29,-5916
="4141",2039,990,1049,12979
="4142",9000,7000,2000,102299
="4147",1000,0,1000,80099
="4152",2230,0,2230,137798
="4157",0,1000,-1000,-21350
="4160",1002,990,12,92
="4163",0,1000,-1000,-96500
="4167",8000,0,8000,256448
="4171",5000,34000,-29000,-3792000
="4173",0,1000,-1000,-23149
="4174",1002,0,1002,126756
="4190",3000,0,3000,268598
="4306",37,0,37,569
="4402",1,0,1,5
="4429",40,0,40,1128
="4430",80,0,80,1868
="4526",32,0,32,502
="4528",16000,10000,6000,312199
="4529",0,5000,-5000,-57249
="4530",1000,3000,-2000,-25198
="4549",233,0,233,18565
="4551",22000,2000,20000,3588000
="4552",3000,0,3000,105000
="4563",54000,1000,53000,1725150
="4564",37000,484000,-447000,-15754800
="4566",10000,0,10000,554498
="4571",8000,0,8000,743397
="4576",3000,1000,2000,186200
="4702",44,74,-30,-352
="4714",2,0,2,23
="4716",2,0,2,31
="4721",0,1000,-1000,-65699
="4726",0,6000,-6000,-183648
="4728",1000,2000,-1000,-84299
="4735",1000,0,1000,97500
="4736",1000,9000,-8000,-1472000
="4739",1,1000,-999,-67032
="4743",2504,8000,-5496,-1140066
="4755",0,4000,-4000,-254599
="4760",33000,9000,24000,3079500
="4904",2000,2000,0,298
="4906",8000,0,8000,237049
="4908",2002,0,2002,58009
="4912",1000,1000,0,-5000
="4915",46000,6000,40000,1965600
="4919",4000,1000,3000,139750
="4924",0,7000,-7000,-114099
="4927",2001,2000,1,68
="4933",1000,1000,0,-200
="4934",0,7000,-7000,-201250
="4935",21000,1000,20000,2131000
="4938",1417430,34706,1382724,97565962
="4943",1000,1000,0,-1000
="4950",12000,0,12000,288349
="4952",2000,0,2000,85499
="4953",2002,0,2002,196493
="4958",16000,10000,6000,724000
="4960",30000,2000,28000,313601
="4961",80060,23000,57060,8284020
="4966",10000,22019,-12019,-15444985
="4967",90001,486000,-395999,-20770150
="4968",93100,32000,61100,30867000
="4972",1300,1900,-600,-17775
="4973",2,0,2,51
="4974",1000,0,1000,54200
="4976",42000,80000,-38000,-3208099
="4991",1000,0,1000,55000
="4999",0,5000,-5000,-251000
="5009",0,10000,-10000,-162000
="5014",370000,1000,369000,5431897
="5212",2,1000,-998,-53693
="5215",0,6063,-6063,-824505
="5223",6000,0,6000,430398
="5227",2,0,2,30
="5230",2,0,2,53
="5234",2000,0,2000,170600
="5243",62001,214000,-151999,-10036533
="5245",0,1000,-1000,-38200
="5251",1,0,1,14
="5269",12000,12000,0,120000
="5274",10000,5000,5000,10435000
="5283",2000,0,2000,268000
="5289",2,19000,-18998,-3277155
="5299",1002,0,1002,123749
="5306",20500,42000,-21500,-4063699
="5309",6001,11000,-4999,-195313
="5315",0,4000,-4000,-62000
="5328",2000,0,2000,27600
="5347",84000,53000,31000,3759000
="5351",1943,585,1358,30552
="5353",2000,0,2000,33500
="5371",131000,1000,130000,4985449
="5386",12000,22000,-10000,-688499
="5388",3000,0,3000,231798
="5392",0,5652,-5652,-135799
="5398",1,0,1,21
="5425",35000,4000,31000,1767599
="5426",0,10000,-10000,-106000
="5434",0,2000,-2000,-240000
="5438",1,0,1,13
="5439",0,20000,-20000,-1049999
="5443",17000,5001,11999,571803
="5452",10000,169,9831,119290
="5457",4000,0,4000,398400
="5465",1000,0,1000,18350
="5469",0,2000,-2000,-87400
="5471",22001,1000,21001,1430067
="5478",6001,0,6001,615103
="5483",47201,67205,-20004,-3397576
="5484",1,0,1,15
="5488",39001,22000,17001,120168
="5490",0,5000,-5000,-133500
="5512",4001,0,4001,40210
="5522",2000,150,1850,104024
="5529",0,5000,-5000,-60500
="5531",1000,0,1000,15500
="5534",0,1000,-1000,-80199
="5536",100,1107,-1007,-192837
="5603",0,2000,-2000,-35700
="5604",0,2000,-2000,-132399
="5607",0,2000,-2000,-55599
="5608",1219000,1742000,-523000,-6230799
="5609",100,0,100,6059
="5871",2000,11000,-9000,-1543500
="5876",1000,0,1000,42250
="5880",15001,0,15001,302269
="5904",30,100,-70,-40580
="6005",24000,0,24000,343399
="6015",318000,27412,290588,4216373
="6016",137001,192000,-54999,-776534
="6020",22000,0,22000,454299
="6021",0,48000,-48000,-1110398
="6023",0,2000,-2000,-104400
="6026",5000,3000,2000,22850
="6104",25000,20000,5000,375300
="6108",1001,1000,1,-78
="6111",1,0,1,71
="6116",517000,341864,175136,2228989
="6118",1000,1000,0,-149
="6120",0,4000,-4000,-55547
="6121",67000,95000,-28000,-10402500
="6123",20000,0,20000,820499
="6125",63000,47000,16000,477948
="6126",1001,0,1001,23624
="6127",47000,46000,1000,23101
="6129",14000,87000,-73000,-1217350
="6138",1,0,1,85
="6139",57000,86000,-29000,-951447
="6142",1,2000,-1999,-17722
="6146",0,60,-60,-15660
="6147",47000,66000,-19000,-1390896
="6150",82030,8000,74030,7908695
="6152",1001,0,1001,11862
="6153",164001,68100,95901,3620396
="6155",197000,455,196545,5540245
="6156",2,0,2,42
="6160",2000,0,2000,28200
="6161",1,0,1,19
="6164",4000,1000,3000,41551
="6165",3000,2000,1000,37950
="6169",0,2000,-2000,-56500
="6173",7000,2000,5000,342399
="6175",1000,26000,-25000,-982298
="6176",1002,1000,2,736
="6180",4000,53000,-49000,-3232000
="6182",328000,102000,226000,9714195
="6183",1,0,1,49
="6185",43,0,43,577
="6187",186000,41000,145000,16158500
="6188",1001,0,1001,37788
="6189",1,5000,-4999,-177465
="6191",80000,36000,44000,1147650
="6196",10100,53050,-42950,-4985325
="6197",1,1000,-999,-38412
="6201",61000,0,61000,2711450
="6202",0,13000,-13000,-946398
="6203",24000,15000,9000,731402
="6205",0,4000,-4000,-172700
="6206",0,2000,-2000,-121599
="6207",0,1000,-1000,-29350
="6208",106000,63100,42900,1711635
="6209",5001,10000,-4999,-179713
="6213",0,2046,-2046,-292055
="6214",1001,0,1001,86887
="6217",1000,10000,-9000,-336849
="6219",0,18000,-18000,-382998
="6223",59000,131000,-72000,-8662500
="6224",105001,70000,35001,3374107
="6226",7001,0,7001,75059
="6228",1000,0,1000,11399
="6229",1001,0,1001,29130
="6230",3000,9000,-6000,-1337500
="6231",8000,2000,6000,639500
="6233",156000,58000,98000,3595246
="6234",1,0,1,22
="6235",0,21000,-21000,-428050
="6237",220000,4000,216000,19358201
="6239",6001,19000,-12999,-1282200
="6243",3000,0,3000,49599
="6244",1000,0,1000,32650
="6245",2000,0,2000,139600
="6246",1,0,1,15
="6247",154,0,154,1493
="6257",126000,0,126000,5972099
="6261",10000,0,10000,627999
="6269",43051,48000,-4949,-611854
="6270",3000,5000,-2000,-40051
="6271",102000,85110,16890,3457115
="6274",0,7000,-7000,-853500
="6276",0,1000,-1000,-39200
="6278",36200,10000,26200,3264000
="6279",11000,11000,0,-7500
="6282",201,0,201,5879
="6283",12000,98000,-86000,-3791098
="6284",28000,21200,6800,534300
="6285",18000,68000,-50000,-3918101
="6288",0,1000,-1000,-33000
="6290",0,4000,-4000,-210000
="6409",1000,4058,-3058,-3755180
="6411",13001,33106,-20105,-2090577
="6414",12000,4000,8000,2014000
="6415",6000,2028,3972,11591700
="6416",1000,6000,-5000,-601500
="6417",0,7000,-7000,-507800
="6432",1000,8249,-7249,-288422
="6435",1000,1000,0,-500
="6438",2000,0,2000,166600
="6441",11000,18000,-7000,-1080500
="6443",41014,746120,-705106,-26399804
="6446",1000,0,1000,93900
="6449",48001,2000,46001,2791455
="6451",4000,2000,2000,281500
="6456",22000,15000,7000,842500
="6457",6000,32000,-26000,-2985000
="6462",15001,3000,12001,1948664
="6470",1,1000,-999,-52245
="6477",0,3200,-3200,-204982
="6485",13000,0,13000,425250
="6488",42000,136483,-94483,-67891758
="6491",0,1000,-1000,-263500
="6494",1000,0,1000,57000
="6496",1000,1000,0,-279
="6504",2016,58049,-56033,-9776324
="6505",1000,0,1000,102000
="6509",0,1020,-1020,-27025
="6510",30000,2000,28000,24173000
="6512",102,0,102,1494
="6516",0,5000,-5000,-400399
="6525",3000,0,3000,204799
="6531",41000,29000,12000,7235000
="6533",36000,13000,23000,8450500
="6538",9000,12000,-3000,-540000
="6542",0,2000,-2000,-120199
="6547",17000,3001,13999,1399398
="6552",1000,0,1000,54400
="6573",5000,23000,-18000,-333999
="6576",0,2000,-2000,-170899
="6579",2000,0,2000,146600
="6582",0,20000,-20000,-2991000
="6589",3000,0,3000,126600
="6591",7001,0,7001,434564
="6596",3000,0,3000,149399
="6598",3000,6000,-3000,-158700
="6603",32000,8000,24000,337749
="6605",1000,21000,-20000,-1257799
="6609",20,0,20,515
="6640",1000,10000,-9000,-624300
="6642",4000,0,4000,194400
="6643",4000,0,4000,1393000
="6655",0,1000,-1000,-48750
="6664",4000,0,4000,260799
="6669",13000,3655,9345,7107602
="6670",5000,0,5000,835000
="6672",11000,0,11000,744499
="6679",47000,7000,40000,10406500
="6683",2000,0,2000,734500
="6697",0,44000,-44000,-1713695
="6698",6000,8000,-2000,-100251
="6706",7000,12000,-5000,-772000
="6712",0,1000,-1000,-178000
="6715",1000,0,1000,126000
="6716",0,3000,-3000,-207200
="6732",5000,6025,-1025,-772525
="6756",14000,0,14000,3984500
="711271",14000,0,14000,2020
="711329",15000,0,15000,20699
="711516",5000,0,5000,24349
="711517",0,11000,-11000,-10890
="711562",120000,99000,21000,2310
="711631",100000,0,100000,137000
="711700",0,11000,-11000,-39269
="711701",30000,40000,-10000,-3401
="711850",5000,0,5000,7850
="711905",2000,0,2000,11249
="712015",11000,0,11000,11659
="712018",50000,0,50000,25999
="712020",0,3000,-3000,-4649
="712147",55000,0,55000,38948
="712190",20000,0,20000,1599
="712194",0,30000,-30000,-4500
="712195",400000,50000,350000,31000
="712231",1000,0,1000,1799
="712262",3000,0,3000,2489
="712326",70000,68000,2000,-68
="712328",0,10000,-10000,-13300
="712369",70000,0,70000,18199
="712370",20000,0,20000,15000
="712372",97000,350000,-253000,-175599
="712403",372000,305000,67000,38923
="712504",0,22000,-22000,-23980
="712605",65000,60000,5000,6300
="712612",11000,0,11000,6160
="712616",50000,25000,25000,50521
="712630",20000,0,20000,8999
="712633",2000,0,2000,1039
="712916",1050000,609000,441000,372160
="712918",10000,0,10000,1199
="712922",30000,2000,28000,39460
="712923",5000,0,5000,2249
="712979",2000,0,2000,2119
="712980",12000,104000,-92000,-129527
="712981",169000,128000,41000,39479
="712982",36000,0,36000,11160
="713040",53000,10000,43000,79911
="713042",716000,17000,699000,530098
="713044",5000,0,5000,2450
="713085",105000,7000,98000,46490
="713124",0,100000,-100000,-85500
="713182",322000,239000,83000,40640
="713183",139000,224000,-85000,-80403
="713184",67000,40000,27000,16979
="713226",113000,0,113000,111637
="713241",0,30000,-30000,-7500
="713325",0,1000,-1000,-2880
="713327",1305000,996000,309000,181940
="713352",0,10000,-10000,-3000
="713388",0,62000,-62000,-20039
="713404",0,22000,-22000,-29800
="713419",3000,40000,-37000,-46899
="713514",871000,568000,303000,78861
="713515",310000,0,310000,130299
="713517",20000,0,20000,6999
="713545",50000,40000,10000,4500
="713589",30000,0,30000,8100
="713647",0,31000,-31000,-12609
="713649",2000,2000,0,59
="713651",18000,0,18000,22249
="713654",440000,15000,425000,123851
="713675",1169000,1691000,-522000,-226999
="713676",59000,12000,47000,56370
="713677",15000,0,15000,899
="713697",51000,0,51000,53039
="713820",100000,0,100000,25000
="713821",10000,0,10000,12699
="713938",0,30000,-30000,-9599
="713979",1000,5000,-4000,-8800
="714030",257000,0,257000,189840
="714082",332000,2000,330000,3299
="714153",20000,30000,-10000,-15000
="714156",0,45000,-45000,-72450
="714211",0,20000,-20000,-20000
="714212",1000,1000,0,-40
="714213",22000,24000,-2000,-9102
="714214",0,1000,-1000,-3400
="714236",20000,247000,-227000,-301947
="714237",0,33000,-33000,-58139
="714254",5000,0,5000,2500
="714272",1000,44000,-43000,-17249
="714384",16000,37000,-21000,-27399
="714489",1000,0,1000,769
="714490",3000,0,3000,1080
="714513",4000,134000,-130000,-112359
="714514",64000,2000,62000,55691
="714516",0,26000,-26000,-11148
="714517",191000,17000,174000,218249
="714518",344000,464000,-120000,-76821
="714620",17000,95000,-78000,-109577
="714621",0,10000,-10000,-35999
="714622",2000,10000,-8000,-12280
="714647",34000,40000,-6000,-29619
="714649",10000,0,10000,41300
="714685",20000,20000,0,0
="714712",112000,391000,-279000,-431347
="714741",716000,40000,676000,420470
="714742",25000,0,25000,23499
="714795",0,209000,-209000,-263758
="714856",3000,0,3000,2790
="714858",4000,318000,-314000,-331336
="714859",28000,22000,6000,4059
="714860",1000,10000,-9000,-12570
="714887",5000,20000,-15000,-5600
="714888",20000,10000,10000,2601
="714889",75000,37000,38000,19621
="714922",20000,0,20000,6999
="714949",10000,0,10000,26600
="714950",0,7000,-7000,-14980
="714966",2000,0,2000,1679
="714995",0,32000,-32000,-21589
="715013",95000,0,95000,67849
="715022",0,46000,-46000,-53819
="715034",0,200000,-200000,-403999
="715067",71000,43000,28000,41013
="715068",21000,4000,17000,45810
="715069",20000,10000,10000,16199
="715070",50000,11000,39000,48369
="715071",0,5000,-5000,-10700
="715072",14000,107000,-93000,-117160
="715073",0,4000,-4000,-29400
="715115",46000,20000,26000,16759
="715116",0,5000,-5000,-9150
="715159",90000,105000,-15000,-10299
="715163",20000,100000,-80000,-201196
="715164",132000,5000,127000,313287
="715180",15000,0,15000,13199
="715239",24000,10000,14000,21539
="715240",0,100000,-100000,-33500
="715250",50000,0,50000,63499
="715285",39000,27000,12000,12021
="715287",120000,91000,29000,30621
="715288",10000,26000,-16000,-15121
="715289",0,100000,-100000,-17500
="715356",10000,10000,0,-200
="715519",3000,0,3000,2339
="715520",0,75000,-75000,-69750
="715521",10000,0,10000,5449
="715552",0,22000,-22000,-59070
="715553",0,10000,-10000,-8100
="715556",12000,4000,8000,17161
="715609",5000,53000,-48000,-67778
="715657",213000,117000,96000,106461
="715658",25000,14000,11000,10200
="715660",48000,0,48000,184597
="715661",10000,220000,-210000,-370841
="715662",5000,231000,-226000,-391239
="715692",1000,0,1000,819
="715693",53000,4000,49000,103349
="715694",55000,47000,8000,13419
="715743",41000,363000,-322000,-621580
="715780",80000,54000,26000,25900
="715813",39000,15000,24000,38970
="715814",57000,0,57000,33029
="715815",71000,26000,45000,87931
="715820",5000,0,5000,10750
="715850",0,13000,-13000,-13259
="715872",2000,0,2000,2068
="715901",12000,44000,-32000,-52748
="715935",1000,373000,-372000,-540938
="715939",0,90000,-90000,-118800
="715972",32000,0,32000,64910
="716017",0,105000,-105000,-56700
="716032",301000,3000,298000,345650
="716033",0,19000,-19000,-15559
="716034",73000,5000,68000,70238
="716035",10000,0,10000,22000
="716036",22000,31000,-9000,-14050
="716037",0,5000,-5000,-8379
="716067",150000,0,150000,96500
="716110",5000,15000,-10000,-14218
="716111",43000,54000,-11000,-13640
="716112",39000,37000,2000,1961
="716137",3000,0,3000,2699
="716251",0,26000,-26000,-73819
="716281",100000,0,100000,81000
="716295",14000,45000,-31000,-68318
="716296",17000,24000,-7000,-14490
="716297",17000,35000,-18000,-30701
="716298",1000,127000,-126000,-221177
="716358",45000,20000,25000,49351
="716362",150000,0,150000,85499
="716367",17000,0,17000,25839
="716368",0,19000,-19000,-35859
="716369",8000,210000,-202000,-457400
="716370",131000,153000,-22000,-40999
="716381",0,15000,-15000,-25299
="716433",20000,40000,-20000,-25400
="716462",11000,0,11000,9570
="716592",0,1000,-1000,-1019
="716594",0,3000,-3000,-3179
="716595",70000,34000,36000,58210
="716596",52000,10000,42000,72819
="716677",281000,144000,137000,148620
="716679",40000,25000,15000,17599
="716785",17000,0,17000,33510
="716816",905000,65000,840000,739799
="716837",591000,10000,581000,912529
="716838",0,35000,-35000,-30100
="716890",258000,0,258000,402058
="716905",77000,120000,-43000,-38148
="716907",165000,248000,-83000,-76668
="716908",0,210000,-210000,-186647
="716933",25000,0,25000,77499
="716939",40000,0,40000,64599
="716953",0,1000,-1000,-759
="716954",10000,111000,-101000,-145467
="716955",0,35000,-35000,-31699
="716956",6000,320000,-314000,-273879
="716957",2000,0,2000,1360
="716958",505000,1290000,-785000,-844416
="716997",168000,0,168000,124680
="716998",32000,2000,30000,24580
="716999",660000,85000,575000,665849
="717000",0,41000,-41000,-43269
="717024",0,3000,-3000,-2250
="717086",0,38000,-38000,-32350
="717101",1000,52000,-51000,-42250
="717102",200000,322000,-122000,-100057
="717103",810000,480000,330000,433361
="717159",30000,0,30000,87000
="717192",40000,0,40000,396498
="717197",70000,0,70000,265498
="717203",0,41000,-41000,-77526
="717204",157000,218000,-61000,-104618
="717205",0,5000,-5000,-13849
="717208",259000,335000,-76000,-110047
="717210",53000,142000,-89000,-129918
="717305",500000,519000,-19000,-11331
="717307",10000,0,10000,5899
="717308",180000,0,180000,144000
="717333",115000,0,115000,311549
="717353",24000,453000,-429000,-612308
="717354",26000,10000,16000,13279
="717355",25000,0,25000,19179
="717356",60000,212000,-152000,-104840
="717358",10000,94000,-84000,-74439
="717359",22000,3000,19000,13149
="717360",0,21000,-21000,-22369
="717361",6000,27000,-21000,-18569
="717362",150000,0,150000,104999
="717364",0,2000,-2000,-2440
="717423",0,10000,-10000,-11799
="717459",10000,55000,-45000,-39959
="717460",325000,76000,249000,226991
="717461",62000,42000,20000,23852
="717462",53000,180000,-127000,-100690
="717464",0,136000,-136000,-97299
="717465",0,40000,-40000,-27200
="717466",0,107000,-107000,-115690
="717467",0,147000,-147000,-99960
="717468",0,171000,-171000,-111068
="717474",50000,0,50000,89598
="717475",30000,0,30000,50199
="717476",60000,0,60000,115797
="717489",10000,0,10000,16100
="717491",561000,461000,100000,117810
="717500",10000,0,10000,23900
="717509",85000,0,85000,115849
="717513",20000,55000,-35000,-34101
="717518",296000,903000,-607000,-594127
="717519",11000,16000,-5000,-4290
="717520",0,121000,-121000,-84699
="717523",310000,180000,130000,168151
="717524",90000,212000,-122000,-122078
="717525",125000,61000,64000,99119
="717526",40000,41000,-1000,-2939
="717531",120000,60000,60000,238699
="717566",0,5000,-5000,-3499
="717568",10000,45000,-35000,-27349
="717569",0,5000,-5000,-3350
="717570",68000,908000,-840000,-954646
="717601",0,512000,-512000,-357557
="717602",0,66000,-66000,-39620
="717605",10000,31000,-21000,-22918
="717606",0,25000,-25000,-14348
="717607",0,31000,-31000,-20770
="717609",0,61000,-61000,-50019
="717610",0,60000,-60000,-41399
="717611",0,130000,-130000,-81899
="717636",0,214000,-214000,-154059
="717639",0,657000,-657000,-580367
="717640",0,7000,-7000,-7198
="73597P",790000,0,790000,407998
="73604P",350000,50000,300000,402000
="73651P",0,10000,-10000,-5299
="73653P",49000,0,49000,39690
="73655P",62000,8000,54000,31320
="73679P",0,20000,-20000,-18200
="73686P",0,60000,-60000,-66599
="73689P",0,21000,-21000,-18310
="73692P",0,5000,-5000,-9300
="73693P",0,16000,-16000,-44639
="73717P",12000,41000,-29000,-31431
="73729P",46000,0,46000,54058
="73731P",47000,2000,45000,69369
="73740P",40000,0,40000,45199
="73747P",15000,0,15000,20100
="73748P",28000,0,28000,57417
="73753P",0,90000,-90000,-145800
="73755P",55000,2000,53000,58330
="73758P",0,20000,-20000,-30399
="73774P",10000,0,10000,13899
="73781P",80000,0,80000,69999
="73789P",0,21000,-21000,-15150
="73796P",130000,0,130000,47999
="73803P",460000,135000,325000,294440
="73804P",0,40000,-40000,-27599
="73805P",36000,10000,26000,19700
="8011",1,1000,-999,-25325
="8016",168050,74000,94050,15956375
="8021",1,0,1,28
="8024",0,5000,-5000,-70500
="8027",161000,6000,155000,14540600
="8028",46000,671000,-625000,-34842195
="8038",2001,0,2001,78439
="8039",1,0,1,54
="8043",1003,170,833,27087
="8044",2000,1000,1000,87800
="8046",110000,215000,-105000,-23244000
="8049",7001,0,7001,141770
="8050",1,0,1,38
="8054",0,2000,-2000,-43899
="8064",1000,0,1000,16399
="8066",1,0,1,54
="8067",2,0,2,19
="8068",101000,0,101000,2550350
="8069",5001,75000,-69999,-3237601
="8070",6100,5000,1100,32729
="8072",0,117000,-117000,-3508040
="8076",8000,2000,6000,181949
="8081",7000,8000,-1000,-170000
="8086",444000,127009,316991,47104168
="8088",0,3000,-3000,-92699
="8096",19001,17000,2001,25364
="8097",1000,1000,0,200
="8099",1000,1000,0,49
="8103",27000,35191,-8191,-306983
="8105",22000,11000,11000,133399
="8107",117000,0,117000,2661750
="8110",60000,12000,48000,648702
="8112",5000,20000,-15000,-527050
="8131",0,1000,-1000,-38500
="8150",3000,12000,-9000,-325849
="8163",0,2000,-2000,-89400
="8171",9000,1000,8000,341050
="8183",7000,2000,5000,120449
="8201",0,5000,-5000,-49600
="8213",0,1000,-1000,-45200
="8215",5000,39000,-34000,-936800
="8222",112,0,112,1478
="8234",0,3000,-3000,-74550
="8240",20000,0,20000,705000
="8255",1000,42000,-41000,-5250000
="8261",0,2000,-2000,-103299
="8271",2000,4000,-2000,-83949
="8277",1,366000,-365999,-3876384
="8279",0,1000,-1000,-112000
="8299",24000,46000,-22000,-8508500
="8358",446000,72000,374000,19710395
="8367",0,6000,-6000,-185100
="8390",0,14000,-14000,-454498
="8403",2000,2000,0,1100
="8410",7000,2000,5000,223800
="8411",36,0,36,504
="8423",1000,62,938,14971
="8424",0,103,-103,-5191
="8429",55,0,55,513
="8436",1000,6127,-5127,-1005392
="8454",9000,1050,7950,5901200
="8462",300,0,300,45300
="8478",1000,0,1000,48450
="8488",105000,0,105000,1632750
="8489",0,200,-200,-9930
="8916",1000,0,1000,39049
="8924",0,90000,-90000,-5410398
="8927",0,65000,-65000,-1178650
="8929",0,1000,-1000,-21100
="8930",0,2000,-2000,-27100
="8933",0,1000,-1000,-11149
="8937",1000,0,1000,15899
="8938",4000,3000,1000,40550
="8940",46,0,46,499
="8942",0,99,-99,-6108
="8996",3000,8000,-5000,-293999
="9103",13000,11000,2000,56998
="9105",11000,5000,6000,23230
="911608",10000,0,10000,39600
="911868",0,10000,-10000,-15599
="912398",1000,990,10,-25
="9188",0,1000,-1000,-3000
="9902",3000,0,3000,35550
="9904",79000,1000,78000,2298547
="9907",45,0,45,510
="9910",4000,3120,880,168820
="9911",0,2000,-2000,-102900
="9914",147000,16000,131000,34101000
="9917",0,4060,-4060,-358079
="9919",37000,99000,-62000,-1917951
="9921",25000,5000,20000,5897500
="9924",0,1000,-1000,-45049
="9926",81,1000,-919,-43920
="9933",2000,0,2000,73500
="9938",299000,33000,266000,20265994
="9940",0,16000,-16000,-465600
="9941",0,213,-213,-22684
="9941A",0,26000,-26000,-1315599
="9945",21250,10000,11250,456698
="9949",0,365,-365,-4507
="9951",1000,0,1000,96900
="9955",5000,0,5000,98000
="9958",21000,7000,14000,1445000
