="0050",5900,0,5900
="0052",1000,0,1000
="0056",189466,15000,174466
="0061",0,1000,-1000
="006208",252071,250000,2071
="00632R",650000,206000,444000
="00633L",13000,5000,8000
="00634R",10000,0,10000
="00635U",0,24000,-24000
="00636",10000,1000,9000
="00637L",6000,680000,-674000
="00638R",650000,0,650000
="00642U",36000,0,36000
="00647L",1000,0,1000
="00650L",5000,5000,0
="00662",0,3000,-3000
="00669R",0,10000,-10000
="00670L",1000,0,1000
="00671R",30000,0,30000
="00673R",1000,0,1000
="00677U",670000,128000,542000
="00679B",0,20000,-20000
="00682U",0,46000,-46000
="00683L",0,24000,-24000
="00687B",16000,84000,-68000
="00688L",50000,50000,0
="00689R",50000,50000,0
="00692",1050,1500,-450
="00693U",0,1007000,-1007000
="00694B",50000,51000,-1000
="00695B",50000,68000,-18000
="00696B",100000,116000,-16000
="00697B",50000,103000,-53000
="00701",10000,0,10000
="00703",0,7000,-7000
="00708L",1000,2000,-1000
="00712",113000,0,113000
="00715L",10000,0,10000
="00718B",239000,99000,140000
="00719B",50000,50000,0
="00721B",50000,50000,0
="00722B",74000,68000,6000
="00723B",59000,53000,6000
="00724B",62000,58000,4000
="00733",100000,100000,0
="00738U",5000,1000,4000
="00740B",1000,0,1000
="00741B",0,49000,-49000
="00746B",1000,0,1000
="00751B",50000,102000,-52000
="00752",9000,0,9000
="00754B",50000,50000,0
="00755B",52000,52000,0
="00756B",53000,55000,-2000
="00757",1000,0,1000
="00762",15000,11000,4000
="00764B",50000,50000,0
="00765B",50000,50000,0
="00771",0,87000,-87000
="00772B",70000,126000,-56000
="00773B",70000,76000,-6000
="00786B",0,1000,-1000
="00787B",0,5000,-5000
="00795B",70000,70000,0
="00796B",72000,70000,2000
="00830",3000,3000,0
="00847B",70000,70000,0
="00848B",70000,72000,-2000
="00849B",70000,75000,-5000
="00850",0,51000,-51000
="00861",4000,13000,-9000
="00862B",70000,73000,-3000
="00863B",70000,70000,0
="00864B",70000,70000,0
="00868B",50000,50000,0
="00869B",50000,50000,0
="00870B",50000,50000,0
="00871B",54000,50000,4000
="00876",1915000,0,1915000
="00877",0,11000,-11000
="00878",2000,1000,1000
="00881",325000,17000,308000
="020011",20000,6000,14000
="020015",0,1000,-1000
="020016",0,3000,-3000
="020018",21000,73000,-52000
="020019",79000,124000,-45000
="020021",344000,612000,-268000
="020022",1000,0,1000
="03049P",0,20000,-20000
="03396P",70000,0,70000
="03572P",150000,150000,0
="03859P",0,9000,-9000
="03952P",0,20000,-20000
="04512P",20000,0,20000
="04513P",35000,135000,-100000
="04594P",1000,0,1000
="04664P",20000,0,20000
="04686P",0,150000,-150000
="04729P",270000,0,270000
="04826P",223000,63000,160000
="04828P",0,10000,-10000
="04861P",0,5000,-5000
="04931P",20000,0,20000
="04978P",100000,0,100000
="04985P",244000,30000,214000
="05006P",20000,120000,-100000
="05009P",0,499000,-499000
="05089P",0,960000,-960000
="05102P",0,18000,-18000
="05103P",945000,20000,925000
="05104P",0,64000,-64000
="05128P",6000,14000,-8000
="05129P",0,32000,-32000
="05132P",50000,50000,0
="05143P",0,20000,-20000
="05144P",360000,50000,310000
="05154P",0,499000,-499000
="05161P",0,45000,-45000
="05189P",0,60000,-60000
="05237P",0,56000,-56000
="05279P",0,10000,-10000
="05297P",50000,8000,42000
="05299P",13000,0,13000
="05320P",0,998000,-998000
="05390P",0,994000,-994000
="05422P",1991000,3249000,-1258000
="05447P",5000,0,5000
="05482P",0,249000,-249000
="05495P",0,600000,-600000
="05500P",0,3000,-3000
="05515P",0,800000,-800000
="05570P",20000,0,20000
="05584P",0,300000,-300000
="05594P",0,49000,-49000
="05621P",0,300000,-300000
="05632P",33000,14000,19000
="05650P",0,998000,-998000
="05697P",0,294000,-294000
="05698P",0,6000,-6000
="060342",0,42000,-42000
="060890",798000,0,798000
="061087",5000,20000,-15000
="061289",1000,0,1000
="061292",1000,0,1000
="062122",17000,11000,6000
="062214",225000,0,225000
="062221",150000,0,150000
="062416",90000,1000,89000
="062422",32000,10000,22000
="062427",10000,0,10000
="062581",1000,0,1000
="062684",96000,0,96000
="062688",10000,0,10000
="062806",6000,1000,5000
="063050",120000,0,120000
="063051",0,3000,-3000
="063057",609000,50000,559000
="063133",0,22000,-22000
="063134",22000,0,22000
="063145",100000,0,100000
="063201",51000,234000,-183000
="063207",0,11000,-11000
="063347",30000,77000,-47000
="063350",30000,0,30000
="063436",0,5000,-5000
="063440",0,14000,-14000
="063444",184000,85000,99000
="063452",35000,104000,-69000
="063536",141000,0,141000
="063662",55000,100000,-45000
="063671",3000,1677000,-1674000
="063761",10000,0,10000
="063788",130000,0,130000
="063927",1000,0,1000
="064039",14000,12000,2000
="064047",10000,0,10000
="064055",10000,70000,-60000
="064137",1000,0,1000
="064152",5000,33000,-28000
="064162",35000,8000,27000
="064231",257000,0,257000
="064232",0,2000,-2000
="064234",0,3000,-3000
="064241",210000,200000,10000
="064244",300000,0,300000
="064367",51000,1000,50000
="064368",20000,1000,19000
="064446",2000,0,2000
="064447",3000,109000,-106000
="064448",10000,0,10000
="064453",10000,65000,-55000
="064455",4000,0,4000
="064456",200000,80000,120000
="064459",61000,20000,41000
="064461",5000,0,5000
="064465",35000,20000,15000
="064596",333000,0,333000
="064710",17000,0,17000
="064713",263000,278000,-15000
="064714",302000,41000,261000
="064718",12000,0,12000
="064719",5000,10000,-5000
="064724",1000,0,1000
="064822",4000,0,4000
="064827",0,33000,-33000
="064843",33000,0,33000
="064915",90000,2000,88000
="064916",43000,140000,-97000
="064917",6000,10000,-4000
="064918",0,30000,-30000
="064919",80000,302000,-222000
="064921",16000,0,16000
="064925",0,4000,-4000
="064927",20000,0,20000
="064928",0,10000,-10000
="064929",103000,0,103000
="064933",50000,0,50000
="064935",2000,0,2000
="065036",10000,0,10000
="065184",0,1000,-1000
="065185",0,265000,-265000
="065297",0,9000,-9000
="065315",50000,0,50000
="065337",20000,0,20000
="065342",1000,0,1000
="065353",0,17000,-17000
="065445",0,499000,-499000
="065451",0,310000,-310000
="065532",0,2000,-2000
="065541",85000,180000,-95000
="065678",16000,0,16000
="065679",278000,45000,233000
="065683",10000,220000,-210000
="065685",0,167000,-167000
="065686",10000,509000,-499000
="065888",49000,42000,7000
="065889",42000,16000,26000
="065890",7000,11000,-4000
="065893",100000,0,100000
="065895",2000,0,2000
="065897",2000,0,2000
="065944",40000,0,40000
="065945",910000,67000,843000
="065946",61000,0,61000
="065950",89000,10000,79000
="065957",0,10000,-10000
="066005",0,1000,-1000
="066009",479000,0,479000
="066197",0,20000,-20000
="066198",67000,13000,54000
="066200",10000,0,10000
="066201",139000,0,139000
="066203",289000,616000,-327000
="066204",0,50000,-50000
="066205",10000,10000,0
="066213",0,300000,-300000
="066216",3000,4000,-1000
="066217",13000,3000,10000
="066456",10000,15000,-5000
="066458",10000,3000,7000
="066471",50000,0,50000
="066524",26000,2000,24000
="066525",153000,40000,113000
="066526",219000,2207000,-1988000
="066529",9000,0,9000
="066694",0,3000,-3000
="066994",0,10000,-10000
="067143",5000,0,5000
="067144",21000,20000,1000
="067149",0,26000,-26000
="067150",940000,631000,309000
="067151",27000,0,27000
="067156",3000,0,3000
="067157",10000,2000,8000
="067167",0,100000,-100000
="067272",20000,0,20000
="067274",0,130000,-130000
="067276",60000,120000,-60000
="067277",25000,50000,-25000
="067278",15000,0,15000
="067291",0,40000,-40000
="067353",0,40000,-40000
="067368",41000,2000,39000
="067369",885000,0,885000
="067370",68000,97000,-29000
="067371",30000,0,30000
="067372",5000,30000,-25000
="067373",50000,10000,40000
="067383",20000,2000,18000
="067450",40000,0,40000
="067501",4000,0,4000
="067503",0,5000,-5000
="067504",210000,0,210000
="067505",0,15000,-15000
="067510",0,100000,-100000
="067515",0,4000,-4000
="067619",0,2000,-2000
="067637",0,60000,-60000
="067638",31000,0,31000
="067642",0,10000,-10000
="067643",50000,0,50000
="067709",5000,0,5000
="067766",2000,0,2000
="067767",43000,0,43000
="067768",46000,50000,-4000
="067769",30000,0,30000
="067770",6000,6000,0
="067772",77000,19000,58000
="067774",883000,40000,843000
="067775",245000,469000,-224000
="067776",100000,0,100000
="067831",0,10000,-10000
="067832",51000,191000,-140000
="067834",5000,4000,1000
="067836",21000,0,21000
="067837",0,120000,-120000
="068045",10000,55000,-45000
="068046",2000,11000,-9000
="068047",24000,15000,9000
="068048",0,40000,-40000
="068129",220000,55000,165000
="068131",472000,100000,372000
="068217",351000,213000,138000
="068219",50000,0,50000
="068220",1599000,567000,1032000
="068221",73000,31000,42000
="068223",0,5000,-5000
="068224",0,1000,-1000
="068364",0,10000,-10000
="068383",233000,451000,-218000
="068384",12000,0,12000
="068385",2000,0,2000
="068386",45000,26000,19000
="068387",25000,72000,-47000
="068389",50000,30000,20000
="068390",65000,221000,-156000
="068391",400000,10000,390000
="068394",249000,181000,68000
="068395",100000,0,100000
="068396",9000,0,9000
="068407",0,10000,-10000
="068510",10000,12000,-2000
="068511",1099000,845000,254000
="068513",20000,0,20000
="068515",0,4000,-4000
="068516",547000,678000,-131000
="068518",20000,0,20000
="068519",4000,0,4000
="068521",0,47000,-47000
="068593",20000,1000,19000
="068594",11000,0,11000
="068595",11000,0,11000
="068666",1000,0,1000
="068667",2000,2000,0
="068669",200000,100000,100000
="068670",656000,360000,296000
="068672",30000,0,30000
="068673",790000,135000,655000
="068674",63000,578000,-515000
="068764",4000,1000,3000
="068766",2000,0,2000
="068767",22000,0,22000
="068769",40000,10000,30000
="068771",690000,297000,393000
="068772",1000,0,1000
="068841",400000,0,400000
="068843",0,10000,-10000
="068844",20000,1000,19000
="068845",46000,500000,-454000
="068848",101000,0,101000
="068849",90000,0,90000
="068852",86000,801000,-715000
="068854",110000,1069000,-959000
="068882",28000,6000,22000
="068883",20000,11000,9000
="068884",118000,859000,-741000
="068888",0,2000,-2000
="068998",70000,0,70000
="069030",0,105000,-105000
="069031",10000,0,10000
="069040",79000,0,79000
="069091",0,50000,-50000
="069094",1040000,212000,828000
="069095",426000,618000,-192000
="069096",0,10000,-10000
="069098",0,96000,-96000
="069099",179000,150000,29000
="069105",57000,30000,27000
="069106",75000,0,75000
="069190",214000,831000,-617000
="069191",0,9000,-9000
="069396",40000,0,40000
="069397",115000,220000,-105000
="069402",10000,2000,8000
="069404",4000,0,4000
="069407",0,1000,-1000
="069408",0,12000,-12000
="069409",50000,0,50000
="069411",0,260000,-260000
="069412",15000,558000,-543000
="069414",3314000,1896000,1418000
="069415",56000,0,56000
="069416",205000,97000,108000
="069446",0,40000,-40000
="069448",300000,32000,268000
="069449",0,500000,-500000
="069453",24000,0,24000
="069612",1000,16000,-15000
="069614",104000,10000,94000
="069616",114000,42000,72000
="069617",6000,0,6000
="069622",175000,110000,65000
="069691",2579000,2519000,60000
="069692",20000,0,20000
="069693",790000,312000,478000
="069823",0,291000,-291000
="069824",0,5000,-5000
="069927",0,250000,-250000
="069928",2000,6000,-4000
="069930",2000,0,2000
="069931",116000,0,116000
="069933",5000,20000,-15000
="069936",45000,4000,41000
="070133",483000,780000,-297000
="070135",30000,60000,-30000
="070136",314000,1810000,-1496000
="070138",0,22000,-22000
="070139",50000,10000,40000
="070141",0,10000,-10000
="070143",0,430000,-430000
="070146",59000,17000,42000
="070147",806000,253000,553000
="070148",90000,82000,8000
="070245",265000,561000,-296000
="070247",0,5000,-5000
="070249",99000,0,99000
="070250",10000,506000,-496000
="070251",130000,1129000,-999000
="070252",434000,254000,180000
="070255",770000,641000,129000
="070258",0,280000,-280000
="070376",104000,24000,80000
="070426",92000,0,92000
="070428",20000,5000,15000
="070430",12000,0,12000
="070431",1000,1000,0
="070444",94000,320000,-226000
="070445",303000,589000,-286000
="070531",20000,10000,10000
="070533",5000,0,5000
="070534",87000,76000,11000
="070538",30000,0,30000
="070539",5000,10000,-5000
="070605",3000,0,3000
="070606",70000,260000,-190000
="070607",78000,20000,58000
="070608",110000,110000,0
="070609",202000,39000,163000
="070632",499000,499000,0
="070812",20000,0,20000
="070840",30000,0,30000
="070857",350000,25000,325000
="070859",30000,0,30000
="070860",880000,345000,535000
="070862",0,99000,-99000
="070864",290000,4000,286000
="070865",5000,0,5000
="070867",0,270000,-270000
="070913",31000,72000,-41000
="070974",100000,0,100000
="071125",110000,0,110000
="071127",22000,0,22000
="071128",5000,3000,2000
="071129",1000,0,1000
="071130",0,1000,-1000
="071131",0,130000,-130000
="071206",0,4000,-4000
="071214",1000,97000,-96000
="071215",2000,44000,-42000
="071217",60000,0,60000
="071218",11000,40000,-29000
="071220",25000,60000,-35000
="071221",0,56000,-56000
="071223",0,15000,-15000
="071224",2000,0,2000
="071225",0,28000,-28000
="071226",0,25000,-25000
="071248",10000,0,10000
="071319",3000,20000,-17000
="071320",2000,0,2000
="071321",11000,393000,-382000
="071322",271000,406000,-135000
="071324",1000,0,1000
="071325",1000,0,1000
="071327",0,383000,-383000
="071331",45000,436000,-391000
="071332",18000,28000,-10000
="071334",216000,254000,-38000
="071335",24000,11000,13000
="071397",5000,0,5000
="071445",65000,11000,54000
="071446",63000,34000,29000
="071447",80000,30000,50000
="071448",351000,10000,341000
="071457",0,260000,-260000
="071567",254000,148000,106000
="071569",73000,0,73000
="071571",200000,200000,0
="071572",0,2000,-2000
="071843",6000,16000,-10000
="071845",46000,244000,-198000
="071847",30000,10000,20000
="071890",11000,0,11000
="072046",646000,125000,521000
="072050",138000,0,138000
="072051",20000,11000,9000
="072112",2000,4000,-2000
="072121",0,30000,-30000
="072122",90000,195000,-105000
="072124",1000,10000,-9000
="072254",0,30000,-30000
="072298",100000,0,100000
="072300",0,9000,-9000
="072303",10000,11000,-1000
="072305",50000,0,50000
="072306",0,270000,-270000
="072308",263000,75000,188000
="072309",32000,0,32000
="072310",0,10000,-10000
="072312",20000,20000,0
="072313",67000,10000,57000
="072314",0,22000,-22000
="072403",39000,22000,17000
="072404",17000,5000,12000
="072405",35000,0,35000
="072409",108000,65000,43000
="072410",137000,214000,-77000
="072412",371000,81000,290000
="072482",200000,160000,40000
="072534",5000,0,5000
="072556",70000,16000,54000
="072557",20000,0,20000
="072559",99000,371000,-272000
="072560",0,202000,-202000
="072561",0,30000,-30000
="072562",1000,193000,-192000
="072565",0,20000,-20000
="072566",92000,274000,-182000
="072567",0,10000,-10000
="072568",432000,106000,326000
="072628",310000,117000,193000
="072633",275000,234000,41000
="072635",42000,0,42000
="072636",32000,0,32000
="072639",3000,60000,-57000
="072708",36000,0,36000
="072710",10000,20000,-10000
="072711",148000,205000,-57000
="072712",11000,0,11000
="072798",6000,20000,-14000
="072807",12000,0,12000
="072811",20000,0,20000
="072812",116000,31000,85000
="072813",2000,53000,-51000
="072964",421000,350000,71000
="072968",287000,0,287000
="072970",10000,20000,-10000
="072971",22000,76000,-54000
="072972",332000,358000,-26000
="072973",143000,43000,100000
="073027",26000,48000,-22000
="073029",0,8000,-8000
="073030",0,4000,-4000
="073031",527000,483000,44000
="073032",215000,0,215000
="073035",225000,0,225000
="073036",36000,0,36000
="073037",209000,61000,148000
="073038",293000,303000,-10000
="073039",85000,282000,-197000
="073040",20000,2000,18000
="073094",35000,70000,-35000
="073099",10000,0,10000
="073100",82000,0,82000
="073102",77000,0,77000
="073103",97000,0,97000
="073104",30000,25000,5000
="073105",50000,20000,30000
="073218",100000,0,100000
="073346",8000,0,8000
="073377",1000,50000,-49000
="073379",20000,0,20000
="073382",103000,15000,88000
="073383",13000,1000,12000
="073384",41000,0,41000
="073387",0,59000,-59000
="073388",152000,6000,146000
="073389",150000,0,150000
="073390",0,98000,-98000
="073489",48000,84000,-36000
="073490",25000,0,25000
="073493",216000,654000,-438000
="073495",35000,0,35000
="073496",46000,0,46000
="073500",139000,0,139000
="073502",15000,42000,-27000
="073503",0,76000,-76000
="073504",0,10000,-10000
="073615",0,40000,-40000
="073616",0,49000,-49000
="073618",134000,0,134000
="073712",9000,0,9000
="073737",32000,0,32000
="073741",0,19000,-19000
="073742",124000,6000,118000
="073743",8000,5000,3000
="073744",20000,104000,-84000
="073745",49000,10000,39000
="073746",0,50000,-50000
="073747",1000,10000,-9000
="073748",10000,0,10000
="073808",0,4000,-4000
="073809",10000,2000,8000
="073810",26000,0,26000
="073811",42000,22000,20000
="073813",54000,27000,27000
="073821",10000,0,10000
="073851",0,1000,-1000
="073981",40000,0,40000
="073983",1000,0,1000
="073984",433000,527000,-94000
="073985",0,60000,-60000
="073986",1000,1000,0
="074061",5000,0,5000
="074062",44000,21000,23000
="074063",201000,0,201000
="074065",283000,495000,-212000
="074066",164000,0,164000
="074067",321000,41000,280000
="074068",524000,38000,486000
="074165",5000,0,5000
="074167",26000,1000,25000
="074168",0,25000,-25000
="074169",55000,0,55000
="074257",0,390000,-390000
="074258",78000,0,78000
="074343",5000,2000,3000
="074344",0,2000,-2000
="074345",11000,50000,-39000
="074346",116000,0,116000
="074347",2273000,2310000,-37000
="074349",60000,5000,55000
="074350",267000,27000,240000
="074351",0,3000,-3000
="074352",0,290000,-290000
="074353",8000,11000,-3000
="074354",557000,235000,322000
="074355",0,238000,-238000
="074444",76000,24000,52000
="074445",10000,0,10000
="074447",105000,63000,42000
="074448",20000,285000,-265000
="074450",1000,0,1000
="074451",11000,10000,1000
="074452",16000,15000,1000
="074453",129000,803000,-674000
="074454",66000,129000,-63000
="074455",0,40000,-40000
="074491",10000,0,10000
="074493",0,3000,-3000
="074495",33000,380000,-347000
="074496",20000,105000,-85000
="074497",39000,0,39000
="074498",31000,0,31000
="074499",15000,0,15000
="074677",40000,20000,20000
="074678",28000,0,28000
="074680",16000,10000,6000
="074681",1000,61000,-60000
="074684",32000,0,32000
="074685",18000,16000,2000
="074686",24000,14000,10000
="074687",143000,287000,-144000
="074689",22000,42000,-20000
="074690",124000,182000,-58000
="074758",0,1000,-1000
="074782",10000,0,10000
="074783",181000,0,181000
="074789",7000,21000,-14000
="074790",138000,8000,130000
="074791",0,15000,-15000
="074792",53000,0,53000
="074793",120000,10000,110000
="074794",0,21000,-21000
="074795",0,10000,-10000
="074796",0,58000,-58000
="074798",13000,10000,3000
="074799",9000,0,9000
="074800",16000,4000,12000
="074801",184000,2000,182000
="074802",83000,36000,47000
="074806",104000,103000,1000
="074807",144000,57000,87000
="074809",38000,99000,-61000
="074810",61000,126000,-65000
="074811",19000,0,19000
="074812",225000,0,225000
="074813",204000,0,204000
="074814",60000,9000,51000
="074815",36000,0,36000
="074816",4000,0,4000
="074818",0,3000,-3000
="074819",8000,21000,-13000
="074860",12000,0,12000
="074895",5000,0,5000
="074896",11000,2000,9000
="074900",46000,1000,45000
="074901",23000,0,23000
="074902",225000,0,225000
="074903",342000,745000,-403000
="074905",111000,0,111000
="074907",40000,35000,5000
="074908",30000,18000,12000
="075049",0,27000,-27000
="075050",60000,0,60000
="075051",59000,37000,22000
="075052",55000,22000,33000
="075053",1000,0,1000
="075054",28000,0,28000
="075167",4000,0,4000
="075168",1000,0,1000
="075170",67000,0,67000
="075172",266000,52000,214000
="075173",0,47000,-47000
="075174",123000,241000,-118000
="075240",0,5000,-5000
="075243",111000,59000,52000
="075245",0,14000,-14000
="075267",0,20000,-20000
="075396",186000,31000,155000
="075397",223000,26000,197000
="075398",22000,33000,-11000
="075399",748000,165000,583000
="075400",50000,10000,40000
="075401",20000,30000,-10000
="075402",2000,0,2000
="075405",179000,203000,-24000
="075406",86000,30000,56000
="075407",9000,104000,-95000
="075409",35000,0,35000
="075412",0,60000,-60000
="075513",79000,317000,-238000
="075515",55000,0,55000
="075517",98000,77000,21000
="075640",1000,11000,-10000
="075641",1000,140000,-139000
="075642",143000,439000,-296000
="075691",101000,44000,57000
="075693",43000,89000,-46000
="075694",0,6000,-6000
="075696",25000,11000,14000
="075697",198000,21000,177000
="075699",28000,322000,-294000
="075700",60000,30000,30000
="075701",0,20000,-20000
="075827",84000,0,84000
="075828",393000,72000,321000
="075829",37000,192000,-155000
="075830",0,27000,-27000
="075831",113000,87000,26000
="075964",18000,67000,-49000
="075965",248000,383000,-135000
="075966",0,26000,-26000
="075968",11000,0,11000
="075969",124000,53000,71000
="075970",187000,188000,-1000
="075971",138000,90000,48000
="075972",160000,113000,47000
="076006",100000,0,100000
="076024",0,10000,-10000
="076055",0,65000,-65000
="076057",2000,123000,-121000
="076060",10000,0,10000
="076061",39000,46000,-7000
="076062",0,95000,-95000
="076064",214000,399000,-185000
="076180",10000,0,10000
="076182",0,10000,-10000
="076183",16000,0,16000
="076184",29000,71000,-42000
="076185",14000,138000,-124000
="076289",59000,2000,57000
="076290",51000,0,51000
="076291",105000,5000,100000
="076292",158000,511000,-353000
="076405",80000,3000,77000
="076406",270000,212000,58000
="076408",144000,0,144000
="076410",216000,96000,120000
="076411",10000,27000,-17000
="076412",27000,130000,-103000
="076413",9000,59000,-50000
="076414",50000,253000,-203000
="076415",75000,135000,-60000
="076416",391000,141000,250000
="076417",160000,173000,-13000
="076418",459000,271000,188000
="076419",216000,0,216000
="076420",70000,279000,-209000
="076421",0,98000,-98000
="076651",0,68000,-68000
="076652",199000,381000,-182000
="076654",0,1000,-1000
="076655",55000,23000,32000
="076716",2000,0,2000
="076913",114000,8000,106000
="076914",0,10000,-10000
="076916",71000,0,71000
="076917",33000,0,33000
="076918",256000,0,256000
="076921",0,20000,-20000
="076922",123000,0,123000
="076923",22000,170000,-148000
="076998",110000,120000,-10000
="077039",35000,0,35000
="077060",20000,0,20000
="077061",60000,90000,-30000
="077064",198000,10000,188000
="077065",86000,201000,-115000
="077066",345000,211000,134000
="077067",595000,260000,335000
="077068",420000,48000,372000
="077069",1000,0,1000
="077103",11000,148000,-137000
="077104",34000,30000,4000
="077107",71000,47000,24000
="077108",131000,97000,34000
="077109",154000,151000,3000
="077110",1000,0,1000
="077274",0,5000,-5000
="077275",14000,6000,8000
="077276",146000,236000,-90000
="077277",379000,165000,214000
="077278",73000,10000,63000
="077279",0,225000,-225000
="077280",0,10000,-10000
="077281",558000,117000,441000
="077412",4000,10000,-6000
="077585",0,188000,-188000
="077586",19000,91000,-72000
="077587",68000,62000,6000
="077588",167000,325000,-158000
="077591",11000,0,11000
="077592",1000,50000,-49000
="077593",37000,310000,-273000
="077594",20000,0,20000
="077595",187000,63000,124000
="077596",15000,0,15000
="077648",117000,50000,67000
="077649",20000,15000,5000
="077652",10000,76000,-66000
="077653",50000,59000,-9000
="077654",78000,120000,-42000
="077655",10000,13000,-3000
="077656",282000,4000,278000
="077657",30000,70000,-40000
="077658",225000,473000,-248000
="077659",212000,132000,80000
="077752",0,141000,-141000
="077810",10000,5000,5000
="077811",65000,4000,61000
="077812",81000,7000,74000
="077941",13000,9000,4000
="077942",67000,254000,-187000
="077944",183000,129000,54000
="077945",315000,644000,-329000
="077946",179000,268000,-89000
="077963",30000,0,30000
="078038",97000,0,97000
="078064",0,65000,-65000
="078075",6000,0,6000
="078087",57000,126000,-69000
="078088",78000,0,78000
="078089",618000,182000,436000
="078090",0,5000,-5000
="078091",20000,6000,14000
="078092",104000,250000,-146000
="078093",121000,37000,84000
="078094",158000,20000,138000
="078095",34000,57000,-23000
="078096",48000,31000,17000
="078097",910000,11000,899000
="078098",177000,57000,120000
="078099",173000,11000,162000
="078128",3000,0,3000
="078341",5000,0,5000
="078461",104000,133000,-29000
="078462",20000,30000,-10000
="078465",56000,0,56000
="078466",0,45000,-45000
="078467",0,10000,-10000
="078469",30000,8000,22000
="078470",298000,1104000,-806000
="078471",30000,52000,-22000
="078472",0,164000,-164000
="078473",242000,86000,156000
="078474",5000,0,5000
="078475",73000,95000,-22000
="078476",400000,0,400000
="078477",95000,76000,19000
="078599",10000,0,10000
="078610",5000,0,5000
="078626",1000,0,1000
="078696",20000,0,20000
="078717",10000,10000,0
="078718",0,72000,-72000
="078719",48000,34000,14000
="078720",55000,1229000,-1174000
="078722",35000,0,35000
="078723",15000,15000,0
="078724",30000,60000,-30000
="078725",0,1000,-1000
="078727",7000,5000,2000
="078845",0,20000,-20000
="078846",37000,133000,-96000
="078847",53000,30000,23000
="078848",1107000,1067000,40000
="078849",208000,11000,197000
="078850",3000,0,3000
="078852",15000,0,15000
="078853",48000,50000,-2000
="078854",148000,475000,-327000
="078855",157000,78000,79000
="078856",79000,262000,-183000
="078857",3000,0,3000
="078871",50000,25000,25000
="078942",357000,3000,354000
="078943",0,100000,-100000
="078944",0,19000,-19000
="078945",264000,43000,221000
="078946",61000,0,61000
="078947",0,28000,-28000
="079090",0,30000,-30000
="079091",30000,325000,-295000
="079285",202000,342000,-140000
="079288",391000,0,391000
="079289",0,186000,-186000
="079290",137000,160000,-23000
="079291",0,165000,-165000
="079386",0,5000,-5000
="079425",0,3000,-3000
="079426",63000,993000,-930000
="079427",35000,118000,-83000
="079428",4000,6000,-2000
="079429",48000,9000,39000
="079430",21000,21000,0
="079432",180000,0,180000
="079433",0,15000,-15000
="079434",44000,20000,24000
="079435",30000,522000,-492000
="079457",201000,20000,181000
="079582",54000,0,54000
="079583",0,70000,-70000
="079584",4000,151000,-147000
="079585",385000,97000,288000
="079654",0,3000,-3000
="079662",0,158000,-158000
="079680",150000,0,150000
="079727",111000,947000,-836000
="079728",10000,24000,-14000
="079729",3147000,797000,2350000
="079730",312000,35000,277000
="079731",118000,0,118000
="079732",67000,201000,-134000
="079733",0,1000,-1000
="079735",50000,5000,45000
="079736",292000,392000,-100000
="079737",70000,30000,40000
="079738",10000,0,10000
="079739",17000,127000,-110000
="079740",413000,125000,288000
="079741",286000,144000,142000
="079742",604000,158000,446000
="079743",10000,200000,-190000
="079745",30000,7000,23000
="079868",1000,28000,-27000
="079869",1000,4000,-3000
="079870",0,29000,-29000
="079871",102000,44000,58000
="079872",23000,50000,-27000
="079873",20000,15000,5000
="079979",100000,13000,87000
="079980",0,102000,-102000
="079981",499000,810000,-311000
="079982",3000,20000,-17000
="079983",768000,53000,715000
="079984",529000,127000,402000
="079985",270000,659000,-389000
="080004",1000,0,1000
="080161",4000,2000,2000
="080162",183000,0,183000
="080163",20000,0,20000
="080164",0,170000,-170000
="080165",0,33000,-33000
="080166",169000,105000,64000
="080167",14000,88000,-74000
="080168",21000,56000,-35000
="080169",5000,318000,-313000
="080170",1607000,2455000,-848000
="080171",40000,255000,-215000
="080172",78000,35000,43000
="080174",69000,86000,-17000
="080175",368000,220000,148000
="080176",6000,0,6000
="080177",378000,247000,131000
="080178",532000,408000,124000
="080180",235000,6000,229000
="080181",32000,1690000,-1658000
="080182",344000,48000,296000
="080183",1000,0,1000
="080184",294000,263000,31000
="080185",303000,629000,-326000
="080186",3000,166000,-163000
="080187",24000,4000,20000
="080230",0,110000,-110000
="080290",2000,0,2000
="080316",499000,0,499000
="080343",220000,11000,209000
="080344",0,210000,-210000
="080345",242000,0,242000
="080346",0,58000,-58000
="080347",0,189000,-189000
="080348",101000,126000,-25000
="080349",583000,325000,258000
="080351",164000,433000,-269000
="080386",397000,0,397000
="080490",100000,0,100000
="080523",1000,0,1000
="080539",0,11000,-11000
="080540",0,35000,-35000
="080541",89000,25000,64000
="080542",1000,0,1000
="080543",303000,40000,263000
="080544",0,139000,-139000
="080545",0,20000,-20000
="080546",81000,142000,-61000
="080547",220000,8000,212000
="080593",299000,0,299000
="080594",162000,492000,-330000
="080595",5000,7000,-2000
="080596",113000,36000,77000
="080597",0,66000,-66000
="080600",201000,30000,171000
="080601",0,10000,-10000
="080602",94000,136000,-42000
="080603",0,71000,-71000
="080675",0,100000,-100000
="080846",245000,69000,176000
="080857",0,30000,-30000
="080858",36000,0,36000
="080859",186000,172000,14000
="080860",361000,241000,120000
="080861",668000,1574000,-906000
="080863",100000,30000,70000
="080864",21000,15000,6000
="080865",0,34000,-34000
="080867",30000,983000,-953000
="080868",18000,50000,-32000
="080869",42000,0,42000
="080870",0,5000,-5000
="081014",0,3000,-3000
="081015",0,3000,-3000
="081016",30000,0,30000
="081018",0,15000,-15000
="081020",0,139000,-139000
="081021",87000,2486000,-2399000
="081024",0,574000,-574000
="081200",5000,0,5000
="081217",0,95000,-95000
="081218",0,23000,-23000
="081219",0,30000,-30000
="081221",0,10000,-10000
="081223",0,30000,-30000
="081224",0,1248000,-1248000
="081225",0,212000,-212000
="081226",0,908000,-908000
="081233",0,15000,-15000
="08538P",0,1030000,-1030000
="08587P",0,1700000,-1700000
="08748P",100000,0,100000
="08866P",0,5000,-5000
="08940P",0,600000,-600000
="1101",972000,2435500,-1463500
="1102",61000,0,61000
="1108",0,4000,-4000
="1201",3000,100,2900
="1210",2000,26000,-24000
="1215",11000,13000,-2000
="1216",501000,0,501000
="1217",0,20000,-20000
="1229",0,2720,-2720
="1231",3000,3000,0
="1232",0,6000,-6000
="1301",7000,801179,-794179
="1303",100,200000,-199900
="1304",10500,265000,-254500
="1305",9000,1000,8000
="1309",22000,394000,-372000
="1312",83000,169000,-86000
="1314",362000,742270,-380270
="1319",10000,5000,5000
="1325",3000,3000,0
="1326",3000,182000,-179000
="1336",1000,0,1000
="1337",55,0,55
="1338",5000,362000,-357000
="1340",170,0,170
="1402",0,387000,-387000
="1409",336000,32149,303851
="1413",1000,0,1000
="1414",15000,0,15000
="1416",126,0,126
="1434",156000,12000,144000
="1435",0,31000,-31000
="1440",30000,75000,-45000
="1441",174,0,174
="1444",16000,131000,-115000
="1447",382050,2250050,-1868000
="1453",167,10000,-9833
="1454",8000,0,8000
="1455",8200,6000,2200
="1456",0,1000,-1000
="1457",0,5000,-5000
="1459",5250,28000,-22750
="1460",12000,2000,10000
="1464",10000,0,10000
="1466",2081,0,2081
="1467",0,5000,-5000
="1468",1000,0,1000
="1473",116,0,116
="1474",10000,10000,0
="1476",5000,61000,-56000
="1477",3000,2000,1000
="1506",0,15000,-15000
="1513",55000,46000,9000
="1517",49,0,49
="1519",0,3000,-3000
="1522",4000,4000,0
="1530",6000,1000,5000
="1531",272,0,272
="1536",297100,295000,2100
="1539",4000,0,4000
="1558",0,100,-100
="1560",2000,0,2000
="1568",25000,492000,-467000
="1569",1000,0,1000
="1582",3252,251,3001
="1584",65000,0,65000
="1586",0,15000,-15000
="1589",1000,0,1000
="1590",3000,18000,-15000
="1593",27500,12000,15500
="1598",11000,1000,10000
="1605",17000,7000,10000
="1608",5000,0,5000
="1609",141000,2000,139000
="1611",74000,25000,49000
="1612",250,0,250
="1616",0,4000,-4000
="1701",0,1000,-1000
="1707",0,1000,-1000
="1709",0,4000,-4000
="1710",5000,3000,2000
="1711",50,0,50
="1714",1100,0,1100
="1717",1000,1000,0
="1718",95200,716000,-620800
="1720",1000,0,1000
="1722",25000,3000,22000
="1727",134,0,134
="1733",3000,0,3000
="1734",1000,0,1000
="1736",42000,2000,40000
="1752",2000,0,2000
="1760",1000,1000,0
="1762",5000,0,5000
="1773",1000,4000,-3000
="1777",2000,0,2000
="1785",12000,1000,11000
="1786",1000,0,1000
="1795",0,1000,-1000
="1799",2000,1000,1000
="1802",538025,311000,227025
="1806",0,30000,-30000
="1904",2000,11000,-9000
="1905",2000,89000,-87000
="1907",4000,11000,-7000
="1909",43055,263400,-220345
="2002",897000,1089000,-192000
="2006",50000,135000,-85000
="2009",86500,127000,-40500
="2010",2000,3000,-1000
="2012",9000,0,9000
="2014",4509000,2765170,1743830
="2015",4000,6000,-2000
="2017",41000,41000,0
="2020",0,2000,-2000
="2022",0,50,-50
="2023",46000,119100,-73100
="2027",162000,530000,-368000
="2028",37000,199000,-162000
="2029",2200,1000,1200
="2030",16000,16000,0
="2031",9000,8000,1000
="2032",32000,62000,-30000
="2034",26200,71411,-45211
="2038",61000,21000,40000
="2049",117000,105020,11980
="2101",1000,0,1000
="2103",3000,300200,-297200
="2104",6000,0,6000
="2105",0,150000,-150000
="2106",2000,1000,1000
="2108",16065,9000,7065
="2201",1227000,195000,1032000
="2204",3000,1000,2000
="2206",9000,1000,8000
="2207",0,1000,-1000
="2208",2084,19000,-16916
="2231",8000,4000,4000
="2233",1000,1000,0
="2239",20000,34000,-14000
="2301",1025,25000,-23975
="2302",0,1000,-1000
="2303",1412280,2447000,-1034720
="2305",0,5000,-5000
="2308",512050,380000,132050
="2312",10000,61000,-51000
="2313",93100,113453,-20353
="2314",39000,78000,-39000
="2316",1100,0,1100
="2317",1379985,1634115,-254130
="2323",12000,0,12000
="2324",22000,106100,-84100
="2327",84000,213059,-129059
="2328",26000,15076,10924
="2329",1042000,155000,887000
="2330",101970,172651,-70681
="2331",2000,25000,-23000
="2332",308000,93000,215000
="2337",137100,57156,79944
="2338",12000,35000,-23000
="2340",81030,1634000,-1552970
="2342",1000,3000,-2000
="2344",635200,343000,292200
="2345",7000,353000,-346000
="2347",1000,8000,-7000
="2348",0,1000,-1000
="2349",13000,0,13000
="2351",37000,15000,22000
="2352",4000,172000,-168000
="2353",335000,52000,283000
="2354",2050,29000,-26950
="2355",150000,143000,7000
="2356",3000,26000,-23000
="2357",17200,10000,7200
="2359",0,5395,-5395
="2363",12000,21000,-9000
="2367",427160,192000,235160
="2368",295000,209000,86000
="2371",41080,23000,18080
="2373",1000,0,1000
="2374",28135,20000,8135
="2375",121000,18150,102850
="2376",160000,978000,-818000
="2377",84050,5000,79050
="2379",10050,114000,-103950
="2380",2060,0,2060
="2382",741060,79400,661660
="2383",28000,8000,20000
="2387",1000,131000,-130000
="2388",131000,32570,98430
="2392",17000,20000,-3000
="2393",293000,1581000,-1288000
="2395",0,2000,-2000
="2399",26000,25000,1000
="2401",64000,43000,21000
="2402",10000,1000,9000
="2404",20000,6000,14000
="2405",2000,10000,-8000
="2406",4000,0,4000
="2408",507000,113000,394000
="2409",132000,1993318,-1861318
="2412",8000,1093,6907
="2413",1000,1000,0
="2415",189000,74000,115000
="2417",14000,17000,-3000
="2419",25000,3000,22000
="2423",1000,0,1000
="2425",2000,1000,1000
="2426",90000,32000,58000
="2428",10000,4000,6000
="2430",0,5000,-5000
="2431",0,1000,-1000
="2436",34000,9000,25000
="2439",6000,6000,0
="2441",1000,2000,-1000
="2442",1050,2000,-950
="2449",17000,204000,-187000
="2450",1000,9000,-8000
="2453",3000,5000,-2000
="2454",242032,114239,127793
="2455",47000,10000,37000
="2456",72100,238000,-165900
="2457",22000,3000,19000
="2458",41000,60000,-19000
="2460",104000,238000,-134000
="2461",8000,0,8000
="2464",30000,13000,17000
="2465",0,2000,-2000
="2467",0,180,-180
="2471",17000,16000,1000
="2472",492,0,492
="2474",33000,4000,29000
="2476",8000,0,8000
="2478",38000,24053,13947
="2480",2000,0,2000
="2481",59000,88000,-29000
="2482",344,0,344
="2484",37000,0,37000
="2485",4055,9000,-4945
="2486",0,1000,-1000
="2492",145000,387998,-242998
="2493",0,8000,-8000
="2495",0,160,-160
="2497",3000,100000,-97000
="2498",6000,13000,-7000
="2504",50000,0,50000
="2505",8000,27545,-19545
="2511",79000,100000,-21000
="2515",18000,10000,8000
="2516",7000,0,7000
="2520",0,20000,-20000
="2538",0,15000,-15000
="2540",25000,0,25000
="2542",16300,7400,8900
="2543",0,1000,-1000
="2545",3000,0,3000
="2547",11000,11200,-200
="2601",46000,20000,26000
="2603",6914450,6940376,-25926
="2605",23000,31000,-8000
="2606",63000,47000,16000
="2607",10000,3000,7000
="2608",0,1000,-1000
="2609",1354800,3698000,-2343200
="2610",34243,70065,-35822
="2611",155050,489250,-334200
="2612",0,1000,-1000
="2613",2000,4000,-2000
="2615",1208000,948000,260000
="2617",1000,21000,-20000
="2618",1525,20000,-18475
="2633",10000,15000,-5000
="2634",2000,0,2000
="2637",9000,5000,4000
="2641",10000,50000,-40000
="2643",1000,0,1000
="2706",105,0,105
="2723",9030,0,9030
="2726",10000,52000,-42000
="2731",1000,0,1000
="2732",1000,0,1000
="2801",11000,0,11000
="2809",50000,0,50000
="2812",0,74000,-74000
="2820",0,1000,-1000
="2823",2250,0,2250
="2832",0,1000,-1000
="2834",0,3308,-3308
="2841",1154,0,1154
="2845",0,2000,-2000
="2851",10000,0,10000
="2855",14000,102180,-88180
="2867",0,1000,-1000
="2880",3000,28000,-25000
="2881",8000,9000,-1000
="2882",47200,15575,31625
="2882A",0,767,-767
="2882B",0,44,-44
="2883",6000,1000,5000
="2884",14100,2000,12100
="2885",92000,16941,75059
="2886",163000,491,162509
="2887",7300,3132,4168
="2888",194150,43000,151150
="2889",200,0,200
="2890",3000,2010,990
="2891",11000,9866,1134
="2891B",0,29,-29
="2892",910,133000,-132090
="2901",25,0,25
="2903",1000,144,856
="2908",0,4000,-4000
="2911",192,0,192
="2912",5000,5000,0
="2913",23000,400,22600
="2915",1000,7000,-6000
="2923",0,3000,-3000
="2929",0,10000,-10000
="3003",2000,4000,-2000
="3005",1000,2000,-1000
="3006",228500,312000,-83500
="3008",5090,8011,-2921
="3010",1000,0,1000
="3011",3000,37464,-34464
="3013",275000,6000,269000
="3015",2000,2000,0
="3016",12000,19000,-7000
="3017",328000,244000,84000
="3018",1000,990,10
="3019",48000,7000,41000
="3022",11000,0,11000
="3023",0,1000,-1000
="3024",10000,0,10000
="3025",3000,11000,-8000
="3026",1000,3000,-2000
="3027",0,20000,-20000
="3029",0,4000,-4000
="3031",43000,319000,-276000
="3034",176000,44000,132000
="3035",56000,82600,-26600
="3036",2000,0,2000
="3037",500000,415400,84600
="3038",6180,16000,-9820
="3041",19000,13000,6000
="3042",77000,5000,72000
="3044",47000,8000,39000
="3045",0,1000,-1000
="3047",0,20000,-20000
="3048",4000,0,4000
="3049",6550,2000,4550
="3050",1000,160000,-159000
="3057",1342,1000,342
="3059",31000,31000,0
="3060",1030,1446,-416
="3062",174002,1386000,-1211998
="3071",0,2000,-2000
="3078",35001,52000,-16999
="3081",38000,29100,8900
="3090",26200,63000,-36800
="3092",216000,84000,132000
="3094",2000,3000,-1000
="3095",2,0,2
="3105",50200,71000,-20800
="3131",7000,18000,-11000
="3138",48037,33000,15037
="3141",0,2000,-2000
="3144",0,1000,-1000
="3149",135000,129000,6000
="3152",14000,34000,-20000
="3163",0,2000,-2000
="3164",125,0,125
="3167",10000,0,10000
="3169",2002,8000,-5998
="3178",1000,0,1000
="3189",101500,90000,11500
="3202",0,10000,-10000
="3205",2,0,2
="3206",4000,4000,0
="3211",0,5000,-5000
="3217",22000,9000,13000
="3218",13000,15000,-2000
="3227",29000,140000,-111000
="3228",17000,33050,-16050
="3230",5000,0,5000
="3231",30000,39000,-9000
="3234",2002,1000,1002
="3236",30000,1000,29000
="3257",8000,351000,-343000
="3259",0,10000,-10000
="3260",18000,104000,-86000
="3264",28000,25000,3000
="3268",2,0,2
="3272",1000,0,1000
="3289",2000,18000,-16000
="3290",200,0,200
="3293",4000,12000,-8000
="3297",24000,5000,19000
="3305",17000,113000,-96000
="3313",2,0,2
="3317",6002,15000,-8998
="3321",1000,0,1000
="3323",1000,5000,-4000
="3324",155000,11000,144000
="3325",0,2000,-2000
="3338",4000,5000,-1000
="3339",1000,148000,-147000
="3346",44000,95498,-51498
="3356",0,12000,-12000
="3362",3000,0,3000
="3373",0,2000,-2000
="3374",238100,226009,12091
="3376",0,6000,-6000
="3379",0,3000,-3000
="3380",12000,86781,-74781
="3383",1000,0,1000
="3402",2,0,2
="3406",5000,10000,-5000
="3413",24000,19000,5000
="3416",0,1000,-1000
="3419",4000,13000,-9000
="3432",2000,0,2000
="3437",276000,311500,-35500
="3441",2,0,2
="3443",247001,261051,-14050
="3444",0,1000,-1000
="3450",10000,2000,8000
="3455",5000,0,5000
="3479",2,0,2
="3481",3290000,5269000,-1979000
="3483",138000,27171,110829
="3484",105000,2000,103000
="3490",7002,4000,3002
="3498",27000,1070,25930
="3508",3000,664000,-661000
="3511",183,0,183
="3515",0,3000,-3000
="3521",75000,0,75000
="3522",6000,83000,-77000
="3526",50000,19000,31000
="3528",0,1000,-1000
="3529",26000,4000,22000
="3530",221000,16000,205000
="3532",0,2000,-2000
="3533",22010,54000,-31990
="3535",1000,1000,0
="3540",30002,47000,-16998
="3545",240014,173000,67014
="3546",3000,1000,2000
="3548",40002,6000,34002
="3552",127400,241000,-113600
="3557",4000,0,4000
="3558",3000,1000,2000
="3563",1000,9000,-8000
="3564",0,2000,-2000
="3567",2,0,2
="3570",1000,0,1000
="3576",4400,16000,-11600
="3580",1002,4088,-3086
="3583",7000,0,7000
="3587",1000,1000,0
="3588",55021,4000,51021
="3591",73000,240000,-167000
="3594",2000,2459,-459
="3596",18000,18000,0
="3605",31002,24000,7002
="3607",0,2000,-2000
="3611",0,1060,-1060
="3615",4000,20000,-16000
="3622",24000,7000,17000
="3624",2000,12000,-10000
="3629",0,1000,-1000
="3630",0,2000,-2000
="3632",150,0,150
="3645",2000,50,1950
="3646",0,51,-51
="3653",3000,49000,-46000
="3661",195000,111000,84000
="3663",0,1000,-1000
="3665",78000,166269,-88269
="3666",14000,22000,-8000
="3669",0,1000,-1000
="3673",6000,57000,-51000
="3680",5000,7000,-2000
="3682",10150,0,10150
="3687",4002,1000,3002
="3689",0,4000,-4000
="3694",11000,1000,10000
="3702",0,6000,-6000
="3703",88000,16000,72000
="3704",72000,632000,-560000
="3705",1000,0,1000
="3706",0,160,-160
="3707",24002,560000,-535998
="3708",144000,143000,1000
="3711",789120,391200,397920
="3712",0,2000,-2000
="3713",0,1000,-1000
="4105",1002,0,1002
="4106",20,0,20
="4107",0,2000,-2000
="4111",1,0,1
="4113",2,0,2
="4119",21000,0,21000
="4123",1000,0,1000
="4128",2002,3000,-998
="4129",2,0,2
="4133",1000,1000,0
="4142",4000,2000,2000
="4157",1000,0,1000
="4160",2,0,2
="4162",1000,3000,-2000
="4167",20000,12000,8000
="4168",0,13000,-13000
="4171",1000,0,1000
="4173",1000,0,1000
="4174",2,0,2
="4198",0,100,-100
="4401",2000,20000,-18000
="4402",1000,0,1000
="4420",110,625,-515
="4426",1000,0,1000
="4438",10000,0,10000
="4526",150,62,88
="4528",2000,0,2000
="4530",1000,0,1000
="4532",105000,0,105000
="4534",1,0,1
="4540",1000,10000,-9000
="4551",142000,127000,15000
="4564",0,10000,-10000
="4571",55000,1000,54000
="4572",1000,0,1000
="4576",2000,4000,-2000
="4580",0,1000,-1000
="4707",20000,0,20000
="4714",1000,0,1000
="4720",5000,0,5000
="4721",0,1,-1
="4722",1000,0,1000
="4735",4000,0,4000
="4736",0,1000,-1000
="4739",2000,2000,0
="4741",0,2000,-2000
="4743",20100,24000,-3900
="4760",0,1000,-1000
="4763",0,2000,-2000
="4766",2000,0,2000
="4903",0,9310,-9310
="4906",197000,114000,83000
="4908",2000,0,2000
="4909",217000,58000,159000
="4912",0,2000,-2000
="4915",10,1000,-990
="4919",2010,26000,-23990
="4924",0,1000,-1000
="4927",12000,0,12000
="4934",15041,534000,-518959
="4935",10000,3000,7000
="4938",49154,110000,-60846
="4939",40000,39000,1000
="4943",34000,6000,28000
="4945",74000,0,74000
="4946",1000,5000,-4000
="4950",37000,0,37000
="4953",0,3000,-3000
="4956",153000,272000,-119000
="4958",26050,6000,20050
="4960",10000,10000,0
="4961",75129,46634,28495
="4966",30100,22000,8100
="4967",558000,97000,461000
="4968",24050,79000,-54950
="4971",1000,0,1000
="4976",21000,31000,-10000
="4977",0,1000,-1000
="4979",1000,0,1000
="4989",10000,0,10000
="5007",0,10000,-10000
="5009",133,0,133
="5011",14000,0,14000
="5014",9000,6000,3000
="5202",0,4000,-4000
="5210",0,147000,-147000
="5211",100,0,100
="5213",1000,0,1000
="5225",0,1000,-1000
="5243",156000,770000,-614000
="5245",2000,2000,0
="5251",37001,0,37001
="5264",1000,0,1000
="5269",19000,11052,7948
="5272",0,354000,-354000
="5274",7000,60,6940
="5283",0,2000,-2000
="5285",2000,312000,-310000
="5299",4000,2000,2000
="5306",0,100000,-100000
="5309",0,117000,-117000
="5315",3000,0,3000
="5328",1000,1000,0
="5340",0,1000,-1000
="5347",9000,1000,8000
="5351",1000,7502,-6502
="5355",0,1000,-1000
="5371",132000,12000,120000
="5386",101000,2000,99000
="5388",17000,5000,12000
="5392",50,0,50
="5403",136,7000,-6864
="5425",33000,589000,-556000
="5432",55000,0,55000
="5434",3000,0,3000
="5439",20000,1000,19000
="5443",24000,96068,-72068
="5452",112,0,112
="5457",1000,28000,-27000
="5469",1000,1000,0
="5471",2000,9000,-7000
="5474",1000,0,1000
="5478",0,2000,-2000
="5483",116010,930000,-813990
="5484",2000,0,2000
="5488",3000,52000,-49000
="5498",12000,0,12000
="5515",38,0,38
="5519",2000,0,2000
="5521",2000,0,2000
="5522",0,3000,-3000
="5534",0,3000,-3000
="5546",0,1000,-1000
="5603",0,1000,-1000
="5607",1000,1000,0
="5608",504000,123000,381000
="5609",18000,15000,3000
="5864",18000,18000,0
="5871",1369,5000,-3631
="5876",0,14648,-14648
="5880",0,1000,-1000
="6005",1000,11000,-10000
="6015",52000,27000,25000
="6016",230000,111000,119000
="6020",0,10000,-10000
="6021",3000,8000,-5000
="6023",0,14905,-14905
="6026",0,133000,-133000
="6104",3000,40000,-37000
="6112",1000,2100,-1100
="6113",10000,5000,5000
="6116",21000,259200,-238200
="6118",4000,0,4000
="6120",0,10000,-10000
="6121",1205,1166,39
="6125",5000,53000,-48000
="6126",0,2000,-2000
="6127",21000,31000,-10000
="6129",212000,139000,73000
="6139",0,1000,-1000
="6140",10000,0,10000
="6141",78000,24000,54000
="6146",5000,0,5000
="6147",10000,2000,8000
="6150",34000,6000,28000
="6152",0,5000,-5000
="6153",24000,23000,1000
="6154",200,0,200
="6156",23000,19000,4000
="6160",61000,0,61000
="6164",234000,214000,20000
="6165",3000,0,3000
="6168",293000,452000,-159000
="6169",0,5000,-5000
="6173",9000,13000,-4000
="6175",1000,2000,-1000
="6176",44000,5000,39000
="6180",15000,7000,8000
="6182",80000,122000,-42000
="6185",100,0,100
="6187",40000,79000,-39000
="6188",4000,0,4000
="6190",54000,22000,32000
="6191",32000,6000,26000
="6192",1000,0,1000
="6196",8000,8000,0
="6202",1000,0,1000
="6203",1000,18050,-17050
="6204",0,1000,-1000
="6205",253000,144000,109000
="6206",0,13000,-13000
="6207",2000,0,2000
="6208",10000,4000,6000
="6209",104002,122000,-17998
="6213",217000,7000,210000
="6219",0,20000,-20000
="6221",1000,2000,-1000
="6223",3000,5000,-2000
="6226",0,179000,-179000
="6230",29000,4000,25000
="6231",2000,6000,-4000
="6233",5000,0,5000
="6235",15000,0,15000
="6237",38000,9000,29000
="6239",3000,0,3000
="6243",0,24000,-24000
="6244",1100,11000,-9900
="6245",113000,138000,-25000
="6251",15000,15000,0
="6257",211100,129000,82100
="6261",75000,64000,11000
="6263",0,30000,-30000
="6266",100,0,100
="6269",5000,17000,-12000
="6270",13000,0,13000
="6271",180000,51999,128001
="6274",159130,29130,130000
="6275",4000,2000,2000
="6278",91000,580000,-489000
="6279",30000,9000,21000
="6282",16000,51000,-35000
="6283",136000,89000,47000
="6284",83000,45000,38000
="6285",22000,38000,-16000
="6288",141000,233000,-92000
="6290",0,5000,-5000
="6411",6000,79000,-73000
="6414",16000,97000,-81000
="6415",1000,0,1000
="6416",0,15000,-15000
="6417",1000,8000,-7000
="6426",1000,0,1000
="6432",0,1000,-1000
="6435",2000,0,2000
="6438",0,1000,-1000
="6441",1000,1000,0
="6443",22591,56000,-33409
="6446",2000,0,2000
="6451",2000,80000,-78000
="6456",97000,134000,-37000
="6457",123000,90000,33000
="6462",2000,91000,-89000
="6470",0,30000,-30000
="6477",28125,43070,-14945
="6485",2000,2000,0
="6486",2000,2000,0
="6488",7100,17008,-9908
="6491",8000,24000,-16000
="6494",5000,2000,3000
="6496",1020,1000,20
="6504",0,1100,-1100
="6505",44000,266000,-222000
="6509",0,10000,-10000
="6510",7000,1000,6000
="6516",0,2000,-2000
="6523",0,2000,-2000
="6525",3000,2000,1000
="6530",0,78000,-78000
="6531",24000,25000,-1000
="6533",38000,22000,16000
="6535",0,3000,-3000
="6538",0,4000,-4000
="6547",6000,0,6000
="6548",3000,2000,1000
="6558",2000,0,2000
="6576",0,1000,-1000
="6589",1000,0,1000
="6591",45000,0,45000
="6592",0,1000,-1000
="6598",0,1000,-1000
="6605",10122,43000,-32878
="6613",0,1000,-1000
="6616",0,1000,-1000
="6640",31000,5000,26000
="6643",1000,21000,-20000
="6655",1000,0,1000
="6667",0,177,-177
="6668",88000,12000,76000
="6669",5000,1000,4000
="6672",1000,1000,0
="6674",1000,0,1000
="6679",342000,74000,268000
="6698",7000,119000,-112000
="6703",1000,0,1000
="6706",5000,3000,2000
="6732",8000,4005,3995
="6743",9000,45000,-36000
="6752",0,55000,-55000
="6756",27300,41000,-13700
="6803",0,11000,-11000
="711112",20000,0,20000
="711174",5000,0,5000
="711270",0,50000,-50000
="711271",8000,0,8000
="711479",0,79000,-79000
="711517",137000,0,137000
="711562",100000,0,100000
="711631",60000,47000,13000
="711677",42000,54000,-12000
="711700",0,31000,-31000
="711701",0,3000,-3000
="711702",40000,0,40000
="711771",70000,0,70000
="711898",0,10000,-10000
="711906",100000,0,100000
="711935",10000,0,10000
="712014",140000,0,140000
="712015",2000,0,2000
="712017",11000,0,11000
="712018",91000,0,91000
="712086",10000,0,10000
="712147",10000,0,10000
="712148",3000,0,3000
="712199",19000,0,19000
="712231",4000,0,4000
="712326",460000,25000,435000
="712370",0,90000,-90000
="712605",35000,224000,-189000
="712606",161000,30000,131000
="712607",690000,0,690000
="712613",0,36000,-36000
="712615",10000,20000,-10000
="712616",266000,3000,263000
="712630",17000,130000,-113000
="712633",0,50000,-50000
="712635",0,4000,-4000
="712916",296000,134000,162000
="712922",150000,0,150000
="712923",10000,0,10000
="712978",20000,5000,15000
="712979",0,75000,-75000
="712980",30000,23000,7000
="712981",797000,308000,489000
="713036",0,10000,-10000
="713040",100000,0,100000
="713042",1121000,749000,372000
="713071",100000,9000,91000
="713074",136000,15000,121000
="713182",35000,70000,-35000
="713183",200000,0,200000
="713184",10000,50000,-40000
="713225",0,24000,-24000
="713226",12000,10000,2000
="713240",85000,0,85000
="713241",0,50000,-50000
="713242",192000,0,192000
="713327",490000,522000,-32000
="713349",0,90000,-90000
="713352",8000,10000,-2000
="713388",35000,0,35000
="713404",0,50000,-50000
="713419",409000,60000,349000
="713514",60000,51000,9000
="713529",0,20000,-20000
="713545",1000,50000,-49000
="713587",0,10000,-10000
="713588",760000,0,760000
="713647",18000,5000,13000
="713649",0,17000,-17000
="713651",368000,0,368000
="713653",0,90000,-90000
="713675",78000,154000,-76000
="713676",10000,10000,0
="713677",1000000,0,1000000
="713820",45000,0,45000
="713868",20000,0,20000
="713888",62000,0,62000
="713939",50000,0,50000
="713976",200000,0,200000
="714011",210000,30000,180000
="714012",60000,10000,50000
="714030",326000,50000,276000
="714034",558000,116000,442000
="714035",42000,0,42000
="714153",356000,405000,-49000
="714154",0,290000,-290000
="714155",40000,60000,-20000
="714156",0,158000,-158000
="714211",65000,71000,-6000
="714212",2000,7000,-5000
="714213",31000,3000,28000
="714236",184000,294000,-110000
="714238",98000,0,98000
="714239",0,1000,-1000
="714241",0,1000,-1000
="714254",0,1000,-1000
="714272",0,200000,-200000
="714319",10000,0,10000
="714320",446000,18000,428000
="714324",83000,0,83000
="714367",135000,0,135000
="714431",78000,0,78000
="714513",1000,35000,-34000
="714514",0,113000,-113000
="714516",1000,25000,-24000
="714517",4000,0,4000
="714518",15000,20000,-5000
="714620",9000,7000,2000
="714621",179000,3000,176000
="714622",0,10000,-10000
="714647",97000,0,97000
="714648",244000,0,244000
="714649",10000,0,10000
="714685",39000,25000,14000
="714712",174000,2000,172000
="714736",0,50000,-50000
="714741",50000,2000,48000
="714795",442000,163000,279000
="714856",99000,42000,57000
="714858",30000,60000,-30000
="714860",0,9000,-9000
="714861",0,5000,-5000
="714887",4000,13000,-9000
="714888",20000,0,20000
="714889",15000,0,15000
="714897",100000,0,100000
="714949",146000,0,146000
="714995",237000,0,237000
="715011",92000,0,92000
="715013",0,1000,-1000
="715067",0,2000,-2000
="715068",130000,3000,127000
="715070",20000,5000,15000
="715071",5000,0,5000
="715072",40000,16000,24000
="715073",1000,1000,0
="715115",414000,0,414000
="715159",290000,81000,209000
="715162",20000,0,20000
="715163",237000,40000,197000
="715164",15000,0,15000
="715180",160000,0,160000
="715239",20000,3000,17000
="715240",84000,0,84000
="715250",125000,50000,75000
="715285",2000,49000,-47000
="715286",2000,131000,-129000
="715287",178000,62000,116000
="715288",250000,35000,215000
="715356",184000,123000,61000
="715417",22000,1000,21000
="715519",175000,119000,56000
="715520",249000,478000,-229000
="715521",5000,0,5000
="715548",380000,0,380000
="715549",70000,0,70000
="715550",16000,0,16000
="715551",42000,0,42000
="715552",30000,5000,25000
="715553",40000,46000,-6000
="715554",0,53000,-53000
="715555",374000,103000,271000
="715609",135000,427000,-292000
="715656",35000,36000,-1000
="715657",0,2000,-2000
="715658",53000,10000,43000
="715660",140000,6000,134000
="715661",66000,53000,13000
="715662",0,52000,-52000
="715692",0,10000,-10000
="715693",34000,5000,29000
="715694",154000,71000,83000
="715743",35000,3000,32000
="715759",0,165000,-165000
="715780",319000,499000,-180000
="715781",0,34000,-34000
="715813",399000,5000,394000
="715814",1000,0,1000
="715815",64000,3000,61000
="715850",144000,67000,77000
="715863",5000,0,5000
="715901",47000,95000,-48000
="715902",13000,0,13000
="715935",265000,251000,14000
="715939",20000,0,20000
="715972",129000,15000,114000
="716017",0,5000,-5000
="716032",305000,0,305000
="716033",45000,1000,44000
="716034",290000,0,290000
="716035",288000,23000,265000
="716036",112000,58000,54000
="716037",7000,5000,2000
="716081",30000,20000,10000
="716090",5000,0,5000
="716110",0,8000,-8000
="716111",0,18000,-18000
="716112",2000,17000,-15000
="716137",2000,197000,-195000
="716188",0,2000,-2000
="716251",10000,40000,-30000
="716252",134000,0,134000
="716295",2000,2000,0
="716296",4000,2000,2000
="716297",20000,10000,10000
="716298",12000,109000,-97000
="716299",0,89000,-89000
="716325",13000,0,13000
="716347",0,25000,-25000
="716367",0,2000,-2000
="716368",65000,241000,-176000
="716369",230000,7000,223000
="716370",1242000,236000,1006000
="716507",0,146000,-146000
="716508",5000,4000,1000
="716509",63000,0,63000
="716590",10000,5000,5000
="716591",17000,237000,-220000
="716593",1000,0,1000
="716594",502000,43000,459000
="716596",10000,3000,7000
="716643",0,70000,-70000
="716677",33000,0,33000
="716678",5000,15000,-10000
="716679",10000,0,10000
="716759",16000,0,16000
="716761",127000,0,127000
="716816",4000,1193000,-1189000
="716837",43000,158000,-115000
="716838",5000,0,5000
="716903",15000,0,15000
="716905",267000,413000,-146000
="716906",180000,0,180000
="716907",234000,320000,-86000
="716908",10000,0,10000
="716919",205000,210000,-5000
="716953",41000,72000,-31000
="716954",50000,539000,-489000
="716955",9000,22000,-13000
="716956",103000,131000,-28000
="716957",16000,225000,-209000
="716958",151000,43000,108000
="716998",79000,625000,-546000
="716999",627000,22000,605000
="717000",18000,119000,-101000
="717007",100000,87000,13000
="717024",34000,13000,21000
="717043",20000,0,20000
="717044",20000,0,20000
="717045",50000,400000,-350000
="717046",20000,0,20000
="717086",266000,41000,225000
="717087",4000,49000,-45000
="717088",20000,230000,-210000
="717101",171000,31000,140000
="717102",41000,149000,-108000
="717103",0,69000,-69000
="717197",100000,0,100000
="717203",243000,127000,116000
="717204",275000,239000,36000
="717205",114000,55000,59000
="717206",0,10000,-10000
="717207",0,10000,-10000
="717208",13000,116000,-103000
="717209",35000,41000,-6000
="717210",41000,226000,-185000
="717306",0,5000,-5000
="717308",0,130000,-130000
="73604P",7000,0,7000
="73654P",4000,0,4000
="73655P",30000,13000,17000
="73686P",10000,0,10000
="73691P",0,10000,-10000
="73717P",22000,0,22000
="73729P",63000,32000,31000
="73731P",33000,0,33000
="73740P",12000,0,12000
="73747P",266000,12000,254000
="73755P",0,30000,-30000
="73764P",0,1000,-1000
="73774P",7000,5000,2000
="73796P",58000,0,58000
="73799P",0,55000,-55000
="7556",1000,3000,-2000
="8011",46001,108000,-61999
="8016",62000,64000,-2000
="8021",0,1000,-1000
="8024",0,51000,-51000
="8027",0,1000,-1000
="8028",2000,1000,1000
="8034",5000,5000,0
="8039",0,5000,-5000
="8040",0,3000,-3000
="8046",249029,338120,-89091
="8048",10000,0,10000
="8054",200000,29050,170950
="8064",6000,0,6000
="8066",0,1000,-1000
="8069",184000,256000,-72000
="8070",11000,36000,-25000
="8076",6000,5000,1000
="8081",9000,8000,1000
="8084",11000,0,11000
="8086",105200,27000,78200
="8088",20000,0,20000
="8091",0,1000,-1000
="8096",0,5000,-5000
="8101",1000,0,1000
="8103",1000,0,1000
="8104",18000,93000,-75000
="8105",5000,0,5000
="8107",163000,11000,152000
="8109",0,1000,-1000
="8110",0,7000,-7000
="8111",31000,42000,-11000
="8112",0,21000,-21000
="8121",4000,4000,0
="8150",1000,12000,-11000
="8155",0,23000,-23000
="8163",0,2000,-2000
="8171",2000,0,2000
="8183",7000,5000,2000
="8210",0,2000,-2000
="8213",2000,3000,-1000
="8215",150000,45000,105000
="8222",100,0,100
="8234",1120,0,1120
="8255",10000,4000,6000
="8261",1000,5000,-4000
="8271",0,2,-2
="8299",6000,15000,-9000
="8341",50000,0,50000
="8358",119000,476000,-357000
="8367",0,61000,-61000
="8383",13000,0,13000
="8390",150200,106000,44200
="8403",0,10000,-10000
="8406",1000,0,1000
="8421",1050,990,60
="8423",100,0,100
="8429",200,0,200
="8431",170000,170000,0
="8432",0,1000,-1000
="8436",9000,22002,-13002
="8443",82,0,82
="8454",0,1000,-1000
="8472",0,1000,-1000
="8473",0,5000,-5000
="8916",1000,8000,-7000
="8924",13000,0,13000
="8929",150,0,150
="8933",176,0,176
="8936",1000,0,1000
="8937",0,1000,-1000
="8940",200,0,200
="8996",5000,8000,-3000
="9103",2000,0,2000
="9105",1000,0,1000
="911868",267000,113000,154000
="9802",0,1024,-1024
="9904",27000,26000,1000
="9907",425,150000,-149575
="9908",0,38000,-38000
="9911",1000,1000,0
="9912",154000,4000,150000
="9914",2000,40000,-38000
="9919",0,7000,-7000
="9921",2000,0,2000
="9926",2,0,2
="9937",2,0,2
="9938",362,4000,-3638
="9939",0,592,-592
="9940",1000,0,1000
="9942",0,3000,-3000
="9945",53150,0,53150
="9949",118,0,118
="9951",0,25000,-25000
="9955",0,18000,-18000
="9958",11000,3000,8000
