="006201",0,1000,-1000,-18120
="00679B",2000,52000,-50000,-2155239
="00687B",0,262000,-262000,-11856946
="00694B",50000,50000,0,0
="00695B",50000,60000,-10000,-385069
="00696B",100000,158000,-58000,-2627396
="00697B",50000,56000,-6000,-244790
="00718B",100000,100000,0,0
="00719B",50000,50000,0,0
="00720B",50000,67000,-17000,-766520
="00721B",50000,50000,0,0
="00722B",50000,83000,-33000,-1560378
="00723B",50000,51000,-1000,-44139
="00724B",50000,56000,-6000,-260398
="00746B",0,5000,-5000,-229229
="00751B",50000,242000,-192000,-8885905
="00754B",51000,51000,0,-180
="00755B",51000,53000,-2000,-90429
="00756B",52000,51000,1000,46660
="00760B",0,7000,-7000,-472500
="00764B",50000,50000,0,0
="00765B",50000,50000,0,0
="00772B",70000,85000,-15000,-693207
="00773B",36000,35000,1000,46799
="00795B",70000,71000,-1000,-43700
="00796B",70000,70000,0,0
="00847B",70000,72000,-2000,-73459
="00848B",70000,70000,0,0
="00849B",70000,70000,0,0
="00862B",70000,70000,0,351
="00863B",71000,70000,1000,39980
="00864B",70000,70000,0,-350
="00868B",50000,50000,0,0
="00869B",50000,50000,0,0
="00870B",50000,50000,0,0
="00871B",50000,50000,0,0
="00877",0,11000,-11000,-153970
="020021",1910000,251000,1659000,17780991
="020023",0,4000,-4000,-21559
="1240",1000,0,1000,53099
="1565",1000,1000,0,4000
="1586",11000,5000,6000,276650
="1593",0,4000,-4000,-412000
="1599",0,1000,-1000,-38099
="1752",1000,0,1000,38849
="1785",1776000,1698000,78000,1832295
="1815",3000,10000,-7000,-94050
="2065",0,2000,-2000,-91349
="2235",1000,0,1000,44150
="2641",10000,0,10000,118000
="2726",385000,58000,327000,22236000
="3066",0,1000,-1000,-7590
="3071",0,1000,-1000,-24700
="3078",26000,25000,1000,42350
="3081",48000,5000,43000,13163000
="3083",0,11000,-11000,-682099
="3092",12000,9000,3000,182800
="3105",24700,18000,6700,2443600
="3122",5000,0,5000,85349
="3128",3000,0,3000,50850
="3131",2000,6000,-4000,-1665000
="3141",0,2000,-2000,-83699
="3152",3000,70000,-67000,-31270500
="3162",0,1000,-1000,-15899
="3163",15000,4000,11000,570400
="3169",0,2000,-2000,-111400
="3171",0,1000,-1000,-23600
="3178",1000,0,1000,47250
="3206",0,1000,-1000,-38700
="3211",11000,1000,10000,890299
="3213",0,1000,-1000,-50700
="3217",3000,234077,-231077,-25749047
="3218",10000,13000,-3000,-818000
="3227",3000,7000,-4000,-762000
="3228",19000,3000,16000,3100000
="3230",8000,0,8000,54038
="3232",7000,0,7000,111299
="3234",6000,102000,-96000,-3986598
="3259",0,6000,-6000,-258200
="3260",33000,10000,23000,1656201
="3264",83000,20000,63000,2428550
="3265",0,1000,-1000,-27700
="3287",6000,0,6000,166200
="3288",14000,90,13910,208650
="3289",3000,0,3000,175500
="3293",49000,10062,38938,30804880
="3317",4000,12000,-8000,-393247
="3323",13100,13000,100,-3939
="3324",142000,16000,126000,28130000
="3325",2000,2000,0,-50
="3362",7,0,7,252
="3372",15000,0,15000,193499
="3373",0,2000,-2000,-160800
="3374",896170,259000,637170,127881780
="3455",4000,0,4000,215199
="3466",1000,1000,0,-172
="3483",7000,7137,-137,-14607
="3484",10000,1000,9000,577399
="3492",57000,0,57000,1034549
="3498",2000,0,2000,98900
="3508",1000,7000,-6000,-149600
="3511",0,3000,-3000,-81799
="3522",1000,73000,-72000,-953799
="3526",5050,2092,2958,271713
="3527",3000,2000,1000,97800
="3529",10020,9000,1020,706940
="3540",11000,0,11000,696900
="3546",7000,1000,6000,642500
="3548",1000,24000,-23000,-1784899
="3552",69000,327000,-258000,-69196500
="3558",0,1000,-1000,-102500
="3564",0,1000,-1000,-26100
="3580",4000,0,4000,239398
="3587",91000,10000,81000,7277798
="3594",5000,0,5000,127500
="3597",119000,1000,118000,2596000
="3611",2000,0,2000,402000
="3625",224000,0,224000,4461848
="3630",1000,1000,0,-200
="3642",2000,0,2000,31000
="3666",1000,0,1000,70300
="3675",4000,0,4000,296200
="3680",25000,66000,-41000,-11757000
="3684",20,0,20,700
="3687",0,19000,-19000,-963298
="3689",3000,3000,0,-699
="3691",25000,41000,-16000,-3361000
="3707",16000,21000,-5000,-186550
="4102",1000,0,1000,25000
="4105",1000,0,1000,68199
="4113",0,16000,-16000,-208000
="4114",90000,10000,80000,1997499
="4123",0,12095,-12095,-838182
="4128",0,4000,-4000,-248798
="4129",110,0,110,3937
="4130",0,306,-306,-8797
="4160",1000,1000,0,-334
="4162",0,2000,-2000,-108400
="4167",25000,4000,21000,688600
="4171",2000,0,2000,238500
="4173",0,10000,-10000,-234500
="4174",0,5000,-5000,-635000
="4303",1000,0,1000,22899
="4401",0,3000,-3000,-83100
="4420",0,300,-300,-7589
="4429",70,0,70,1974
="4528",5000,8000,-3000,-167900
="4529",0,117000,-117000,-1438646
="4549",3146,1000,2146,168805
="4561",3000,82000,-79000,-2544700
="4580",0,10000,-10000,-1009000
="4721",6523,6000,523,31658
="4726",10000,0,10000,310000
="4736",0,5253,-5253,-950546
="4743",4200,4000,200,45600
="4760",259000,5000,254000,26773599
="4908",0,4000,-4000,-121800
="4909",0,200,-200,-4004
="4931",0,20000,-20000,-460549
="4939",106000,105000,1000,141303
="4950",50000,0,50000,1269799
="4953",20000,4000,16000,1553296
="4966",27000,14028,12972,16050700
="4974",4000,0,4000,217597
="4979",4000,88000,-84000,-2149299
="4991",0,3000,-3000,-155100
="5011",0,50000,-50000,-1952049
="5014",501000,50000,451000,6943952
="5102",35,0,35,528
="5220",0,2000,-2000,-80300
="5223",3000,2000,1000,71901
="5227",0,5000,-5000,-81499
="5230",0,5000,-5000,-136000
="5245",0,10000,-10000,-383399
="5251",200,300,-100,-1365
="5272",4000,5000,-1000,-22250
="5274",0,6042,-6042,-12511940
="5278",1000,0,1000,135500
="5289",0,480,-480,-81400
="5299",1000,4000,-3000,-372500
="5306",458000,30000,428000,80645000
="5309",148000,10000,138000,5437696
="5310",0,2000,-2000,-26200
="5328",136000,7000,129000,1726649
="5347",122000,109000,13000,1723000
="5386",90000,101000,-11000,-896797
="5392",0,8200,-8200,-201619
="5425",178000,169000,9000,630199
="5439",43000,16000,27000,1477699
="5443",114000,69000,45000,2155143
="5452",41000,353000,-312000,-3684397
="5457",6000,4000,2000,202700
="5474",1000,0,1000,176000
="5478",1000,5000,-4000,-412500
="5481",0,2000,-2000,-29299
="5483",217000,722000,-505000,-85269000
="5487",4000,0,4000,147549
="5488",1000,0,1000,6860
="5490",5000,0,5000,143349
="5498",0,2000,-2000,-35299
="5529",27000,2000,25000,288750
="5604",1000,0,1000,66400
="5609",0,3000,-3000,-187599
="5701",1000,0,1000,2759
="5820",1469,3000,-1531,-19088
="5864",80000,0,80000,1306999
="5903",0,183,-183,-48129
="6015",289000,157000,132000,1941447
="6016",207724,36000,171724,2857789
="6020",190000,3000,187000,3941401
="6021",40000,90000,-50000,-1126697
="6026",101000,0,101000,1201749
="6104",129000,31000,98000,7242798
="6111",76,1000,-924,-66875
="6121",97220,5000,92220,35195505
="6125",2000,22300,-20300,-600586
="6127",248000,95000,153000,4144651
="6129",6000,65000,-59000,-984398
="6138",0,4000,-4000,-340799
="6146",0,27000,-27000,-7034000
="6147",16000,1002000,-986000,-67303197
="6150",38000,278100,-240100,-29206550
="6154",114,0,114,1487
="6158",0,1000,-1000,-33900
="6160",3000,215000,-212000,-3253797
="6163",1000,0,1000,16549
="6173",15000,6000,9000,599901
="6175",193000,67000,126000,5263749
="6179",0,1000,-1000,-34049
="6180",1000,0,1000,68500
="6182",24000,81000,-57000,-2385649
="6187",452000,106000,346000,36127901
="6188",4000,40000,-36000,-1383601
="6190",0,10000,-10000,-177999
="6195",0,2000,-2000,-100599
="6203",5000,0,5000,395800
="6207",56000,0,56000,1679299
="6208",2000,1000,1000,38000
="6217",30000,44000,-14000,-554553
="6219",4000,14000,-10000,-226150
="6223",17000,5000,12000,1345000
="6229",0,2000,-2000,-59900
="6231",0,2000,-2000,-199399
="6234",10000,83000,-73000,-1757448
="6237",38000,58000,-20000,-1562699
="6244",6120,3000,3120,107932
="6245",11000,1000,10000,712600
="6261",0,6000,-6000,-382099
="6274",5000,1000,4000,518000
="6275",0,1000,-1000,-24200
="6279",209000,94000,115000,13860500
="6284",253250,96000,157250,11782156
="6411",9000,10000,-1000,-108500
="6417",4000,6000,-2000,-146200
="6426",0,4000,-4000,-459500
="6432",3020,2000,1020,37961
="6435",0,4000,-4000,-522000
="6438",4000,21000,-17000,-1421000
="6441",14000,55000,-41000,-5904000
="6446",1000,0,1000,93500
="6457",41000,251000,-210000,-24159500
="6461",0,1000,-1000,-20200
="6462",6180,41000,-34820,-6085176
="6470",0,30000,-30000,-1745396
="6488",32000,44200,-12200,-8730000
="6494",1000,0,1000,57599
="6496",1130,500,630,17650
="6510",3000,1000,2000,1683000
="6512",200,0,200,2900
="6516",0,31000,-31000,-2745092
="6538",8000,0,8000,1470500
="6547",0,1000,-1000,-98000
="6548",7000,115000,-108000,-6698895
="6560",0,3000,-3000,-267599
="6568",6000,0,6000,841000
="6589",11000,2000,9000,391899
="6593",170,0,170,4497
="6594",2000,0,2000,60749
="6603",5000,3000,2000,26699
="6609",100,0,100,2645
="6640",0,3000,-3000,-224500
="6643",2000,17000,-15000,-5471000
="6664",0,5000,-5000,-337500
="6679",36000,27000,9000,2081000
="6683",50100,16000,34100,12228350
="6690",0,1000,-1000,-140000
="6712",1000,1000,0,5000
="6728",5000,0,5000,288399
="6732",16000,3000,13000,9069000
="6752",1000,0,1000,62000
="711174",16000,0,16000,1600
="711270",40000,0,40000,3199
="711271",6000,0,6000,1380
="711375",2000,0,2000,19
="711479",56000,3000,53000,112278
="711483",4000,0,4000,8239
="711517",5000,0,5000,4199
="711562",30000,4000,26000,1320
="711607",5000,0,5000,1500
="711631",90000,10000,80000,87649
="711673",55000,11000,44000,56430
="711700",4000,12000,-8000,-27720
="711702",25000,0,25000,16750
="711703",5000,5000,0,229
="711935",30000,0,30000,58500
="711938",60000,0,60000,28799
="711943",0,20000,-20000,-2199
="712014",0,5000,-5000,-4850
="712015",3000,12000,-9000,-10400
="712017",46000,0,46000,67739
="712020",0,50000,-50000,-43500
="712021",2000,0,2000,1170
="712045",6000,20000,-14000,-10620
="712147",69000,0,69000,41449
="712199",11000,0,11000,3949
="712326",133000,11000,122000,117275
="712369",250000,0,250000,50000
="712605",234000,133000,101000,57972
="712612",1000,5000,-4000,-1760
="712615",8000,0,8000,7840
="712616",152000,60000,92000,95860
="712630",26000,0,26000,10400
="712633",47000,0,47000,22039
="712916",45000,150000,-105000,-70300
="712918",0,68000,-68000,-9019
="712922",0,233000,-233000,-201240
="712923",119000,50000,69000,24270
="712979",15000,0,15000,16649
="712980",42000,30000,12000,21082
="712981",449000,990000,-541000,-500136
="712982",0,6000,-6000,-1800
="712993",0,30000,-30000,-63900
="713040",10000,0,10000,18949
="713042",1301000,151000,1150000,632299
="713043",20000,0,20000,1400
="713044",50000,0,50000,7000
="713073",0,30000,-30000,-7199
="713074",31000,0,31000,19179
="713085",20000,150000,-130000,-53699
="713124",0,90000,-90000,-45000
="713182",594000,260000,334000,108288
="713184",168000,60000,108000,32070
="713226",1000,0,1000,400
="713240",5000,0,5000,2099
="713241",30000,20000,10000,3200
="713323",4000,0,4000,2308
="713324",13000,0,13000,2919
="713325",0,2000,-2000,-5699
="713327",1095000,228000,867000,227422
="713351",0,49000,-49000,-979
="713404",0,123000,-123000,-150060
="713419",2000,45000,-43000,-53468
="713514",266000,3011000,-2745000,-433060
="713515",10000,0,10000,3600
="713545",60000,0,60000,14699
="713578",10000,0,10000,5099
="713587",0,120000,-120000,-42499
="713649",23000,3000,20000,34630
="713653",130000,0,130000,59800
="713675",65000,362000,-297000,-122140
="713676",30000,43000,-13000,-11259
="713677",96000,0,96000,6720
="713695",20000,0,20000,3199
="713820",30000,0,30000,7500
="713821",3000,0,3000,3539
="713953",10000,0,10000,3000
="714011",20000,0,20000,4600
="714030",83000,0,83000,59760
="714034",5000,8000,-3000,-1950
="714082",300000,0,300000,5999
="714153",7000,120000,-113000,-176008
="714211",20000,50000,-30000,-39200
="714212",17000,1000,16000,67100
="714213",39000,30000,9000,28299
="714214",1000,3000,-2000,-6449
="714236",809000,80000,729000,1203279
="714238",178000,0,178000,154860
="714241",0,10000,-10000,-1199
="714254",60000,10000,50000,18101
="714272",0,80000,-80000,-30998
="714320",410000,0,410000,366116
="714384",10000,4000,6000,7761
="714386",0,8000,-8000,-1759
="714431",10000,10000,0,0
="714469",8000,0,8000,7519
="714513",700000,5000,695000,541048
="714516",150000,845000,-695000,-309297
="714517",42000,1000,41000,40489
="714518",56000,0,56000,29689
="714620",10000,25000,-15000,-19201
="714621",167000,257000,-90000,-226126
="714622",77000,0,77000,113726
="714647",50000,68000,-18000,-38769
="714649",20000,26000,-6000,-18560
="714686",0,2000,-2000,-5460
="714712",332000,127000,205000,321811
="714714",0,50000,-50000,-25999
="714720",6000,0,6000,7559
="714741",0,46000,-46000,-30009
="714742",0,25000,-25000,-22750
="714755",32000,0,32000,76800
="714795",112000,32000,80000,90437
="714856",33000,0,33000,35970
="714857",0,89000,-89000,-49840
="714858",623000,370000,253000,241138
="714859",100000,40000,60000,50539
="714860",27000,0,27000,40517
="714861",0,5000,-5000,-24900
="714888",111000,0,111000,69929
="714889",5000,0,5000,4099
="714897",43000,0,43000,62780
="714922",45000,0,45000,25200
="714949",10000,0,10000,15199
="714950",0,30000,-30000,-38298
="714995",0,203000,-203000,-143679
="715011",10000,10000,0,100
="715013",104000,77000,27000,18370
="715034",200000,227000,-27000,-26801
="715038",20000,0,20000,58000
="715066",21000,0,21000,13649
="715067",65000,11000,54000,68248
="715068",246000,64000,182000,327530
="715069",99000,56000,43000,67601
="715070",78000,137000,-59000,-82650
="715071",37000,0,37000,76819
="715072",25000,15000,10000,13062
="715073",16000,0,16000,116499
="715115",1000,60000,-59000,-41879
="715116",8000,71000,-63000,-120148
="715159",38000,59000,-21000,-13339
="715163",21000,20000,1000,-1032
="715164",0,12000,-12000,-19470
="715180",21000,291000,-270000,-251718
="715181",3000,46000,-43000,-65879
="715210",7000,0,7000,12529
="715239",0,88000,-88000,-113776
="715250",100000,0,100000,97000
="715285",0,20000,-20000,-24220
="715287",0,214000,-214000,-183838
="715288",40000,0,40000,41999
="715327",15000,0,15000,13800
="715356",84000,0,84000,170758
="715548",20000,0,20000,14800
="715552",22000,4000,18000,51779
="715553",22000,45000,-23000,-18699
="715555",0,3000,-3000,-2760
="715609",1000,13000,-12000,-12970
="715657",6000,11000,-5000,-4699
="715658",14000,0,14000,13720
="715660",1308000,21000,1287000,5279201
="715661",33000,73000,-40000,-66085
="715662",198000,391000,-193000,-322963
="715692",50000,0,50000,39500
="715693",23000,8000,15000,19101
="715694",53000,35000,18000,42859
="715743",22000,28000,-6000,-7070
="715780",69000,112000,-43000,-50950
="715781",0,100000,-100000,-81999
="715813",919000,739000,180000,413626
="715815",43000,8000,35000,44049
="715901",24000,12000,12000,22641
="715935",0,271000,-271000,-390426
="715971",0,98000,-98000,-85288
="715972",20000,58000,-38000,-54418
="716032",19000,139000,-120000,-131170
="716033",2127000,90000,2037000,2038441
="716034",25000,801000,-776000,-855897
="716035",183000,80000,103000,154159
="716036",40000,5000,35000,51959
="716037",41000,20000,21000,33269
="716081",5000,10000,-5000,-12550
="716090",0,5000,-5000,-13200
="716111",102000,67000,35000,44591
="716112",170000,41000,129000,192878
="716137",2000,14000,-12000,-12169
="716188",42000,10000,32000,34558
="716251",0,13000,-13000,-33979
="716295",1000,3000,-2000,-4169
="716296",0,21000,-21000,-39489
="716297",0,2000,-2000,-3140
="716298",252000,0,252000,447476
="716305",0,50000,-50000,-56499
="716325",0,13000,-13000,-27299
="716357",0,20000,-20000,-24800
="716367",0,2000,-2000,-3059
="716368",44000,8000,36000,69159
="716369",155000,64000,91000,215490
="716370",542000,98000,444000,828899
="716381",10000,0,10000,16699
="716432",5000,0,5000,4970
="716433",5000,10000,-5000,-5501
="716507",203000,0,203000,219450
="716508",155000,6000,149000,166580
="716535",20000,30000,-10000,-6201
="716590",0,2000,-2000,-2519
="716591",200000,5000,195000,224350
="716593",5000,0,5000,5319
="716594",630000,170000,460000,622949
="716595",39000,34000,5000,2399
="716596",10000,27000,-17000,-18209
="716643",0,11000,-11000,-13310
="716650",50000,0,50000,83999
="716677",0,5000,-5000,-6458
="716678",30000,0,30000,32700
="716680",0,10000,-10000,-11900
="716759",10000,0,10000,7599
="716816",85000,417000,-332000,-291246
="716837",271000,314000,-43000,-69233
="716863",0,20000,-20000,-81199
="716881",0,55000,-55000,-209549
="716903",0,15000,-15000,-63299
="716904",0,10000,-10000,-45100
="716905",210000,150000,60000,48299
="716907",358000,21000,337000,307739
="716908",10000,0,10000,8299
="716919",0,10000,-10000,-43600
="716939",20000,0,20000,31400
="716954",759000,459000,300000,353521
="716955",5000,8000,-3000,-2520
="716956",291000,70000,221000,179211
="716957",128000,48000,80000,67159
="716958",3000,427000,-424000,-401870
="716998",156000,9000,147000,145522
="716999",511000,100000,411000,440548
="717000",0,10000,-10000,-10199
="717001",5000,0,5000,3600
="717007",5000,0,5000,9599
="717086",142000,205000,-63000,-66760
="717087",9000,0,9000,15660
="717088",50000,0,50000,64899
="717101",20000,20000,0,200
="717102",11000,32000,-21000,-16601
="717103",299000,25000,274000,291341
="717203",204000,52000,152000,290509
="717204",416000,60000,356000,601700
="717205",66000,0,66000,178539
="717206",150000,117000,33000,31472
="717207",10000,20000,-10000,-6100
="717208",188000,21000,167000,258297
="717209",0,5000,-5000,-8700
="717210",145000,134000,11000,16120
="717305",114000,5000,109000,124310
="717309",0,30000,-30000,-27500
="717311",55000,180000,-125000,-120999
="717333",50000,0,50000,147500
="717352",0,12000,-12000,-6959
="717353",0,56000,-56000,-84628
="717356",0,20000,-20000,-13400
="717358",0,30000,-30000,-24000
="717359",213000,115000,98000,85491
="717360",55000,40000,15000,20797
="717361",21000,120000,-99000,-91437
="717363",0,5000,-5000,-4600
="717364",0,53000,-53000,-63489
="717460",0,1157000,-1157000,-1225165
="717461",0,95000,-95000,-122196
="717468",10000,207000,-197000,-130219
="717469",0,3000,-3000,-2879
="717474",50000,0,50000,95499
="717518",0,15000,-15000,-15099
="717520",0,100000,-100000,-64999
="717523",0,10000,-10000,-7799
="717524",0,30000,-30000,-24299
="717525",0,4000,-4000,-3200
="717531",25000,0,25000,103350
="73425P",149000,0,149000,10430
="73494P",0,119000,-119000,-29750
="73597P",200000,600000,-400000,-243002
="73604P",0,165000,-165000,-245529
="73653P",49000,0,49000,50959
="73654P",8000,32000,-24000,-14771
="73655P",70000,85000,-15000,-10139
="73679P",50000,0,50000,50000
="73686P",170000,0,170000,216899
="73689P",80000,0,80000,79798
="73691P",0,14000,-14000,-13159
="73692P",10000,7000,3000,6141
="73693P",0,42000,-42000,-122840
="73717P",10000,14000,-4000,-4710
="73729P",1000,10000,-9000,-11720
="73731P",0,76000,-76000,-115256
="73740P",26000,64000,-38000,-44997
="73747P",2000,0,2000,2819
="73748P",26000,0,26000,59799
="73753P",0,100000,-100000,-177999
="73754P",0,5000,-5000,-4300
="73755P",50000,72000,-22000,-25058
="73758P",199000,0,199000,336310
="73764P",0,3000,-3000,-3240
="73774P",15000,0,15000,22000
="73789P",399000,0,399000,337666
="73796P",20000,0,20000,6700
="73799P",0,168000,-168000,-87787
="73803P",29000,61000,-32000,-27829
="73804P",0,50000,-50000,-34499
="73805P",2000,51000,-49000,-34359
="8024",0,3000,-3000,-45000
="8027",1000,3000,-2000,-192199
="8032",50,0,50,1110
="8040",4,256000,-255996,-5720257
="8043",20000,0,20000,593946
="8044",0,5000,-5000,-437099
="8054",20000,0,20000,421650
="8064",4000,12000,-8000,-126799
="8069",21000,149000,-128000,-6091454
="8076",6000,2000,4000,125449
="8085",1000,2000,-1000,-9120
="8086",6000,32000,-26000,-3461500
="8088",5000,2000,3000,92250
="8091",0,1000,-1000,-71400
="8096",4000,2000,2000,25400
="8099",24000,245000,-221000,-6790849
="8107",0,5000,-5000,-102749
="8109",0,1000,-1000,-68900
="8121",6000,2000,4000,72550
="8155",1000,95000,-94000,-10688000
="8171",8000,0,8000,406498
="8183",56000,941000,-885000,-19937294
="8255",2000,18000,-16000,-1924500
="8279",1000,0,1000,103000
="8299",14150,30000,-15850,-5333350
="8358",5000,163000,-158000,-8317799
="8390",5000,1300,3700,119981
="8403",0,10000,-10000,-340849
="8409",1000,0,1000,21399
="8416",31000,0,31000,4200500
="8420",0,2000,-2000,-51899
="8421",1000,990,10,25
="8431",0,2000,-2000,-124199
="8436",2000,0,2000,399500
="8472",0,1000,-1000,-63700
="8489",0,5000,-5000,-254998
="8908",0,1000,-1000,-50500
="8924",0,5000,-5000,-310799
="8933",88,0,88,994
="8936",0,200,-200,-4590
="9949",32,280,-248,-3127
="9951",0,235000,-235000,-23310794
="9960",1000,0,1000,31149
