="0050",14153,3000,11153
="0052",1000,0,1000
="0056",8495,56000,-47505
="0061",15000,6000,9000
="006205",1000,0,1000
="006208",3014,19000,-15986
="00632R",115000,306000,-191000
="00633L",1000,40000,-39000
="00634R",40000,0,40000
="00635U",3000,1000,2000
="00636",15000,0,15000
="00637L",2840000,1930000,910000
="00638R",655000,550000,105000
="00640L",2000,0,2000
="00642U",990000,10000,980000
="00648R",0,4000,-4000
="00650L",0,5000,-5000
="00652",1000,0,1000
="00655L",0,1000,-1000
="00656R",0,50000,-50000
="00664R",1000,0,1000
="00669R",0,10000,-10000
="00673R",174000,10000,164000
="00674R",0,10000,-10000
="00677U",160000,0,160000
="00678",1000,0,1000
="00679B",0,307000,-307000
="00682U",0,54000,-54000
="00683L",0,30000,-30000
="00687B",50000,51000,-1000
="00688L",50000,50000,0
="00689R",50000,50000,0
="00692",1050,0,1050
="00694B",50000,50000,0
="00695B",50000,50000,0
="00696B",100000,104000,-4000
="00697B",50000,118000,-68000
="00701",1000,1000,0
="00708L",48000,318000,-270000
="00712",23000,0,23000
="00715L",10803000,430000,10373000
="00718B",520000,100000,420000
="00719B",50000,50000,0
="00720B",72000,50000,22000
="00721B",30000,50000,-20000
="00722B",55000,53000,2000
="00723B",55000,50000,5000
="00724B",60000,68000,-8000
="00730",0,2000,-2000
="00738U",18000,0,18000
="00746B",0,5000,-5000
="00751B",94000,60000,34000
="00754B",50000,50000,0
="00755B",54000,50000,4000
="00756B",50000,90000,-40000
="00757",8000,0,8000
="00760B",0,11000,-11000
="00762",27000,31000,-4000
="00763U",10000,0,10000
="00764B",50000,50000,0
="00765B",55000,50000,5000
="00772B",70000,82000,-12000
="00773B",70000,70000,0
="00787B",0,1000,-1000
="00788B",0,1000,-1000
="00795B",70000,70000,0
="00796B",90000,70000,20000
="00830",0,2000,-2000
="00845B",0,2000,-2000
="00846B",0,1000,-1000
="00847B",70000,70000,0
="00848B",70000,70000,0
="00849B",70000,70000,0
="00861",279000,1000,278000
="00862B",70000,70000,0
="00863B",70000,70000,0
="00864B",70000,70000,0
="00868B",50000,50000,0
="00869B",50000,50000,0
="00870B",50000,61000,-11000
="00871B",77000,50000,27000
="00876",5000,38000,-33000
="00878",22500,0,22500
="00881",577805,217000,360805
="01002T",0,2000,-2000
="020011",14000,6000,8000
="020015",0,2000,-2000
="020016",3000,1000,2000
="020018",33000,11000,22000
="020019",216000,155000,61000
="02001B",0,2000,-2000
="020020",2000,0,2000
="020021",1149000,569000,580000
="020022",23000,0,23000
="03005P",0,2000,-2000
="03245P",15000,0,15000
="03396P",80000,0,80000
="03563P",6000,0,6000
="03767P",0,2000,-2000
="03952P",20000,0,20000
="03990P",0,1000,-1000
="04058P",0,500000,-500000
="04257P",0,50000,-50000
="04317P",0,20000,-20000
="04343P",0,1000,-1000
="04372P",280000,0,280000
="04512P",66000,100000,-34000
="04513P",73000,68000,5000
="04594P",82000,0,82000
="04686P",0,20000,-20000
="04729P",291000,98000,193000
="04744P",0,150000,-150000
="04820P",10000,0,10000
="04826P",19000,223000,-204000
="04827P",14000,0,14000
="04828P",0,30000,-30000
="04860P",0,5000,-5000
="04915P",0,25000,-25000
="04985P",1000,255000,-254000
="05006P",36000,23000,13000
="05009P",499000,0,499000
="05089P",960000,0,960000
="05102P",3000,5000,-2000
="05103P",39000,0,39000
="05128P",1000,28000,-27000
="05143P",11000,0,11000
="05144P",0,255000,-255000
="05147P",0,20000,-20000
="05154P",499000,0,499000
="05161P",0,40000,-40000
="05162P",0,4000,-4000
="05237P",10000,3000,7000
="05279P",10000,440000,-430000
="05297P",46000,57000,-11000
="05299P",335000,26000,309000
="05300P",27000,0,27000
="05320P",998000,0,998000
="05390P",994000,0,994000
="05422P",1497000,2276000,-779000
="05481P",16000,3000,13000
="05482P",0,10000,-10000
="05495P",600000,0,600000
="05500P",20000,0,20000
="05515P",800000,0,800000
="05584P",300000,0,300000
="05594P",60000,0,60000
="05595P",8000,0,8000
="05621P",300000,0,300000
="05632P",97000,38000,59000
="05650P",998000,0,998000
="060342",5000,2000,3000
="060347",11000,3000,8000
="060887",10000,0,10000
="060890",1257000,0,1257000
="061087",20000,5000,15000
="061290",5000,10000,-5000
="061292",0,1000,-1000
="061965",2000,0,2000
="062052",6000,0,6000
="062122",22000,62000,-40000
="062214",51000,0,51000
="062220",58000,0,58000
="062221",37000,0,37000
="062416",60000,0,60000
="062422",49000,0,49000
="062427",0,50000,-50000
="062526",0,2000,-2000
="062534",32000,0,32000
="062579",110000,0,110000
="062581",20000,0,20000
="062586",1000,0,1000
="062679",20000,0,20000
="062681",20000,29000,-9000
="062684",10000,0,10000
="062806",24000,1000,23000
="063054",20000,0,20000
="063057",109000,165000,-56000
="063133",11000,0,11000
="063134",23000,22000,1000
="063145",238000,10000,228000
="063201",635000,6000,629000
="063207",10000,0,10000
="063337",51000,0,51000
="063347",0,10000,-10000
="063350",5000,70000,-65000
="063436",10000,66000,-56000
="063440",20000,0,20000
="063444",23000,179000,-156000
="063452",6000,26000,-20000
="063536",0,110000,-110000
="063662",0,50000,-50000
="063667",10000,0,10000
="063671",130000,0,130000
="063788",0,30000,-30000
="063926",24000,0,24000
="064039",0,11000,-11000
="064047",20000,0,20000
="064055",135000,210000,-75000
="064145",0,150000,-150000
="064152",0,46000,-46000
="064162",86000,0,86000
="064231",10000,0,10000
="064232",5000,0,5000
="064241",10000,233000,-223000
="064244",30000,0,30000
="064245",4000,0,4000
="064362",0,2000,-2000
="064367",0,1000,-1000
="064368",35000,24000,11000
="064446",42000,0,42000
="064447",130000,0,130000
="064448",334000,10000,324000
="064453",25000,0,25000
="064456",2000,0,2000
="064459",0,20000,-20000
="064461",28000,0,28000
="064462",16000,0,16000
="064465",30000,30000,0
="064596",0,333000,-333000
="064710",71000,3000,68000
="064712",7000,0,7000
="064713",91000,0,91000
="064714",200000,499000,-299000
="064718",3000,0,3000
="064719",20000,10000,10000
="064720",7000,155000,-148000
="064727",18000,0,18000
="064731",9000,0,9000
="064819",2000,0,2000
="064822",5000,0,5000
="064826",2000,0,2000
="064827",0,5000,-5000
="064829",5000,0,5000
="064831",580000,0,580000
="064832",0,1000,-1000
="064843",87000,0,87000
="064911",35000,11000,24000
="064914",10000,0,10000
="064916",140000,140000,0
="064917",4000,3000,1000
="064919",10000,0,10000
="064921",4000,55000,-51000
="064926",30000,50000,-20000
="064927",11000,19000,-8000
="064929",24000,111000,-87000
="064935",0,2000,-2000
="065036",3000,0,3000
="065188",4000,0,4000
="065297",0,27000,-27000
="065338",10000,0,10000
="065345",10000,0,10000
="065352",20000,0,20000
="065451",30000,310000,-280000
="065529",0,2000,-2000
="065533",42000,0,42000
="065536",20000,0,20000
="065539",14000,0,14000
="065541",5000,30000,-25000
="065658",0,352000,-352000
="065678",112000,0,112000
="065679",541000,321000,220000
="065683",0,22000,-22000
="065684",54000,0,54000
="065685",5000,4000,1000
="065888",5000,111000,-106000
="065889",167000,90000,77000
="065890",1000,7000,-6000
="065892",11000,0,11000
="065895",60000,0,60000
="065897",15000,0,15000
="065944",10000,0,10000
="065945",0,28000,-28000
="065946",100000,0,100000
="065950",109000,49000,60000
="065952",91000,0,91000
="065954",0,101000,-101000
="066007",35000,0,35000
="066009",315000,0,315000
="066099",0,100000,-100000
="066197",0,89000,-89000
="066200",0,10000,-10000
="066201",0,58000,-58000
="066203",86000,182000,-96000
="066204",337000,0,337000
="066205",10000,0,10000
="066213",1000,26000,-25000
="066215",0,18000,-18000
="066216",9000,3000,6000
="066217",35000,0,35000
="066218",560000,21000,539000
="066422",20000,30000,-10000
="066456",0,35000,-35000
="066458",0,10000,-10000
="066459",75000,0,75000
="066460",0,62000,-62000
="066465",10000,20000,-10000
="066471",0,50000,-50000
="066524",21000,6000,15000
="066525",79000,2000,77000
="066526",524000,173000,351000
="066694",0,5000,-5000
="066994",10000,0,10000
="067144",11000,20000,-9000
="067146",1000,0,1000
="067147",6000,0,6000
="067150",928000,1656000,-728000
="067151",110000,0,110000
="067156",0,3000,-3000
="067157",0,23000,-23000
="067272",0,20000,-20000
="067275",52000,0,52000
="067276",0,17000,-17000
="067278",11000,15000,-4000
="067291",40000,0,40000
="067353",40000,0,40000
="067368",3000,35000,-32000
="067369",20000,0,20000
="067370",33000,65000,-32000
="067371",160000,0,160000
="067372",217000,55000,162000
="067373",278000,30000,248000
="067378",2000,0,2000
="067383",2000,100000,-98000
="067450",20000,0,20000
="067501",40000,0,40000
="067502",10000,0,10000
="067504",8000,0,8000
="067505",0,25000,-25000
="067510",11000,200000,-189000
="067514",12000,0,12000
="067515",0,10000,-10000
="067637",0,38000,-38000
="067638",15000,31000,-16000
="067642",4000,0,4000
="067709",0,7000,-7000
="067766",0,8000,-8000
="067767",120000,76000,44000
="067768",73000,112000,-39000
="067770",3000,3000,0
="067772",20000,79000,-59000
="067774",107000,0,107000
="067775",85000,150000,-65000
="067831",2000,0,2000
="067832",0,22000,-22000
="067834",19000,0,19000
="067836",10000,23000,-13000
="067837",0,30000,-30000
="068045",50000,0,50000
="068046",55000,40000,15000
="068047",0,24000,-24000
="068048",0,130000,-130000
="068050",1087000,0,1087000
="068056",167000,0,167000
="068057",3000,3000,0
="068127",106000,0,106000
="068128",0,20000,-20000
="068129",0,85000,-85000
="068131",596000,367000,229000
="068217",31000,232000,-201000
="068219",33000,0,33000
="068220",3214000,844000,2370000
="068221",204000,189000,15000
="068364",300000,0,300000
="068383",130000,126000,4000
="068386",300000,64000,236000
="068387",10000,25000,-15000
="068389",0,40000,-40000
="068390",236000,711000,-475000
="068391",5000,3000,2000
="068396",15000,0,15000
="068510",53000,24000,29000
="068511",352000,333000,19000
="068513",87000,0,87000
="068514",2000,5000,-3000
="068515",2000,0,2000
="068516",4600000,121000,4479000
="068518",225000,0,225000
="068521",0,1000,-1000
="068592",5000,0,5000
="068593",87000,20000,67000
="068594",10000,11000,-1000
="068595",0,11000,-11000
="068667",9000,2000,7000
="068669",8000,10000,-2000
="068670",3149000,382000,2767000
="068671",220000,0,220000
="068672",645000,0,645000
="068673",260000,106000,154000
="068674",235000,113000,122000
="068764",0,4000,-4000
="068766",6000,0,6000
="068767",1000,25000,-24000
="068769",31000,20000,11000
="068771",530000,819000,-289000
="068841",200000,0,200000
="068844",0,10000,-10000
="068845",100000,46000,54000
="068848",0,101000,-101000
="068849",118000,110000,8000
="068851",0,12000,-12000
="068852",34000,271000,-237000
="068854",150000,80000,70000
="068882",0,27000,-27000
="068884",57000,0,57000
="069031",10000,0,10000
="069034",0,100000,-100000
="069035",110000,200000,-90000
="069038",0,20000,-20000
="069094",15000,580000,-565000
="069095",160000,334000,-174000
="069098",20000,124000,-104000
="069099",58000,123000,-65000
="069105",30000,0,30000
="069106",338000,0,338000
="069190",11000,85000,-74000
="069193",0,1000,-1000
="069287",499000,0,499000
="069397",47000,138000,-91000
="069398",1000,0,1000
="069401",0,1000,-1000
="069402",38000,28000,10000
="069404",0,4000,-4000
="069408",0,10000,-10000
="069411",40000,15000,25000
="069412",40000,0,40000
="069414",5777000,1520000,4257000
="069415",22000,54000,-32000
="069416",226000,374000,-148000
="069417",0,10000,-10000
="069446",45000,18000,27000
="069448",21000,50000,-29000
="069449",9000,85000,-76000
="069453",56000,0,56000
="069526",0,500000,-500000
="069612",25000,14000,11000
="069613",0,100000,-100000
="069614",74000,103000,-29000
="069616",24000,199000,-175000
="069617",0,6000,-6000
="069621",59000,0,59000
="069622",132000,0,132000
="069623",0,10000,-10000
="069691",11660000,938000,10722000
="069692",0,20000,-20000
="069693",1689000,167000,1522000
="069698",0,1000,-1000
="069823",90000,0,90000
="069927",102000,10000,92000
="069928",0,3000,-3000
="069931",0,76000,-76000
="069933",21000,12000,9000
="069934",0,5000,-5000
="069936",389000,0,389000
="070028",10000,0,10000
="070126",27000,0,27000
="070131",0,30000,-30000
="070133",547000,484000,63000
="070135",422000,237000,185000
="070136",35000,421000,-386000
="070137",0,10000,-10000
="070138",100000,1000,99000
="070139",150000,50000,100000
="070141",0,919000,-919000
="070144",20000,0,20000
="070146",10000,15000,-5000
="070147",406000,96000,310000
="070148",16000,90000,-74000
="070245",69000,165000,-96000
="070247",1000,0,1000
="070251",0,1769000,-1769000
="070252",1255000,1822000,-567000
="070253",13000,0,13000
="070255",10000,235000,-225000
="070258",378000,0,378000
="070340",71000,0,71000
="070372",2000,0,2000
="070376",582000,238000,344000
="070428",0,10000,-10000
="070430",12000,12000,0
="070431",2000,0,2000
="070432",80000,0,80000
="070444",58000,195000,-137000
="070445",43000,431000,-388000
="070503",0,119000,-119000
="070530",5000,0,5000
="070531",55000,0,55000
="070534",0,99000,-99000
="070538",0,130000,-130000
="070539",21000,30000,-9000
="070605",5000,0,5000
="070606",0,40000,-40000
="070607",0,78000,-78000
="070608",81000,0,81000
="070609",5000,1000,4000
="070613",0,900000,-900000
="070632",998000,0,998000
="070840",2299000,0,2299000
="070857",335000,120000,215000
="070859",21000,10000,11000
="070860",140000,310000,-170000
="070862",0,10000,-10000
="070864",423000,655000,-232000
="070865",0,5000,-5000
="070866",3000,0,3000
="070867",294000,18000,276000
="070913",0,31000,-31000
="070914",5000,0,5000
="071125",15000,164000,-149000
="071127",0,22000,-22000
="071128",0,21000,-21000
="071214",22000,6000,16000
="071215",27000,2000,25000
="071217",271000,40000,231000
="071218",5000,15000,-10000
="071220",210000,190000,20000
="071221",50000,0,50000
="071224",0,5000,-5000
="071226",26000,0,26000
="071227",0,13000,-13000
="071319",3000,63000,-60000
="071321",0,10000,-10000
="071322",0,281000,-281000
="071324",0,1000,-1000
="071325",10000,1000,9000
="071326",10000,0,10000
="071327",30000,0,30000
="071331",38000,0,38000
="071332",1000,20000,-19000
="071334",3000,243000,-240000
="071335",19000,16000,3000
="071445",22000,65000,-43000
="071446",8000,63000,-55000
="071447",0,230000,-230000
="071448",1000,10000,-9000
="071567",8000,50000,-42000
="071568",8000,0,8000
="071569",0,9000,-9000
="071571",0,301000,-301000
="071572",150000,0,150000
="071709",69000,0,69000
="071710",0,2000,-2000
="071750",5000,0,5000
="071843",0,6000,-6000
="071845",50000,25000,25000
="071847",5000,30000,-25000
="071887",10000,0,10000
="071888",10000,0,10000
="071890",5000,11000,-6000
="072046",321000,433000,-112000
="072047",10000,0,10000
="072050",20000,138000,-118000
="072051",0,1000,-1000
="072112",6000,2000,4000
="072122",8000,240000,-232000
="072124",0,1000,-1000
="072300",12000,10000,2000
="072303",0,10000,-10000
="072305",5000,50000,-45000
="072307",0,5000,-5000
="072308",0,263000,-263000
="072309",0,32000,-32000
="072310",0,44000,-44000
="072312",0,20000,-20000
="072313",0,74000,-74000
="072325",0,3000,-3000
="072403",11000,39000,-28000
="072405",0,35000,-35000
="072408",0,10000,-10000
="072409",0,129000,-129000
="072410",250000,133000,117000
="072412",5000,371000,-366000
="072462",0,1000,-1000
="072482",160000,0,160000
="072556",80000,20000,60000
="072557",0,20000,-20000
="072559",0,6000,-6000
="072561",6000,0,6000
="072562",0,30000,-30000
="072566",17000,96000,-79000
="072568",0,432000,-432000
="072628",10000,11000,-1000
="072632",10000,0,10000
="072633",101000,275000,-174000
="072635",0,42000,-42000
="072636",13000,32000,-19000
="072708",0,43000,-43000
="072710",20000,10000,10000
="072711",80000,138000,-58000
="072712",0,11000,-11000
="072807",3000,0,3000
="072811",0,20000,-20000
="072812",23000,99000,-76000
="072813",5000,20000,-15000
="072964",37000,141000,-104000
="072968",80000,322000,-242000
="072970",0,10000,-10000
="072971",2000,22000,-20000
="072972",1000,302000,-301000
="072973",0,143000,-143000
="073027",20000,20000,0
="073029",8000,0,8000
="073031",135000,761000,-626000
="073032",158000,215000,-57000
="073035",20000,276000,-256000
="073036",21000,33000,-12000
="073037",156000,0,156000
="073038",97000,333000,-236000
="073039",0,79000,-79000
="073040",220000,30000,190000
="073094",88000,10000,78000
="073095",95000,0,95000
="073097",218000,20000,198000
="073098",41000,0,41000
="073099",1000,0,1000
="073100",0,84000,-84000
="073102",0,107000,-107000
="073103",0,87000,-87000
="073104",145000,30000,115000
="073105",47000,270000,-223000
="073377",18000,0,18000
="073379",207000,0,207000
="073382",17000,118000,-101000
="073383",1000,13000,-12000
="073384",0,41000,-41000
="073387",15000,1000,14000
="073388",16000,174000,-158000
="073489",10000,40000,-30000
="073491",10000,0,10000
="073493",0,416000,-416000
="073495",0,50000,-50000
="073496",0,46000,-46000
="073497",6000,2000,4000
="073498",0,15000,-15000
="073499",3000,5000,-2000
="073500",10000,164000,-154000
="073501",0,15000,-15000
="073502",6000,139000,-133000
="073503",0,1256000,-1256000
="073615",40000,0,40000
="073616",10000,10000,0
="073618",0,134000,-134000
="073712",10000,0,10000
="073735",999000,0,999000
="073737",21000,32000,-11000
="073741",14000,14000,0
="073742",18000,195000,-177000
="073743",59000,10000,49000
="073744",35000,0,35000
="073745",3000,51000,-48000
="073747",1000,44000,-43000
="073748",0,10000,-10000
="073808",36000,40000,-4000
="073809",0,14000,-14000
="073810",0,26000,-26000
="073811",21000,40000,-19000
="073813",55000,64000,-9000
="073851",1000,0,1000
="073891",0,10000,-10000
="073979",100000,0,100000
="073980",4000,0,4000
="073981",0,30000,-30000
="073982",12000,1000,11000
="073983",0,1000,-1000
="073984",0,343000,-343000
="073985",10000,0,10000
="073986",0,1000,-1000
="074060",174000,0,174000
="074062",0,44000,-44000
="074063",0,201000,-201000
="074065",50000,293000,-243000
="074066",11000,115000,-104000
="074067",29000,319000,-290000
="074068",5000,647000,-642000
="074069",0,1000,-1000
="074165",0,5000,-5000
="074167",0,75000,-75000
="074169",0,55000,-55000
="074170",0,35000,-35000
="074257",21000,10000,11000
="074258",16000,45000,-29000
="074343",1000,5000,-4000
="074344",20000,3000,17000
="074345",21000,1000,20000
="074346",30000,143000,-113000
="074347",1488000,3460000,-1972000
="074349",80000,28000,52000
="074350",668000,338000,330000
="074351",45000,0,45000
="074352",4000,18000,-14000
="074353",0,8000,-8000
="074354",171000,393000,-222000
="074444",0,82000,-82000
="074445",96000,12000,84000
="074446",321000,15000,306000
="074447",975000,564000,411000
="074448",30000,0,30000
="074449",1000,0,1000
="074450",0,19000,-19000
="074451",4000,11000,-7000
="074452",0,16000,-16000
="074453",0,183000,-183000
="074454",0,66000,-66000
="074455",0,30000,-30000
="074491",3000,10000,-7000
="074492",6000,0,6000
="074495",8000,63000,-55000
="074496",42000,1000,41000
="074497",0,29000,-29000
="074498",34000,35000,-1000
="074499",10000,45000,-35000
="074677",14000,73000,-59000
="074678",257000,18000,239000
="074679",0,10000,-10000
="074680",18000,16000,2000
="074681",0,2000,-2000
="074684",15000,32000,-17000
="074685",72000,13000,59000
="074686",0,19000,-19000
="074687",2000,172000,-170000
="074689",0,22000,-22000
="074690",0,127000,-127000
="074758",6000,1000,5000
="074782",0,10000,-10000
="074783",67000,176000,-109000
="074787",0,4000,-4000
="074788",12000,60000,-48000
="074789",30000,11000,19000
="074790",92000,166000,-74000
="074791",30000,10000,20000
="074792",0,53000,-53000
="074793",0,10000,-10000
="074796",91000,0,91000
="074798",2000,0,2000
="074799",0,9000,-9000
="074800",8000,35000,-27000
="074801",3000,218000,-215000
="074802",8000,85000,-77000
="074803",1000,0,1000
="074804",1000,0,1000
="074806",19000,154000,-135000
="074807",14000,152000,-138000
="074809",20000,6000,14000
="074810",18000,58000,-40000
="074811",0,19000,-19000
="074812",0,225000,-225000
="074813",10000,214000,-204000
="074814",89000,60000,29000
="074815",57000,36000,21000
="074816",359000,0,359000
="074819",1000,2000,-1000
="074867",0,1000,-1000
="074895",0,5000,-5000
="074896",0,17000,-17000
="074900",4000,62000,-58000
="074901",0,23000,-23000
="074902",0,225000,-225000
="074903",92000,340000,-248000
="074905",0,111000,-111000
="074906",356000,0,356000
="074907",0,43000,-43000
="074908",60000,32000,28000
="075030",100000,0,100000
="075049",10000,0,10000
="075050",0,50000,-50000
="075051",131000,59000,72000
="075052",3000,55000,-52000
="075053",0,1000,-1000
="075167",100000,20000,80000
="075168",13000,0,13000
="075170",54000,66000,-12000
="075172",0,277000,-277000
="075173",31000,50000,-19000
="075174",0,108000,-108000
="075240",4000,0,4000
="075243",16000,111000,-95000
="075267",20000,0,20000
="075396",20000,212000,-192000
="075397",10000,205000,-195000
="075398",13000,26000,-13000
="075399",12000,276000,-264000
="075400",0,50000,-50000
="075401",0,10000,-10000
="075402",0,2000,-2000
="075404",0,50000,-50000
="075405",50000,35000,15000
="075406",54000,56000,-2000
="075407",6000,10000,-4000
="075409",4000,0,4000
="075411",30000,0,30000
="075412",85000,0,85000
="075513",82000,23000,59000
="075515",0,85000,-85000
="075517",50000,63000,-13000
="075641",0,1000,-1000
="075642",0,103000,-103000
="075691",200000,64000,136000
="075692",2000,0,2000
="075693",0,40000,-40000
="075694",0,6000,-6000
="075695",1000,0,1000
="075696",53000,25000,28000
="075697",92000,243000,-151000
="075699",15000,7000,8000
="075700",10000,120000,-110000
="075701",10000,9000,1000
="075826",30000,0,30000
="075827",93000,84000,9000
="075828",31000,369000,-338000
="075829",326000,37000,289000
="075831",213000,130000,83000
="075918",0,1000,-1000
="075964",959000,18000,941000
="075965",0,248000,-248000
="075966",27000,0,27000
="075968",43000,2000,41000
="075969",50000,99000,-49000
="075970",482000,370000,112000
="075971",137000,40000,97000
="075972",16000,160000,-144000
="075973",1000,0,1000
="076055",61000,0,61000
="076057",55000,22000,33000
="076061",13000,0,13000
="076063",63000,0,63000
="076064",10000,176000,-166000
="076107",0,10000,-10000
="076180",3000,396000,-393000
="076183",0,1000,-1000
="076184",66000,12000,54000
="076185",0,34000,-34000
="076289",103000,60000,43000
="076290",0,14000,-14000
="076291",0,104000,-104000
="076292",111000,173000,-62000
="076405",130000,70000,60000
="076406",119000,326000,-207000
="076408",0,143000,-143000
="076409",52000,0,52000
="076410",5000,237000,-232000
="076411",0,10000,-10000
="076412",0,41000,-41000
="076413",0,10000,-10000
="076414",0,41000,-41000
="076415",10000,5000,5000
="076416",70000,548000,-478000
="076417",0,182000,-182000
="076418",253000,455000,-202000
="076419",71000,216000,-145000
="076420",496000,50000,446000
="076421",78000,0,78000
="076550",24000,50000,-26000
="076587",2000,0,2000
="076648",44000,0,44000
="076652",204000,194000,10000
="076653",0,10000,-10000
="076654",25000,26000,-1000
="076655",63000,122000,-59000
="076777",8000,0,8000
="076912",200000,499000,-299000
="076913",13000,110000,-97000
="076914",50000,0,50000
="076916",0,71000,-71000
="076917",36000,34000,2000
="076918",109000,301000,-192000
="076919",10000,0,10000
="076920",20000,0,20000
="076921",10000,121000,-111000
="076922",0,122000,-122000
="076923",12000,22000,-10000
="076998",120000,0,120000
="077060",0,30000,-30000
="077061",0,50000,-50000
="077064",0,229000,-229000
="077065",25000,9000,16000
="077066",30000,335000,-305000
="077067",0,102000,-102000
="077068",0,50000,-50000
="077069",35000,0,35000
="077103",0,16000,-16000
="077104",12000,17000,-5000
="077105",8000,0,8000
="077106",0,10000,-10000
="077107",0,42000,-42000
="077108",299000,226000,73000
="077109",126000,185000,-59000
="077110",962000,0,962000
="077217",20000,10000,10000
="077275",23000,46000,-23000
="077276",2000,141000,-139000
="077277",89000,575000,-486000
="077278",15000,74000,-59000
="077280",803000,3000,800000
="077281",348000,59000,289000
="077371",0,5000,-5000
="077411",70000,13000,57000
="077412",538000,3000,535000
="077427",0,1000,-1000
="077585",33000,1326000,-1293000
="077586",90000,19000,71000
="077587",112000,42000,70000
="077588",140000,196000,-56000
="077589",129000,0,129000
="077590",1000,0,1000
="077591",25000,0,25000
="077592",0,71000,-71000
="077593",0,40000,-40000
="077595",28000,201000,-173000
="077596",0,6000,-6000
="077647",65000,0,65000
="077648",0,117000,-117000
="077649",90000,20000,70000
="077652",185000,50000,135000
="077653",23000,51000,-28000
="077654",25000,78000,-53000
="077655",40000,1000,39000
="077656",128000,322000,-194000
="077657",0,30000,-30000
="077658",128000,205000,-77000
="077659",7000,212000,-205000
="077752",141000,0,141000
="077810",20000,0,20000
="077811",6000,70000,-64000
="077812",16000,64000,-48000
="077929",0,1000,-1000
="077941",63000,3000,60000
="077942",430000,140000,290000
="077944",168000,364000,-196000
="077945",0,396000,-396000
="077946",79000,55000,24000
="078011",0,3000,-3000
="078038",0,75000,-75000
="078049",10000,0,10000
="078064",65000,20000,45000
="078087",81000,99000,-18000
="078088",17000,78000,-61000
="078089",103000,560000,-457000
="078090",46000,0,46000
="078091",104000,23000,81000
="078092",20000,164000,-144000
="078093",53000,121000,-68000
="078094",76000,158000,-82000
="078095",48000,34000,14000
="078096",29000,34000,-5000
="078097",345000,527000,-182000
="078098",168000,1088000,-920000
="078099",109000,179000,-70000
="078374",35000,0,35000
="078461",586000,313000,273000
="078462",232000,237000,-5000
="078463",15000,0,15000
="078464",0,15000,-15000
="078465",10000,115000,-105000
="078466",154000,2000,152000
="078468",3000,11000,-8000
="078469",16000,20000,-4000
="078470",340000,421000,-81000
="078471",22000,25000,-3000
="078472",1000,0,1000
="078473",24000,267000,-243000
="078474",331000,5000,326000
="078475",0,83000,-83000
="078477",7000,45000,-38000
="078718",215000,32000,183000
="078719",1000,130000,-129000
="078720",67000,18000,49000
="078722",14000,0,14000
="078723",16000,0,16000
="078724",454000,2000,452000
="078727",0,2000,-2000
="078845",0,120000,-120000
="078846",0,75000,-75000
="078847",43000,55000,-12000
="078848",1696000,2536000,-840000
="078849",0,208000,-208000
="078851",11000,0,11000
="078852",29000,12000,17000
="078853",133000,68000,65000
="078854",400000,148000,252000
="078855",20000,324000,-304000
="078856",0,71000,-71000
="078857",0,3000,-3000
="078942",0,420000,-420000
="078945",126000,14000,112000
="078946",0,61000,-61000
="078947",0,16000,-16000
="078949",17000,0,17000
="079090",0,14000,-14000
="079091",12000,0,12000
="079159",0,1000,-1000
="079248",30000,0,30000
="079285",7000,220000,-213000
="079286",25000,0,25000
="079288",182000,501000,-319000
="079289",0,10000,-10000
="079290",0,195000,-195000
="079291",113000,0,113000
="079386",5000,0,5000
="079426",1000,107000,-106000
="079427",0,35000,-35000
="079428",4000,2000,2000
="079429",210000,34000,176000
="079430",88000,40000,48000
="079432",480000,180000,300000
="079433",0,10000,-10000
="079434",0,76000,-76000
="079435",9000,30000,-21000
="079457",499000,0,499000
="079563",1000,0,1000
="079582",9000,54000,-45000
="079583",14000,0,14000
="079584",107000,69000,38000
="079585",15000,481000,-466000
="079586",0,300000,-300000
="079654",2000,1000,1000
="079661",420000,100000,320000
="079662",210000,0,210000
="079727",10000,91000,-81000
="079728",15000,65000,-50000
="079729",487000,460000,27000
="079730",82000,469000,-387000
="079731",12000,118000,-106000
="079732",10000,398000,-388000
="079733",1000,2000,-1000
="079735",0,3000,-3000
="079736",9000,352000,-343000
="079737",0,32000,-32000
="079738",171000,0,171000
="079739",0,30000,-30000
="079740",95000,310000,-215000
="079741",105000,293000,-188000
="079742",206000,245000,-39000
="079743",85000,0,85000
="079745",547000,180000,367000
="079868",213000,23000,190000
="079869",0,7000,-7000
="079870",0,5000,-5000
="079871",442000,24000,418000
="079872",112000,110000,2000
="079873",0,40000,-40000
="079928",10000,0,10000
="079979",0,4000,-4000
="079980",7000,0,7000
="079981",200000,591000,-391000
="079982",15000,25000,-10000
="079983",45000,722000,-677000
="079984",133000,454000,-321000
="079985",276000,399000,-123000
="08006P",0,50000,-50000
="080161",42000,7000,35000
="080162",110000,183000,-73000
="080163",186000,20000,166000
="080164",100000,261000,-161000
="080165",489000,0,489000
="080166",532000,199000,333000
="080167",5000,0,5000
="080168",0,110000,-110000
="080169",1000,105000,-104000
="080170",786000,2056000,-1270000
="080171",129000,49000,80000
="080172",34000,134000,-100000
="080174",11000,69000,-58000
="080175",19000,141000,-122000
="080176",0,4000,-4000
="080177",1079000,265000,814000
="080178",775000,334000,441000
="080179",27000,2913000,-2886000
="080180",83000,304000,-221000
="080181",74000,3098000,-3024000
="080182",173000,496000,-323000
="080183",0,1000,-1000
="080184",104000,279000,-175000
="080185",72000,655000,-583000
="080186",3000,0,3000
="080187",79000,16000,63000
="080230",175000,0,175000
="080342",0,2000,-2000
="080343",99000,211000,-112000
="080344",81000,10000,71000
="080345",11000,246000,-235000
="080347",110000,0,110000
="080348",163000,112000,51000
="080349",934000,706000,228000
="080351",0,74000,-74000
="080352",610000,30000,580000
="080380",0,40000,-40000
="080537",1000,25000,-24000
="080538",100000,0,100000
="080539",0,57000,-57000
="080540",0,10000,-10000
="080541",0,102000,-102000
="080542",0,1000,-1000
="080543",254000,360000,-106000
="080544",0,73000,-73000
="080545",6000,110000,-104000
="080546",37000,138000,-101000
="080547",0,270000,-270000
="080549",0,26000,-26000
="080593",1000,349000,-348000
="080594",0,161000,-161000
="080595",215000,106000,109000
="080596",394000,129000,265000
="080597",0,15000,-15000
="080599",10000,10000,0
="080600",71000,287000,-216000
="080601",17000,102000,-85000
="080602",72000,144000,-72000
="080604",0,2000,-2000
="080675",100000,0,100000
="080768",1000,0,1000
="080795",2000,0,2000
="080846",1055000,0,1055000
="080857",62000,50000,12000
="080858",0,86000,-86000
="080859",10000,430000,-420000
="080860",562000,748000,-186000
="080861",10000,1226000,-1216000
="080863",20000,130000,-110000
="080864",0,41000,-41000
="080865",1000,7000,-6000
="080867",22000,42000,-20000
="080868",0,68000,-68000
="080869",0,42000,-42000
="080870",0,10000,-10000
="081016",0,35000,-35000
="081018",0,96000,-96000
="081021",0,504000,-504000
="081024",0,24000,-24000
="08798P",0,1624000,-1624000
="1101",172076,1363000,-1190924
="1102",4000,0,4000
="1103",0,2000,-2000
="1104",200,23000,-22800
="1108",0,6000,-6000
="1201",0,3000,-3000
="1210",10000,20100,-10100
="1215",26000,12191,13809
="1216",102000,0,102000
="1217",26000,52000,-26000
="1218",50000,0,50000
="1219",0,3000,-3000
="1227",1000,0,1000
="1229",3000,50000,-47000
="1236",95,1000,-905
="1256",0,2046,-2046
="1301",2000,330092,-328092
="1303",400,10000,-9600
="1304",269430,26000,243430
="1305",17000,26000,-9000
="1307",6000,4000,2000
="1308",0,3000,-3000
="1309",57000,43000,14000
="1310",12000,10000,2000
="1312",47000,36000,11000
="1313",3000,2000,1000
="1314",35000,221000,-186000
="1319",10000,295000,-285000
="1321",1000,0,1000
="1325",2000,2000,0
="1326",3000,3000,0
="1336",1000,0,1000
="1337",3160,18000,-14840
="1338",362000,2000,360000
="1340",111,0,111
="1341",0,1000,-1000
="1402",73000,0,73000
="1409",917000,28000,889000
="1413",0,5,-5
="1414",13000,0,13000
="1416",50,0,50
="1417",4000,2000,2000
="1423",0,1000,-1000
="1435",31000,0,31000
="1436",2000,0,2000
="1440",26000,5000,21000
="1441",1000,990,10
="1444",98200,19000,79200
="1445",0,5000,-5000
="1446",0,1166,-1166
="1447",2484258,262000,2222258
="1451",35,0,35
="1452",0,3000,-3000
="1454",7000,0,7000
="1455",8000,3000,5000
="1456",11000,0,11000
="1457",7000,6620,380
="1459",10000,5000,5000
="1460",7000,1000,6000
="1465",107,0,107
="1466",20050,0,20050
="1467",0,1000,-1000
="1473",30,0,30
="1476",38000,129000,-91000
="1477",8000,1000,7000
="1504",10000,1000,9000
="1513",194143,1997179,-1803036
="1514",1000,0,1000
="1519",11000,4000,7000
="1521",2000,0,2000
="1522",2000,2000,0
="1528",0,5,-5
="1530",6000,8000,-2000
="1531",40,0,40
="1536",84000,15110,68890
="1537",5000,0,5000
="1539",2000,0,2000
="1560",0,2000,-2000
="1568",470000,1002,468998
="1569",1000,5122,-4122
="1584",53000,0,53000
="1586",50000,10000,40000
="1589",1000,2000,-1000
="1590",0,2020,-2020
="1593",3500,22105,-18605
="1597",0,1000,-1000
="1598",10000,38000,-28000
="1599",0,5000,-5000
="1605",58000,55000,3000
="1608",18000,0,18000
="1609",18000,33000,-15000
="1611",1000,1666,-666
="1612",40000,0,40000
="1614",0,4000,-4000
="1616",0,4000,-4000
="1701",0,11000,-11000
="1707",20000,0,20000
="1709",0,2000,-2000
="1710",1000,0,1000
="1711",9000,9000,0
="1713",1000,0,1000
="1714",5000,50000,-45000
="1717",4000,0,4000
="1718",45000,1056000,-1011000
="1720",1000,2000,-1000
="1722",6000,0,6000
="1724",0,100,-100
="1727",50,0,50
="1736",33000,6000,27000
="1752",0,2000,-2000
="1773",30300,1000,29300
="1785",1000,68000,-67000
="1786",1000,0,1000
="1802",865573,492100,373473
="1806",31000,2000,29000
="1809",200,25000,-24800
="1815",200,18000,-17800
="1904",2000,112000,-110000
="1905",40000,18000,22000
="1907",3000,18000,-15000
="1909",205000,245099,-40099
="2002",74000,16913,57087
="2006",40000,43000,-3000
="2007",0,1000,-1000
="2008",0,7000,-7000
="2009",344700,494000,-149300
="2010",0,7000,-7000
="2014",1418095,689500,728595
="2015",2000,205000,-203000
="2017",1000,3006,-2006
="2020",0,1000,-1000
="2022",50,50,0
="2023",22100,5000,17100
="2027",26415,124012,-97597
="2028",245000,24000,221000
="2029",4000,1000,3000
="2031",2,2000,-1998
="2032",14000,0,14000
="2034",4000,8000,-4000
="2038",46000,30000,16000
="2049",40009,157000,-116991
="2065",1000,0,1000
="2066",0,1000,-1000
="2069",0,1000,-1000
="2101",1000,31000,-30000
="2102",0,1000,-1000
="2103",203000,2000,201000
="2104",5000,0,5000
="2105",3000,105000,-102000
="2106",2000,0,2000
="2108",1000,0,1000
="2115",1000,0,1000
="2201",1460350,432268,1028082
="2204",1000,8000,-7000
="2206",14002,5000,9002
="2208",8020,3000,5020
="2227",0,22000,-22000
="2230",101,0,101
="2231",6000,8000,-2000
="2233",0,105000,-105000
="2239",2000,1000,1000
="2241",1000,0,1000
="2301",19000,54250,-35250
="2302",2000,5000,-3000
="2303",4161667,2714220,1447447
="2305",5000,0,5000
="2308",35000,186009,-151009
="2312",70002,14000,56002
="2313",122002,13001,109001
="2314",18000,5000,13000
="2316",202,6400,-6198
="2317",4410392,5499373,-1088981
="2323",11002,0,11002
="2324",0,200000,-200000
="2327",8000,48343,-40343
="2328",154000,345000,-191000
="2329",4000,21000,-17000
="2330",89833,146060,-56227
="2331",0,50000,-50000
="2332",17002,124209,-107207
="2337",185450,302600,-117150
="2338",4000,394000,-390000
="2340",60002,102130,-42128
="2342",19002,6000,13002
="2344",1491362,1998000,-506638
="2345",8000,109000,-101000
="2347",0,2000,-2000
="2349",1000,3000,-2000
="2351",70000,761000,-691000
="2352",291000,180200,110800
="2353",103000,62000,41000
="2354",5050,3000,2050
="2355",173000,70000,103000
="2356",22000,17000,5000
="2357",8000,0,8000
="2359",0,1000,-1000
="2360",1000,3000,-2000
="2363",12010,24000,-11990
="2367",245002,4000,241002
="2368",216000,188221,27779
="2369",11001,2000,9001
="2371",60002,183001,-122999
="2373",0,1000,-1000
="2374",8100,9000,-900
="2375",51000,68100,-17100
="2376",67000,202000,-135000
="2377",7000,108000,-101000
="2379",47010,57099,-10089
="2380",8000,0,8000
="2382",22000,314000,-292000
="2383",202000,158000,44000
="2385",0,1000,-1000
="2387",4300,19000,-14700
="2388",88570,13004,75566
="2392",83000,23000,60000
="2393",1253000,909000,344000
="2399",4000,6000,-2000
="2401",33000,1000,32000
="2402",1202,2000,-798
="2404",6000,8100,-2100
="2405",5000,20000,-15000
="2406",0,1000,-1000
="2408",342100,549000,-206900
="2409",89200,1533000,-1443800
="2412",4000,100,3900
="2415",158000,91000,67000
="2417",8002,63000,-54998
="2419",6000,0,6000
="2420",67000,69000,-2000
="2421",4000,7000,-3000
="2424",1000,0,1000
="2425",11000,2000,9000
="2426",161000,96000,65000
="2428",22400,219000,-196600
="2431",2,0,2
="2433",0,4000,-4000
="2436",17002,40000,-22998
="2439",11000,2000,9000
="2441",2000,1000,1000
="2442",5000,0,5000
="2444",0,1000,-1000
="2449",2000,6000,-4000
="2450",5000,6000,-1000
="2451",0,3000,-3000
="2453",4000,22000,-18000
="2454",170802,318940,-148138
="2455",108000,14000,94000
="2456",20200,17000,3200
="2457",127002,120000,7002
="2458",76000,15000,61000
="2459",0,5000,-5000
="2460",238000,1000,237000
="2461",2,1000,-998
="2462",10000,3000,7000
="2464",5000,1000,4000
="2465",2,21000,-20998
="2471",87002,0,87002
="2472",0,3000,-3000
="2474",42000,38000,4000
="2476",54000,0,54000
="2477",2000,10000,-8000
="2478",39025,27000,12025
="2480",10002,1000,9002
="2481",91002,439000,-347998
="2482",181,0,181
="2484",1002,1000,2
="2485",34032,25000,9032
="2486",7000,5000,2000
="2489",2119,0,2119
="2491",0,1000,-1000
="2492",41000,40842,158
="2493",2,0,2
="2497",78000,14001,63999
="2498",34021,18000,16021
="2504",75002,400000,-324998
="2505",298268,6545,291723
="2511",55000,20000,35000
="2514",103,0,103
="2515",229002,38000,191002
="2516",2,0,2
="2520",16000,210000,-194000
="2530",0,36000,-36000
="2534",170,0,170
="2535",4002,1000,3002
="2540",10000,0,10000
="2542",5130,2000,3130
="2546",1000,0,1000
="2547",2000,10000,-8000
="2601",54002,40000,14002
="2603",4117370,6711366,-2593996
="2605",18511,44000,-25489
="2606",705000,11000,694000
="2607",13085,6000,7085
="2609",2322000,2482280,-160280
="2610",283250,126002,157248
="2611",0,151000,-151000
="2612",200,2000,-1800
="2613",3000,170000,-167000
="2615",1369000,1674000,-305000
="2617",38000,13000,25000
="2618",66115,550000,-483885
="2633",10000,39000,-29000
="2634",2000,5000,-3000
="2637",0,1000,-1000
="2640",2000,0,2000
="2641",115000,487000,-372000
="2643",3000,3000,0
="2705",0,2000,-2000
="2706",40,0,40
="2707",0,20000,-20000
="2722",0,6000,-6000
="2723",3000,0,3000
="2726",0,18000,-18000
="2727",2001,0,2001
="2732",1000,4000,-3000
="2754",2000,0,2000
="2801",2,0,2
="2809",2000,0,2000
="2812",402,126000,-125598
="2820",4000,0,4000
="2823",2250,900006,-897756
="2834",7000,0,7000
="2841",72,0,72
="2845",6000,0,6000
="2851",1000,0,1000
="2855",111000,59439,51561
="2867",20070,10000,10070
="2880",2200,8000,-5800
="2881",69300,0,69300
="2882",39000,144000,-105000
="2883",24000,10000,14000
="2884",5100,9305,-4205
="2885",102000,2000,100000
="2886",4400,2000,2400
="2887",36700,400,36300
="2888",11000,22000,-11000
="2889",0,5000,-5000
="2890",15000,20000,-5000
="2891",7200,5000,2200
="2892",6000,15000,-9000
="2897",100,0,100
="2911",1000,990,10
="2912",1000,4002,-3002
="2913",2,0,2
="2929",0,3685,-3685
="3003",55000,10000,45000
="3005",0,6000,-6000
="3006",165000,407000,-242000
="3008",7180,1134,6046
="3010",4100,0,4100
="3011",0,2000,-2000
="3013",2000,23000,-21000
="3014",2000,0,2000
="3016",29000,32000,-3000
="3017",409205,1483000,-1073795
="3018",1170,990,180
="3019",2000,7000,-5000
="3021",6000,0,6000
="3022",12000,20000,-8000
="3023",28000,16000,12000
="3024",4002,0,4002
="3025",2002,8000,-5998
="3026",2000,2000,0
="3027",10002,0,10002
="3030",0,1000,-1000
="3031",263000,7000,256000
="3032",10000,0,10000
="3034",256000,64000,192000
="3035",74500,11000,63500
="3036",206000,4000,202000
="3037",724000,617000,107000
="3038",8000,0,8000
="3041",31000,88000,-57000
="3042",5500,9000,-3500
="3044",4000,23000,-19000
="3045",0,148000,-148000
="3047",2,31000,-30998
="3050",0,25000,-25000
="3051",2,0,2
="3052",2,0,2
="3057",1000,990,10
="3058",2,10000,-9998
="3059",2,0,2
="3060",8200,0,8200
="3062",1426100,30000,1396100
="3071",13000,10000,3000
="3078",48000,36000,12000
="3081",28000,2000,26000
="3090",3002,0,3002
="3092",181000,273000,-92000
="3094",6002,0,6002
="3105",329285,122199,207086
="3128",0,3000,-3000
="3131",41000,17000,24000
="3138",0,10000,-10000
="3141",0,4000,-4000
="3147",0,1000,-1000
="3149",170002,35000,135002
="3152",8000,0,8000
="3163",0,2000,-2000
="3169",7000,5000,2000
="3176",0,4000,-4000
="3189",184300,300000,-115700
="3205",0,1000,-1000
="3206",1000,3000,-2000
="3209",6002,2000,4002
="3211",2000,3000,-1000
="3217",17000,91000,-74000
="3218",11000,24000,-13000
="3227",38000,13000,25000
="3228",15000,72000,-57000
="3229",2,0,2
="3231",26000,11030,14970
="3234",0,41000,-41000
="3236",1000,0,1000
="3257",26000,7000,19000
="3259",0,4000,-4000
="3260",17000,91000,-74000
="3264",12000,3000,9000
="3272",300,16000,-15700
="3289",28000,32000,-4000
="3293",14210,9000,5210
="3297",0,1000,-1000
="3305",5100,12000,-6900
="3306",1000,0,1000
="3312",0,1000,-1000
="3317",24000,16000,8000
="3323",46000,25000,21000
="3324",41000,111000,-70000
="3325",3000,0,3000
="3338",40,0,40
="3339",88000,10000,78000
="3346",8000,15000,-7000
="3354",37,0,37
="3356",10000,20000,-10000
="3372",20000,0,20000
="3373",0,2000,-2000
="3374",637000,289070,347930
="3376",133000,2324,130676
="3379",0,5000,-5000
="3406",24000,27000,-3000
="3413",158000,18000,140000
="3416",0,4000,-4000
="3419",18000,15000,3000
="3432",20000,50000,-30000
="3437",253500,106000,147500
="3443",210000,51000,159000
="3450",0,1000,-1000
="3454",0,1000,-1000
="3455",2000,52000,-50000
="3466",1105,990,115
="3481",1948000,4302166,-2354166
="3483",0,5579,-5579
="3484",121000,2000,119000
="3490",1000,16000,-15000
="3501",7000,0,7000
="3515",4000,1000,3000
="3522",185000,122000,63000
="3526",25000,3000,22000
="3527",0,6000,-6000
="3529",31000,8000,23000
="3530",138000,24000,114000
="3532",0,2000,-2000
="3533",71000,7000,64000
="3535",2,0,2
="3540",32000,6000,26000
="3543",2000,1000,1000
="3545",81100,611000,-529900
="3546",3924,3000,924
="3548",12000,0,12000
="3552",128030,160000,-31970
="3558",1000,0,1000
="3563",11000,9000,2000
="3576",3000,16000,-13000
="3580",1000,15000,-14000
="3583",5000,2000,3000
="3587",93000,2000,91000
="3588",19032,15000,4032
="3591",2000,62000,-60000
="3594",2000,37063,-35063
="3596",30000,13000,17000
="3605",59000,63000,-4000
="3611",0,1000,-1000
="3615",5000,0,5000
="3622",0,10000,-10000
="3642",1000,0,1000
="3653",3000,0,3000
="3661",228385,41010,187375
="3663",1000,0,1000
="3665",166000,22000,144000
="3666",12000,51000,-39000
="3669",11000,30000,-19000
="3673",62100,0,62100
="3675",3000,1000,2000
="3680",27000,3000,24000
="3682",22000,19000,3000
="3684",30,0,30
="3686",2,2000,-1998
="3687",21000,3000,18000
="3689",50,36000,-35950
="3691",1000,0,1000
="3694",3000,0,3000
="3702",2,0,2
="3703",63000,1000,62000
="3704",631000,152000,479000
="3705",88,0,88
="3706",1002,0,1002
="3707",441000,82000,359000
="3708",0,3000,-3000
="3711",372000,726000,-354000
="3712",1000,0,1000
="3713",31000,0,31000
="4102",0,1000,-1000
="4105",0,1000,-1000
="4107",1000,1000,0
="4108",2,0,2
="4111",1,0,1
="4114",1000,0,1000
="4116",0,7000,-7000
="4119",26000,21000,5000
="4121",6000,1000,5000
="4123",3000,2095,905
="4126",100,0,100
="4128",2000,9000,-7000
="4129",110,0,110
="4133",0,1000,-1000
="4137",0,1000,-1000
="4141",120,0,120
="4142",19000,16000,3000
="4147",1000,10000,-9000
="4152",0,1000,-1000
="4157",100,0,100
="4160",1000,1000,0
="4162",1000,0,1000
="4164",0,6000,-6000
="4167",2000,4000,-2000
="4168",0,3000,-3000
="4173",1000,0,1000
="4174",1269,0,1269
="4303",2000,1000,1000
="4306",1,2000,-1999
="4401",5000,3000,2000
="4420",1000,126,874
="4438",2000,0,2000
="4526",150,0,150
="4528",8000,4000,4000
="4529",6000,5000,1000
="4530",0,1000,-1000
="4536",1000,12000,-11000
="4540",5000,4000,1000
="4551",22110,4000,18110
="4564",1000,0,1000
="4566",1000,34000,-33000
="4576",2000,0,2000
="4702",0,2000,-2000
="4707",25000,3000,22000
="4714",2,0,2
="4716",3002,0,3002
="4720",0,261,-261
="4739",2002,0,2002
="4743",31106,73000,-41894
="4760",6000,0,6000
="4763",0,2000,-2000
="4766",4000,8000,-4000
="4803",0,125000,-125000
="4903",0,1000,-1000
="4906",10000,2000,8000
="4908",2,0,2
="4909",0,1000,-1000
="4915",10,0,10
="4919",2000,23000,-21000
="4924",1000,8000,-7000
="4927",7002,6000,1002
="4931",10000,0,10000
="4934",783000,66000,717000
="4935",0,13000,-13000
="4938",93000,229000,-136000
="4939",1000,407000,-406000
="4943",6000,2322,3678
="4946",100,154,-54
="4950",11000,0,11000
="4952",1000,0,1000
="4953",2002,1000,1002
="4956",55000,126000,-71000
="4958",140000,114000,26000
="4961",252025,350500,-98475
="4966",29000,32000,-3000
="4967",149002,362000,-212998
="4968",35000,85000,-50000
="4973",2,0,2
="4974",2000,0,2000
="4976",73000,68000,5000
="4977",2000,1000,1000
="4991",0,1000,-1000
="4994",0,6000,-6000
="4999",0,10000,-10000
="5007",0,2000,-2000
="5011",10000,15000,-5000
="5210",100,0,100
="5211",1035,1000,35
="5212",2,0,2
="5215",10000,1000,9000
="5220",0,1000,-1000
="5223",0,1000,-1000
="5227",2,0,2
="5230",2,0,2
="5234",2000,0,2000
="5243",146000,492000,-346000
="5245",2000,1000,1000
="5251",19142,1000,18142
="5264",0,2000,-2000
="5269",13000,1000,12000
="5272",268000,561000,-293000
="5281",10000,94,9906
="5283",4000,2000,2000
="5285",16000,18000,-2000
="5288",0,5000,-5000
="5299",1002,1000,2
="5301",0,118,-118
="5302",0,87000,-87000
="5306",30000,2000,28000
="5309",121002,11000,110002
="5314",2,1000,-998
="5328",10000,4000,6000
="5347",5000,10000,-5000
="5351",4000,0,4000
="5355",2,0,2
="5371",1000,1000,0
="5386",50000,10000,40000
="5388",2000,153000,-151000
="5398",2,0,2
="5403",131,1000,-869
="5425",92000,57000,35000
="5426",186,0,186
="5432",5000,0,5000
="5438",2,0,2
="5443",154000,93000,61000
="5452",10000,10000,0
="5457",19000,6000,13000
="5464",150,0,150
="5469",0,30000,-30000
="5471",47002,10000,37002
="5474",1000,0,1000
="5475",2,0,2
="5478",0,2178,-2178
="5483",148050,94000,54050
="5484",2,0,2
="5488",2,22000,-21998
="5498",10000,17000,-7000
="5508",0,1,-1
="5512",10002,0,10002
="5522",3000,0,3000
="5529",11000,23000,-12000
="5531",0,16000,-16000
="5546",0,2000,-2000
="5603",2000,1000,1000
="5604",1000,0,1000
="5607",1000,1000,0
="5608",3000,62000,-59000
="5609",35000,3000,32000
="5820",0,41032,-41032
="5871",4000,0,4000
="5876",0,10000,-10000
="5880",2,1109,-1107
="5903",0,1000,-1000
="5904",0,1000,-1000
="6005",1000,33000,-32000
="6015",76000,38000,38000
="6016",37002,7000,30002
="6021",8000,0,8000
="6023",0,1000,-1000
="6104",58000,15000,43000
="6108",2,0,2
="6109",0,419,-419
="6111",1002,0,1002
="6112",0,8000,-8000
="6116",31000,220000,-189000
="6120",0,10000,-10000
="6121",100,97,3
="6125",55000,15000,40000
="6126",2,1000,-998
="6127",1000,1000,0
="6129",125000,323000,-198000
="6133",0,220000,-220000
="6134",0,16000,-16000
="6138",2,0,2
="6139",7000,2000,5000
="6140",40000,0,40000
="6141",0,5000,-5000
="6142",2,0,2
="6143",1000,2000,-1000
="6144",0,1000,-1000
="6147",4000,2000,2000
="6150",82000,41000,41000
="6152",5002,35000,-29998
="6153",5002,1000,4002
="6154",154,0,154
="6156",2,0,2
="6158",0,1000,-1000
="6161",2,3000,-2998
="6163",10000,0,10000
="6164",66000,6000,60000
="6165",1000,9000,-8000
="6168",191000,23000,168000
="6169",2,3000,-2998
="6173",1000,2000,-1000
="6175",3000,0,3000
="6176",0,1000,-1000
="6179",150,0,150
="6180",8000,2000,6000
="6182",22015,70450,-48435
="6183",2,1000,-998
="6185",1128,0,1128
="6187",258000,78000,180000
="6188",2,7000,-6998
="6189",2,0,2
="6191",35020,14000,21020
="6192",12249,0,12249
="6194",0,2000,-2000
="6196",9000,35000,-26000
="6197",978,0,978
="6201",0,1000,-1000
="6202",2000,0,2000
="6203",36000,5000,31000
="6205",166000,61000,105000
="6207",2000,0,2000
="6208",8000,2000,6000
="6209",79000,19040,59960
="6213",43000,24000,19000
="6214",2,0,2
="6219",19000,45000,-26000
="6223",5000,7000,-2000
="6224",4000,1000,3000
="6226",61002,165000,-103998
="6229",2,0,2
="6230",1000,1000,0
="6231",14000,224000,-210000
="6233",11002,22000,-10998
="6234",2,0,2
="6235",34000,13000,21000
="6237",233000,25000,208000
="6239",3000,87000,-84000
="6243",21000,9000,12000
="6244",2150,6313,-4163
="6245",77000,71000,6000
="6246",2,0,2
="6247",154,0,154
="6251",23002,24000,-998
="6257",2000,60000,-58000
="6261",4000,9000,-5000
="6263",0,10000,-10000
="6269",36000,26000,10000
="6271",65999,195511,-129512
="6274",0,12000,-12000
="6278",239000,28130,210870
="6279",80000,25000,55000
="6282",5002,7000,-1998
="6283",27000,18000,9000
="6284",11000,83000,-72000
="6285",136000,139000,-3000
="6288",392000,182000,210000
="6290",0,40000,-40000
="6409",2755,0,2755
="6411",33000,28000,5000
="6414",20000,7000,13000
="6416",11000,1000,10000
="6417",1000,2000,-1000
="6426",8000,0,8000
="6432",4000,0,4000
="6435",3000,2000,1000
="6438",29000,5000,24000
="6441",0,1000,-1000
="6443",24100,18000,6100
="6446",4000,33000,-29000
="6449",2,0,2
="6451",149000,185000,-36000
="6456",59000,13000,46000
="6457",209000,11000,198000
="6462",2000,32000,-30000
="6469",22000,0,22000
="6470",2,20000,-19998
="6477",9183,52028,-42845
="6486",2000,2000,0
="6488",23200,145010,-121810
="6491",1000,82000,-81000
="6492",1000,1000,0
="6494",8000,1000,7000
="6496",1000,1000,0
="6504",2028,54000,-51972
="6505",41000,183000,-142000
="6509",3000,13000,-10000
="6510",29000,2000,27000
="6512",40,0,40
="6516",0,2000,-2000
="6523",0,2000,-2000
="6525",36000,7000,29000
="6530",78000,0,78000
="6531",33000,19000,14000
="6533",75000,25000,50000
="6535",0,8000,-8000
="6538",3000,0,3000
="6542",0,1000,-1000
="6547",9,5000,-4991
="6548",3000,19000,-16000
="6552",1020,1000,20
="6576",0,1000,-1000
="6578",10000,7000,3000
="6589",8000,0,8000
="6591",2,0,2
="6592",3000,0,3000
="6593",70,1000,-930
="6596",3000,0,3000
="6603",0,2000,-2000
="6605",5000,2000,3000
="6640",8000,4000,4000
="6643",2000,4000,-2000
="6664",2000,0,2000
="6668",4000,2000,2000
="6669",5000,2000,3000
="6672",1000,0,1000
="6679",4000,54000,-50000
="6683",14000,0,14000
="6698",59000,33000,26000
="6706",10000,6000,4000
="6715",0,1000,-1000
="6732",2000,3000,-1000
="6743",6000,34000,-28000
="6751",33000,0,33000
="6756",52000,56000,-4000
="6762",6000,0,6000
="6803",0,5300,-5300
="711112",65000,20000,45000
="711174",45000,0,45000
="711270",0,20000,-20000
="711271",14000,0,14000
="711371",10000,0,10000
="711483",13000,10000,3000
="711517",0,137000,-137000
="711631",12000,66000,-54000
="711677",0,42000,-42000
="711700",0,11000,-11000
="711701",40000,51000,-11000
="711702",31000,2000,29000
="711703",8000,10000,-2000
="711771",105000,0,105000
="711805",1000,1000,0
="711867",0,5000,-5000
="711896",2000,0,2000
="711906",0,100000,-100000
="711935",13000,12000,1000
="711936",5000,0,5000
="712014",10000,130000,-120000
="712017",38000,2000,36000
="712018",0,91000,-91000
="712020",45000,0,45000
="712021",6000,0,6000
="712086",4000,0,4000
="712147",85000,0,85000
="712190",6000,0,6000
="712199",12000,37000,-25000
="712231",16000,0,16000
="712236",20000,0,20000
="712237",25000,0,25000
="712262",0,10000,-10000
="712326",266000,340000,-74000
="712369",60000,0,60000
="712370",11000,21000,-10000
="712605",146000,139000,7000
="712606",88000,161000,-73000
="712607",20000,696000,-676000
="712612",0,180000,-180000
="712613",25000,12000,13000
="712615",50000,70000,-20000
="712616",0,272000,-272000
="712630",62000,65000,-3000
="712633",13000,0,13000
="712635",0,5000,-5000
="712916",319000,587000,-268000
="712918",26000,0,26000
="712920",0,5000,-5000
="712922",297000,160000,137000
="712978",10000,70000,-60000
="712979",0,5000,-5000
="712980",21000,4000,17000
="712981",336000,344000,-8000
="712982",0,2000,-2000
="713042",30000,1058000,-1028000
="713071",120000,100000,20000
="713074",17000,319000,-302000
="713075",272000,0,272000
="713085",60000,0,60000
="713124",8000,0,8000
="713182",130000,41000,89000
="713183",500000,267000,233000
="713184",0,41000,-41000
="713225",48000,0,48000
="713241",74000,50000,24000
="713242",10000,0,10000
="713284",42000,0,42000
="713324",10000,0,10000
="713325",25000,0,25000
="713327",2057000,564000,1493000
="713352",1000,0,1000
="713353",24000,0,24000
="713388",0,45000,-45000
="713404",50000,0,50000
="713419",1014000,351000,663000
="713514",30000,328000,-298000
="713515",105000,0,105000
="713516",1000,0,1000
="713517",40000,0,40000
="713529",20000,0,20000
="713545",16000,30000,-14000
="713589",5000,0,5000
="713647",2000,90000,-88000
="713649",11000,0,11000
="713651",41000,0,41000
="713653",0,110000,-110000
="713675",56000,161000,-105000
="713676",30000,0,30000
="713677",1044000,0,1044000
="713695",50000,0,50000
="713820",20000,0,20000
="713926",0,39000,-39000
="713939",50000,0,50000
="713979",3000,0,3000
="714011",0,200000,-200000
="714030",0,293000,-293000
="714034",0,563000,-563000
="714035",24000,47000,-23000
="714082",1000,0,1000
="714153",0,516000,-516000
="714155",0,40000,-40000
="714211",0,50000,-50000
="714212",3000,2000,1000
="714213",3000,41000,-38000
="714214",1000,0,1000
="714236",128000,184000,-56000
="714237",6000,0,6000
="714238",168000,115000,53000
="714239",3000,0,3000
="714240",0,17000,-17000
="714241",250000,0,250000
="714272",40000,2000,38000
="714320",952000,318000,634000
="714366",14000,0,14000
="714367",0,135000,-135000
="714369",0,33000,-33000
="714384",41000,5000,36000
="714431",0,108000,-108000
="714469",0,35000,-35000
="714513",141000,14000,127000
="714516",1000,20000,-19000
="714517",14000,10000,4000
="714518",0,75000,-75000
="714620",89000,9000,80000
="714621",1000,189000,-188000
="714622",10000,1000,9000
="714624",10000,10000,0
="714647",24000,92000,-68000
="714648",0,244000,-244000
="714649",20000,10000,10000
="714685",400000,270000,130000
="714687",134000,0,134000
="714712",401000,120000,281000
="714714",50000,0,50000
="714736",50000,0,50000
="714741",85000,51000,34000
="714795",0,126000,-126000
="714856",0,85000,-85000
="714859",0,6000,-6000
="714861",0,5000,-5000
="714887",0,7000,-7000
="714888",0,20000,-20000
="714889",5000,20000,-15000
="714949",60000,171000,-111000
="714950",5000,8000,-3000
="714995",50000,277000,-227000
="715011",44000,78000,-34000
="715012",30000,0,30000
="715043",10000,0,10000
="715066",0,20000,-20000
="715067",7000,6000,1000
="715068",3000,88000,-85000
="715069",37000,0,37000
="715070",10000,30000,-20000
="715072",10000,20000,-10000
="715073",1000,8000,-7000
="715115",49000,414000,-365000
="715117",4000,0,4000
="715159",426000,345000,81000
="715160",0,30000,-30000
="715162",0,20000,-20000
="715163",4000,308000,-304000
="715164",25000,12000,13000
="715180",17000,160000,-143000
="715181",6000,7000,-1000
="715239",320000,25000,295000
="715240",0,84000,-84000
="715250",110000,0,110000
="715285",22000,25000,-3000
="715286",0,2000,-2000
="715287",116000,178000,-62000
="715288",74000,250000,-176000
="715327",0,210000,-210000
="715328",69000,0,69000
="715353",0,50000,-50000
="715356",23000,214000,-191000
="715417",10000,29000,-19000
="715478",115000,7000,108000
="715519",0,175000,-175000
="715520",70000,249000,-179000
="715548",162000,340000,-178000
="715549",998000,0,998000
="715550",0,16000,-16000
="715551",35000,2000,33000
="715552",806000,30000,776000
="715553",287000,51000,236000
="715555",0,374000,-374000
="715556",7000,0,7000
="715609",50000,115000,-65000
="715656",25000,35000,-10000
="715657",0,10000,-10000
="715658",135000,43000,92000
="715660",37000,118000,-81000
="715661",20000,425000,-405000
="715662",20000,92000,-72000
="715688",5000,0,5000
="715691",22000,0,22000
="715692",22000,10000,12000
="715693",0,39000,-39000
="715694",102000,172000,-70000
="715743",0,49000,-49000
="715759",165000,0,165000
="715780",28000,335000,-307000
="715813",243000,441000,-198000
="715814",49000,2000,47000
="715815",0,68000,-68000
="715850",25000,154000,-129000
="715901",224000,1000,223000
="715902",0,13000,-13000
="715909",0,3000,-3000
="715935",0,254000,-254000
="715939",20000,40000,-20000
="715972",132000,134000,-2000
="716017",40000,40000,0
="716032",6000,141000,-135000
="716033",92000,15000,77000
="716034",14000,299000,-285000
="716035",414000,367000,47000
="716036",306000,198000,108000
="716037",20000,2000,18000
="716081",35000,30000,5000
="716090",5000,0,5000
="716110",28000,0,28000
="716111",22000,17000,5000
="716112",182000,529000,-347000
="716137",1000,77000,-76000
="716251",0,10000,-10000
="716252",0,134000,-134000
="716295",1000,12000,-11000
="716296",4000,17000,-13000
="716297",11000,1000,10000
="716298",153000,4000,149000
="716347",10000,5000,5000
="716367",0,2000,-2000
="716368",50000,175000,-125000
="716369",24000,215000,-191000
="716370",42000,322000,-280000
="716382",0,55000,-55000
="716428",0,7000,-7000
="716507",150000,10000,140000
="716508",0,2000,-2000
="716509",0,22000,-22000
="716535",20000,0,20000
="716591",143000,34000,109000
="716592",1000,3000,-2000
="716593",0,2000,-2000
="716594",275000,665000,-390000
="716595",30000,0,30000
="716596",0,14000,-14000
="716654",0,5000,-5000
="716677",10000,73000,-63000
="716678",66000,5000,61000
="716679",40000,10000,30000
="716759",0,1000,-1000
="716761",222000,127000,95000
="716816",36000,480000,-444000
="716837",0,43000,-43000
="716838",16000,110000,-94000
="716905",141000,704000,-563000
="716906",0,180000,-180000
="716907",120000,467000,-347000
="716908",231000,12000,219000
="716919",225000,0,225000
="716953",0,41000,-41000
="716954",2000,50000,-48000
="716955",0,240000,-240000
="716956",50000,100000,-50000
="716957",297000,415000,-118000
="716958",200000,175000,25000
="716998",0,95000,-95000
="716999",233000,658000,-425000
="717000",0,30000,-30000
="717001",0,5000,-5000
="717007",87000,0,87000
="717024",0,36000,-36000
="717045",499000,0,499000
="717085",20000,0,20000
="717086",111000,273000,-162000
="717087",24000,52000,-28000
="717088",75000,23000,52000
="717101",20000,61000,-41000
="717102",305000,46000,259000
="717203",126000,275000,-149000
="717204",29000,550000,-521000
="717205",5000,122000,-117000
="717208",0,23000,-23000
="717209",0,51000,-51000
="717210",0,85000,-85000
="73389P",12000,0,12000
="73653P",5000,0,5000
="73655P",6000,20000,-14000
="73692P",40000,0,40000
="73717P",0,41000,-41000
="73729P",18000,76000,-58000
="73731P",45000,20000,25000
="73740P",0,8000,-8000
="73747P",0,296000,-296000
="73748P",24000,0,24000
="73753P",100000,0,100000
="73774P",10000,5000,5000
="7556",1000,0,1000
="8011",114001,49129,64872
="8016",32100,48000,-15900
="8021",165002,158700,6302
="8024",96000,45000,51000
="8027",3000,1000,2000
="8028",14000,1000,13000
="8032",100,0,100
="8034",5000,0,5000
="8038",2,0,2
="8039",4002,0,4002
="8040",198000,24000,174000
="8044",7000,33000,-26000
="8046",195000,40000,155000
="8048",110,0,110
="8049",2,5000,-4998
="8050",2,0,2
="8054",4000,2000,2000
="8064",2000,0,2000
="8066",2,0,2
="8067",2,0,2
="8069",616002,158000,458002
="8070",127000,37000,90000
="8076",0,1000,-1000
="8081",1000,3000,-2000
="8084",20000,0,20000
="8086",82000,54000,28000
="8088",0,122000,-122000
="8091",1000,0,1000
="8092",0,2000,-2000
="8103",1002,5000,-3998
="8104",72000,1000,71000
="8107",128000,61,127939
="8111",11000,0,11000
="8112",2,0,2
="8114",0,88,-88
="8121",1002,1000,2
="8150",0,9000,-9000
="8163",2,5000,-4998
="8171",11002,0,11002
="8182",20000,0,20000
="8183",2,5000,-4998
="8210",2000,0,2000
="8213",5000,5000,0
="8215",12000,1000,11000
="8222",1149,900,249
="8234",0,2000,-2000
="8255",5000,18000,-13000
="8261",15000,6000,9000
="8271",2,0,2
="8277",2,362000,-361998
="8279",0,100,-100
="8299",14000,1000,13000
="8358",39000,55000,-16000
="8367",136000,63000,73000
="8383",17000,0,17000
="8411",144,0,144
="8421",1060,1000,60
="8422",90,0,90
="8429",100,0,100
="8431",150000,150000,0
="8436",2000,1051,949
="8443",171,0,171
="8454",1000,1000,0
="8462",0,1000,-1000
="8463",0,6000,-6000
="8464",3000,0,3000
="8472",1000,0,1000
="8478",1000,0,1000
="8481",0,1000,-1000
="8924",2000,10000,-8000
="8926",0,20000,-20000
="8929",25,0,25
="8932",36000,19000,17000
="8936",6002,5000,1002
="8940",181,0,181
="8996",2,12000,-11998
="9103",5000,7000,-2000
="9105",0,10000,-10000
="911868",1490000,364000,1126000
="9802",1000,30000,-29000
="9902",2,0,2
="9904",131000,21000,110000
="9907",5050,10000,-4950
="9908",0,9000,-9000
="9911",6000,0,6000
="9912",0,1000,-1000
="9914",1000,20000,-19000
="9917",2,0,2
="9919",4000,7000,-3000
="9921",5000,24000,-19000
="9930",0,2000,-2000
="9933",0,2000,-2000
="9934",0,6000,-6000
="9937",15000,1000,14000
="9938",2088,108000,-105912
="9939",1000,8000,-7000
="9940",3000,0,3000
="9944",100,0,100
="9945",1000,21000,-20000
="9951",10000,30000,-20000
="9958",5600,39000,-33400
