="0050",198508,0,198508,26528767
="0051",1000,0,1000,45619
="0052",3000,0,3000,369599
="0056",117003,117600,-597,-17004
="0061",10000,10000,0,2792
="006205",0,20000,-20000,-817600
="006206",80000,0,80000,3342996
="006207",0,2000,-2000,-65860
="006208",250041,250000,41,3101
="00631L",1000,0,1000,103449
="00632R",4689000,86000,4603000,30086909
="00633L",20000,660000,-640000,-50834843
="00635U",64000,13000,51000,1263398
="00637L",60000,7465000,-7405000,-232260789
="00638R",22000,0,22000,163399
="00639",10000,0,10000,180100
="00642U",100000,34000,66000,598298
="00645",1000,0,1000,24760
="00646",50,0,50,1625
="00652",0,6000,-6000,-148827
="00669R",0,26000,-26000,-235560
="00671R",60000,0,60000,384299
="00675L",1000,0,1000,39529
="00677U",12389000,6708000,5681000,19164098
="00679B",0,25000,-25000,-1087124
="00680L",0,14000,-14000,-377338
="00683L",100000,364000,-264000,-4389902
="00687B",50000,50000,0,0
="00688L",50000,50000,0,0
="00689R",50000,50000,0,0
="00692",2080,0,2080,68447
="00693U",0,2000,-2000,-43149
="00694B",50000,60000,-10000,-377599
="00695B",50000,76000,-26000,-999449
="00696B",100000,133000,-33000,-1509805
="00697B",50000,117000,-67000,-2731347
="00701",2000,1000,1000,22140
="00703",0,1000,-1000,-26120
="00708L",695000,14000,681000,19187379
="00712",6000,0,6000,75188
="00713",62000,0,62000,2198406
="00714",100000,111000,-11000,-199210
="00715L",88000,3000,85000,461458
="00717",0,4000,-4000,-66740
="00718B",88000,88000,0,0
="00719B",50000,54000,-4000,-121040
="00720B",70000,50000,20000,909600
="00721B",50000,50000,0,0
="00722B",54000,54000,0,-228
="00723B",54000,50000,4000,177429
="00724B",57000,59000,-2000,-87470
="00728",14000,1000,13000,374330
="00733",100000,100000,0,0
="00740B",25000,40000,-15000,-730949
="00741B",25000,25000,0,0
="00745B",25000,25000,0,0
="00746B",25000,25000,0,0
="00751B",50000,55000,-5000,-233099
="00752",10000,17000,-7000,-216839
="00754B",50000,50000,0,0
="00755B",52000,52000,0,-149
="00756B",50000,51000,-1000,-46810
="00757",1000,0,1000,44599
="00764B",50000,50000,0,0
="00765B",50000,50000,0,0
="00768B",5000,0,5000,359249
="00772B",70000,77000,-7000,-323779
="00773B",70000,70000,0,0
="00778B",0,1000,-1000,-46490
="00784B",25000,25000,0,0
="00785B",25000,25000,0,0
="00786B",0,6000,-6000,-258220
="00787B",96000,20000,76000,3373467
="00795B",70000,70000,0,0
="00796B",35000,535000,-500000,-19790000
="00845B",8000,4000,4000,152720
="00846B",0,20000,-20000,-774800
="00847B",70000,70000,0,0
="00848B",70000,70000,0,0
="00849B",70000,70000,0,0
="00850",2000,0,2000,63268
="00862B",70000,70000,0,0
="00863B",70000,71000,-1000,-40200
="00864B",70000,70000,0,0
="00868B",50000,50000,0,0
="00869B",50000,50000,0,0
="00870B",50000,50000,0,0
="00871B",50000,50000,0,0
="00876",2000,826000,-824000,-23508198
="00877",1000,3000,-2000,-29378
="00878",161200,29000,132200,2247056
="00881",181730,137000,44730,762531
="020011",4000,26000,-22000,-118829
="020018",26000,3000,23000,286788
="020019",112000,331000,-219000,-2922709
="020021",1070000,300000,770000,8483437
="020023",5000,0,5000,28399
="03129P",15000,0,15000,2849
="03396P",2000,2000,0,0
="03743P",100000,0,100000,999
="04372P",0,160000,-160000,-76999
="04513P",102000,611000,-509000,-173721
="04686P",0,45000,-45000,-61650
="04826P",2000,2000,0,161
="04827P",0,10000,-10000,-5000
="04828P",0,10000,-10000,-1899
="04859P",12000,0,12000,5039
="04860P",120000,55000,65000,27901
="04861P",0,2000,-2000,-2420
="04985P",20000,0,20000,5600
="04991P",0,498000,-498000,-253979
="04995P",0,400000,-400000,-288000
="05006P",40000,61000,-21000,-13978
="05070P",0,20000,-20000,-17000
="05103P",0,50000,-50000,-19499
="05104P",2000,0,2000,1179
="05118P",400000,0,400000,47999
="05128P",437000,61000,376000,372549
="05143P",15000,0,15000,12750
="05161P",20000,4000,16000,17281
="05237P",30000,3000,27000,27480
="05299P",0,16000,-16000,-18559
="05300P",0,2000,-2000,-1940
="05342P",20000,30000,-10000,-11601
="05422P",11000,1000,10000,4458
="05481P",0,57000,-57000,-60128
="05482P",28000,0,28000,17919
="05533P",0,5000,-5000,-5099
="05570P",0,20000,-20000,-27999
="05585P",150000,0,150000,100500
="05594P",0,245000,-245000,-228799
="05595P",73000,231000,-158000,-142637
="05614P",0,50000,-50000,-19499
="05632P",10000,3000,7000,7129
="05697P",582000,112000,470000,520050
="05698P",19000,20000,-1000,-379
="05699P",35000,44000,-9000,-13498
="05706P",51000,30000,21000,29281
="05707P",0,22000,-22000,-45257
="05749P",0,147000,-147000,-47379
="05750P",120000,5000,115000,117250
="05774P",250000,0,250000,317998
="05776P",35000,71000,-36000,-34691
="05777P",22000,243000,-221000,-171047
="05858P",0,30000,-30000,-29100
="060347",10000,15000,-5000,-851
="061289",0,5000,-5000,-1650
="061291",3000,0,3000,569
="061292",2000,0,2000,899
="062122",94000,51000,43000,57880
="062681",10000,0,10000,6299
="062684",230000,0,230000,219099
="062800",50000,0,50000,13500
="063051",10000,0,10000,8500
="063053",40000,0,40000,212000
="063057",815000,156000,659000,628118
="063145",60000,0,60000,25800
="063198",1000,0,1000,879
="063201",46000,64000,-18000,-23277
="063347",10000,0,10000,9800
="063348",11000,0,11000,18590
="063437",0,44000,-44000,-60498
="063439",15000,0,15000,16500
="063444",841000,71000,770000,945191
="063446",0,408000,-408000,-57120
="063452",8000,22000,-14000,-41300
="063662",30000,0,30000,39299
="063665",0,2000,-2000,-4029
="064039",0,10000,-10000,-30799
="064047",0,17000,-17000,-27260
="064055",20000,0,20000,4199
="064057",150000,0,150000,21000
="064149",110000,0,110000,18700
="064152",0,80000,-80000,-175200
="064162",31000,0,31000,27128
="064241",13000,55000,-42000,-45650
="064244",25000,0,25000,749
="064370",2000,0,2000,319
="064447",5000,0,5000,2549
="064448",0,22000,-22000,-15109
="064453",544000,30000,514000,277566
="064462",5000,95000,-90000,-33749
="064563",0,80000,-80000,-68000
="064710",20000,5000,15000,7950
="064713",105000,172000,-67000,-52018
="064714",10000,15000,-5000,-3650
="064715",0,6000,-6000,-3479
="064821",0,10000,-10000,-91399
="064827",154000,0,154000,365199
="064835",0,26000,-26000,-18358
="064840",259000,0,259000,1307950
="064911",5000,0,5000,1899
="064915",5000,0,5000,1049
="064917",0,2000,-2000,-2039
="064919",180000,6000,174000,93860
="064921",3000,0,3000,2849
="064925",34000,50000,-16000,-7200
="064926",40000,0,40000,3199
="064927",20000,0,20000,13999
="064929",0,88000,-88000,-33439
="065037",18000,0,18000,2520
="065185",10000,0,10000,4499
="065186",0,38000,-38000,-21280
="065297",6000,0,6000,5160
="065315",10000,0,10000,299
="065345",69000,0,69000,2469
="065352",10000,0,10000,3100
="065353",3000,106000,-103000,-55496
="065450",0,400000,-400000,-87999
="065451",0,50000,-50000,-10999
="065532",538000,30000,508000,77100
="065541",50000,40000,10000,499
="065653",150000,0,150000,130498
="065679",7000,33000,-26000,-187799
="065683",92000,115000,-23000,-23043
="065685",115000,95000,20000,35103
="065686",149000,45000,104000,41509
="065888",0,22000,-22000,-95809
="065889",45000,77000,-32000,-91447
="065890",0,12000,-12000,-152498
="065892",0,10000,-10000,-24600
="065893",0,25000,-25000,-28528
="065896",25000,0,25000,12749
="065945",169000,7000,162000,601805
="065946",17000,10000,7000,33420
="065950",115000,187000,-72000,-60748
="065953",0,10000,-10000,-1800
="065954",10000,0,10000,99
="065957",10000,0,10000,5500
="066005",0,11000,-11000,-44000
="066009",8000,0,8000,21057
="066197",7000,10000,-3000,-12830
="066198",42000,4000,38000,61262
="066199",60000,0,60000,200698
="066203",265000,42000,223000,142499
="066205",42000,10000,32000,24779
="066211",0,2000,-2000,-400
="066213",20000,110000,-90000,-24400
="066214",0,20000,-20000,-7200
="066216",120000,0,120000,761999
="066217",66000,30000,36000,35227
="066218",68000,0,68000,70446
="066422",0,10000,-10000,-8999
="066456",81000,70000,11000,5590
="066460",51000,0,51000,22878
="066471",30000,185000,-155000,-85070
="066524",48000,78000,-30000,-78061
="066525",20000,20000,0,-4251
="066526",778000,705000,73000,86881
="066527",0,1000,-1000,-100
="066529",105000,114000,-9000,-3168
="066694",5000,10000,-5000,-13000
="066997",50000,0,50000,31999
="067105",0,60000,-60000,-15599
="067147",0,1000,-1000,-10100
="067149",122000,46000,76000,81019
="067150",50000,30000,20000,28100
="067151",101000,0,101000,133320
="067153",200000,0,200000,20000
="067157",33000,0,33000,4289
="067276",109000,156000,-47000,-29820
="067279",0,112000,-112000,-66079
="067368",45000,320000,-275000,-113748
="067370",0,20000,-20000,-21499
="067371",0,2000,-2000,-4400
="067372",0,13000,-13000,-20700
="067373",18000,0,18000,30897
="067378",0,10000,-10000,-42489
="067383",115000,420000,-305000,-143148
="067501",0,120000,-120000,-44599
="067503",0,48000,-48000,-19099
="067504",2000,0,2000,8879
="067505",13000,4000,9000,3699
="067506",5000,0,5000,1150
="067508",2000,0,2000,4400
="067510",189000,121000,68000,33229
="067515",10000,50000,-40000,-9350
="067516",0,30000,-30000,-10408
="067641",3000,0,3000,12659
="067642",3000,0,3000,3209
="067645",50000,50000,0,-501
="067767",0,20000,-20000,-71398
="067768",27000,22000,5000,1749
="067769",1000,0,1000,2920
="067770",0,20000,-20000,-136549
="067772",0,130000,-130000,-12948
="067774",130000,558000,-428000,-210939
="067775",210000,80000,130000,17300
="067832",315000,0,315000,1002267
="067834",7000,0,7000,60899
="067835",115000,659000,-544000,-153619
="067836",22000,0,22000,59180
="068045",30000,105000,-75000,-83949
="068046",200000,0,200000,1369999
="068047",0,10000,-10000,-66749
="068056",110000,0,110000,11999
="068057",10000,0,10000,7300
="068128",70000,0,70000,276500
="068129",140000,31000,109000,69979
="068131",5000,5000,0,-200
="068217",6000,1000,5000,11081
="068219",180000,5000,175000,348101
="068220",274000,937000,-663000,-1092727
="068221",37000,411000,-374000,-515188
="068224",5000,23000,-18000,-5120
="068257",40000,0,40000,93199
="068383",11000,0,11000,27120
="068386",0,5000,-5000,-15770
="068387",43000,0,43000,203637
="068390",5000,70000,-65000,-80949
="068391",0,10000,-10000,-1000
="068392",28000,0,28000,56547
="068394",350000,381000,-31000,1089
="068395",30000,10000,20000,3000
="068396",5000,27000,-22000,-97277
="068397",201000,309000,-108000,-114645
="068510",20000,10000,10000,31800
="068511",294000,275000,19000,55380
="068512",96000,3000,93000,89980
="068513",0,1000,-1000,-959
="068514",60000,22000,38000,29901
="068515",40000,4000,36000,51638
="068516",0,905000,-905000,-471547
="068521",50000,711000,-661000,-449739
="068592",33000,0,33000,67387
="068594",5000,8000,-3000,-9009
="068595",5000,7000,-2000,-6019
="068665",7000,0,7000,35350
="068669",82000,6000,76000,141690
="068670",1504000,1839000,-335000,-342910
="068671",0,26000,-26000,-77449
="068672",0,90000,-90000,-24499
="068673",0,2000,-2000,-3089
="068674",149000,300000,-151000,-118381
="068765",1000,0,1000,1659
="068766",1000,4000,-3000,-5069
="068767",16000,11000,5000,16071
="068768",2000,15000,-13000,-43549
="068769",330000,5000,325000,104639
="068771",941000,0,941000,65870
="068843",0,50000,-50000,-197700
="068847",1000,4000,-3000,-8939
="068848",36000,0,36000,69119
="068849",63000,1000,62000,66567
="068851",0,10000,-10000,-4199
="068852",1889000,2546000,-657000,-300892
="068854",140000,5000,135000,13050
="068882",3000,0,3000,6720
="068883",0,8000,-8000,-20128
="068884",149000,567000,-418000,-48078
="068939",0,24000,-24000,-349000
="069030",0,20000,-20000,-50000
="069031",0,10000,-10000,-13899
="069032",290000,0,290000,46399
="069035",30000,0,30000,9599
="069040",30000,0,30000,42429
="069094",415000,40000,375000,340445
="069095",558000,50000,508000,772105
="069097",180000,355000,-175000,-99506
="069098",20000,0,20000,24400
="069099",291000,10000,281000,338960
="069103",10000,0,10000,1199
="069105",0,6000,-6000,-15558
="069106",0,22000,-22000,-40238
="069190",17000,0,17000,18290
="069191",404000,116000,288000,105731
="069192",270000,0,270000,93800
="069193",164000,41000,123000,53232
="069397",8000,15000,-7000,-7510
="069402",0,13000,-13000,-40388
="069404",25000,0,25000,4599
="069405",0,60000,-60000,-156597
="069407",49000,58000,-9000,-37430
="069409",20000,20000,0,-1300
="069410",60000,0,60000,89400
="069411",11000,100000,-89000,-34789
="069412",1000,85000,-84000,-39358
="069414",1800000,1907000,-107000,-49020
="069416",65000,20000,45000,14499
="069420",1000,10000,-9000,-2530
="069446",10000,0,10000,11499
="069448",0,72000,-72000,-54758
="069449",504000,290000,214000,44591
="069453",0,20000,-20000,-51999
="069612",2000,121000,-119000,-351800
="069614",0,36000,-36000,-158079
="069616",10000,0,10000,63499
="069618",0,20000,-20000,-9399
="069619",0,7000,-7000,-11910
="069622",1000,17000,-16000,-26959
="069691",294000,1719000,-1425000,-1976745
="069693",17000,74000,-57000,-53705
="069823",0,4000,-4000,-2000
="069824",0,20000,-20000,-8799
="069930",303000,63000,240000,248737
="069933",331000,109000,222000,188959
="069937",55000,0,55000,146850
="070133",56000,278000,-222000,-167650
="070134",0,280000,-280000,-82698
="070135",817000,127000,690000,470711
="070136",29000,0,29000,22379
="070138",13000,2000,11000,5921
="070139",100000,5000,95000,44549
="070141",85000,241000,-156000,-134128
="070147",15000,34000,-19000,-22140
="070148",80000,110000,-30000,-8250
="070245",0,130000,-130000,-117679
="070247",0,6000,-6000,-7270
="070250",145000,123000,22000,26841
="070251",0,464000,-464000,-32480
="070252",20000,1000,19000,15760
="070255",19000,72000,-53000,-6809
="070258",0,50000,-50000,-12199
="070376",3000,20000,-17000,-9350
="070426",0,41000,-41000,-43929
="070428",0,1000,-1000,-3250
="070430",62000,193000,-131000,-100989
="070431",22000,43000,-21000,-21278
="070432",0,20000,-20000,-4600
="070444",8000,101000,-93000,-18681
="070445",311000,211000,100000,57208
="070531",130000,284000,-154000,-64718
="070534",0,11000,-11000,-29480
="070535",0,5000,-5000,-12949
="070536",105000,59000,46000,53872
="070537",5000,0,5000,799
="070538",0,205000,-205000,-139030
="070539",4000,23000,-19000,-14938
="070606",0,34000,-34000,-16240
="070608",65000,0,65000,44349
="070800",30000,0,30000,53499
="070857",42000,20000,22000,15950
="070858",10000,0,10000,3899
="070859",1000,0,1000,400
="070860",2408000,2722000,-314000,-163899
="070861",0,79000,-79000,-53900
="070862",105000,503000,-398000,-157600
="070864",592000,40000,552000,377646
="070866",2000,0,2000,7019
="070867",9000,11000,-2000,-460
="071125",21000,0,21000,125750
="071126",3000,0,3000,9019
="071129",49000,3000,46000,78899
="071130",10000,0,10000,26099
="071131",0,10000,-10000,-2800
="071206",18000,30000,-12000,-229196
="071209",10000,0,10000,51999
="071214",13000,25000,-12000,-29881
="071215",39000,16000,23000,54791
="071217",0,96000,-96000,-54239
="071218",60000,0,60000,29400
="071220",28000,185000,-157000,-29339
="071221",45000,0,45000,56250
="071222",9000,25000,-16000,-18319
="071223",2000,13000,-11000,-12431
="071224",45000,102000,-57000,-100858
="071226",0,14000,-14000,-13860
="071227",0,1000,-1000,-819
="071252",0,3000,-3000,-26400
="071319",0,25000,-25000,-68449
="071321",128000,455000,-327000,-236341
="071323",0,106000,-106000,-214425
="071327",0,50000,-50000,-3500
="071331",81000,80000,1000,-2170
="071334",366000,168000,198000,236728
="071388",10000,0,10000,30699
="071390",21000,0,21000,46270
="071438",21000,0,21000,58669
="071444",100000,10000,90000,30400
="071445",0,11000,-11000,-23980
="071446",194000,82000,112000,116261
="071447",200000,5000,195000,73999
="071448",33000,130000,-97000,-243359
="071457",50000,0,50000,124500
="071567",0,33000,-33000,-20460
="071568",0,49000,-49000,-72520
="071569",22000,10000,12000,11269
="071571",70000,1000,69000,26899
="071572",116000,0,116000,95207
="071692",40000,0,40000,52298
="071707",1000,5000,-4000,-1869
="071708",0,93000,-93000,-76199
="071709",0,50000,-50000,-10000
="071710",354000,0,354000,279617
="071750",10000,0,10000,500
="071845",20000,0,20000,7000
="071846",0,10000,-10000,-21099
="071887",52000,20000,32000,99820
="071890",0,11000,-11000,-29150
="072046",46000,41000,5000,-5347
="072047",10000,36000,-26000,-89199
="072049",40000,20000,20000,10000
="072051",233000,357000,-124000,-60319
="072121",0,10000,-10000,-5699
="072122",73000,44000,29000,36752
="072123",0,32000,-32000,-22718
="072124",24000,0,24000,13679
="072306",179000,450000,-271000,-277320
="072307",0,91000,-91000,-115078
="072308",0,30000,-30000,-6299
="072310",0,50000,-50000,-12999
="072313",637000,7000,630000,867898
="072314",0,250000,-250000,-79500
="072403",48000,25000,23000,98302
="072404",28000,6000,22000,40251
="072406",1000,80000,-79000,-113490
="072409",58000,35000,23000,27100
="072410",275000,13000,262000,209792
="072411",4000,0,4000,3279
="072412",245000,95000,150000,137228
="072462",5000,7000,-2000,-2691
="072473",20000,5000,15000,17949
="072556",31000,42000,-11000,-16810
="072557",358000,5000,353000,566520
="072559",236000,223000,13000,1299
="072561",0,40000,-40000,-40897
="072562",60000,0,60000,61698
="072564",0,25000,-25000,-10249
="072566",46000,371000,-325000,-234380
="072568",39000,0,39000,62708
="072569",7000,0,7000,2100
="072571",0,20000,-20000,-5600
="072625",20000,0,20000,3600
="072628",14000,0,14000,82250
="072634",409000,385000,24000,3671
="072638",356000,141000,215000,227570
="072707",0,34000,-34000,-212500
="072712",13000,5000,8000,29400
="072808",1000,16000,-15000,-49217
="072810",10000,0,10000,39700
="072813",54000,0,54000,111438
="072964",808000,545000,263000,299089
="072965",1000,0,1000,2339
="072968",444000,15000,429000,593487
="072969",10000,0,10000,45599
="072971",38000,5000,33000,119380
="072973",5000,9000,-4000,-4890
="072974",10000,0,10000,31900
="073027",194000,172000,22000,23801
="073029",0,16000,-16000,-32517
="073031",15000,30000,-15000,-4550
="073032",292000,280000,12000,10908
="073035",123000,45000,78000,117738
="073036",157000,125000,32000,17123
="073037",730000,179000,551000,289367
="073038",198000,242000,-44000,-71498
="073039",39000,1519000,-1480000,-1107768
="073040",110000,40000,70000,89200
="073094",108000,10000,98000,564448
="073095",13000,0,13000,35020
="073096",10000,20000,-10000,-6599
="073097",30000,289000,-259000,-160659
="073100",0,311000,-311000,-244457
="073102",215000,248000,-33000,-30580
="073103",2000,345000,-343000,-258568
="073104",109000,10000,99000,94567
="073105",37000,225000,-188000,-150732
="073106",101000,27000,74000,55461
="073377",10000,16000,-6000,-4880
="073378",0,172000,-172000,-152397
="073379",0,254000,-254000,-161980
="073385",20000,0,20000,7599
="073388",61000,269000,-208000,-195565
="073390",160000,0,160000,210168
="073487",247000,0,247000,197100
="073488",25000,0,25000,13520
="073489",30000,60000,-30000,-91048
="073491",4000,0,4000,3119
="073493",10000,47000,-37000,-41120
="073495",115000,0,115000,67849
="073496",18000,0,18000,19980
="073497",2000,14000,-12000,-54198
="073502",207000,224000,-17000,-8340
="073503",422000,19000,403000,353609
="073504",100000,0,100000,46000
="073577",11000,1000,10000,30267
="073615",50000,10000,40000,111400
="073616",28000,23000,5000,19052
="073617",0,378000,-378000,-304680
="073737",11000,0,11000,28819
="073741",16000,16000,0,-650
="073742",0,10000,-10000,-53000
="073743",0,14000,-14000,-32359
="073744",35000,0,35000,29950
="073745",16000,23000,-7000,-14749
="073747",30000,36000,-6000,-4978
="073748",12000,25000,-13000,-36909
="073808",40000,53000,-13000,-23176
="073809",10000,10000,0,-100
="073810",0,40000,-40000,-76357
="073811",11000,0,11000,13969
="073812",42000,44000,-2000,-4099
="073813",62000,66000,-4000,-2928
="073920",10000,0,10000,23599
="073981",32000,0,32000,13439
="073982",16000,21000,-5000,-6162
="073984",10000,11000,-1000,-617
="073985",40000,10000,30000,95800
="074062",0,27000,-27000,-69949
="074065",0,8000,-8000,-9809
="074068",36000,0,36000,53578
="074069",16000,2000,14000,12200
="074165",0,1000,-1000,-930
="074167",2000,5000,-3000,-8432
="074168",351000,249000,102000,141833
="074171",41000,31000,10000,4620
="074195",0,6000,-6000,-6720
="074255",106000,0,106000,79500
="074257",73000,4000,69000,67560
="074292",120000,0,120000,374399
="074343",0,20000,-20000,-40807
="074344",20000,4000,16000,50259
="074345",6000,102000,-96000,-55359
="074346",10000,0,10000,43200
="074347",912000,1421000,-509000,-1277886
="074349",0,11000,-11000,-19240
="074350",54000,52000,2000,2140
="074351",24000,1000,23000,26788
="074352",110000,200000,-90000,-29801
="074353",29000,10000,19000,39630
="074354",151000,165000,-14000,-40091
="074446",0,385000,-385000,-250167
="074447",20000,40000,-20000,-25599
="074448",264000,109000,155000,89100
="074449",10000,6000,4000,12020
="074450",44000,29000,15000,13100
="074451",64000,20000,44000,92460
="074453",284000,74000,210000,218711
="074454",8000,9000,-1000,-920
="074455",0,169000,-169000,-108057
="074495",14000,0,14000,13580
="074498",0,10000,-10000,-6299
="074499",138000,0,138000,29858
="074684",20000,0,20000,92799
="074685",41000,22000,19000,94352
="074686",20000,48000,-28000,-134527
="074687",318000,754000,-436000,-786978
="074689",0,7000,-7000,-31509
="074690",0,1000,-1000,-4519
="074758",0,4000,-4000,-16380
="074783",2000,0,2000,5128
="074786",7000,33000,-26000,-57141
="074787",8000,224000,-216000,-417979
="074788",40000,36000,4000,12434
="074789",0,6000,-6000,-21479
="074790",259000,78000,181000,343047
="074791",57000,112000,-55000,-88660
="074792",0,22000,-22000,-24859
="074793",12000,10000,2000,3300
="074794",260000,34000,226000,657059
="074795",90000,0,90000,208598
="074796",26000,5000,21000,57740
="074797",10000,0,10000,43500
="074800",27000,82000,-55000,-192912
="074801",7000,90000,-83000,-186928
="074802",143000,223000,-80000,-149889
="074803",4000,20000,-16000,-33146
="074804",23000,343000,-320000,-517170
="074806",40000,0,40000,93999
="074807",441000,77000,364000,966121
="074810",10000,120000,-110000,-164000
="074811",16000,20000,-4000,-5560
="074812",72000,420000,-348000,-371766
="074814",40000,50000,-10000,-28600
="074818",0,1000,-1000,-2240
="074819",16000,348000,-332000,-593564
="074895",5000,15000,-10000,-38360
="074896",3000,15000,-12000,-20880
="074897",3000,5000,-2000,-4880
="074899",69000,0,69000,97269
="074900",114000,73000,41000,94333
="074901",46000,0,46000,130179
="074902",36000,118000,-82000,-62010
="074903",247000,0,247000,237569
="074905",4000,40000,-36000,-91838
="074907",0,1000,-1000,-5500
="074908",100000,110000,-10000,-14050
="075051",149000,17000,132000,252957
="075054",76000,0,76000,177239
="075066",3000,0,3000,11640
="075170",5000,0,5000,13300
="075171",145000,0,145000,318650
="075172",261000,76000,185000,528970
="075173",52000,33000,19000,31890
="075174",0,65000,-65000,-92499
="075245",20000,4000,16000,33241
="075396",58000,108000,-50000,-54428
="075398",1000,1000,0,-40
="075399",187000,164000,23000,21999
="075400",15000,0,15000,47750
="075401",50000,30000,20000,60999
="075402",1000,51000,-50000,-103625
="075404",46000,5000,41000,75120
="075406",4000,0,4000,2480
="075407",0,50000,-50000,-156298
="075513",29000,75000,-46000,-83040
="075517",23000,0,23000,93250
="075534",1000,0,1000,11300
="075641",48000,159000,-111000,-114901
="075642",110000,104000,6000,12713
="075693",74000,10000,64000,129979
="075694",0,132000,-132000,-100319
="075697",0,10000,-10000,-14800
="075698",214000,0,214000,147659
="075699",5000,0,5000,17849
="075700",30000,30000,0,-2999
="075826",319000,0,319000,331728
="075828",76000,4000,72000,95249
="075829",0,231000,-231000,-231229
="075830",30000,73000,-43000,-47641
="075831",333000,688000,-355000,-656948
="075898",35000,0,35000,2799
="075964",59000,10000,49000,227559
="075965",0,10000,-10000,-13600
="075966",52000,20000,32000,102399
="075968",8000,28000,-20000,-87828
="075969",0,70000,-70000,-50199
="075970",15000,60000,-45000,-59540
="075971",186000,57000,129000,449848
="075972",387000,20000,367000,686186
="076027",0,30000,-30000,-46499
="076036",12000,0,12000,2879
="076055",10000,30000,-20000,-35650
="076059",350000,85000,265000,295049
="076061",18000,2000,16000,52699
="076062",26000,10000,16000,19180
="076063",82000,0,82000,102450
="076064",487000,249000,238000,318109
="076180",0,40000,-40000,-151599
="076181",40000,0,40000,184400
="076182",21000,11000,10000,39621
="076184",37000,2000,35000,116698
="076185",50000,103000,-53000,-189670
="076289",60000,0,60000,86046
="076290",0,5000,-5000,-3249
="076291",53000,59000,-6000,-14055
="076292",252000,0,252000,196947
="076336",0,20000,-20000,-22200
="076405",32000,105000,-73000,-80040
="076406",1000,9000,-8000,-24228
="076408",151000,99000,52000,44021
="076410",459000,123000,336000,1051226
="076411",59000,498000,-439000,-691752
="076412",22000,134000,-112000,-163797
="076413",0,265000,-265000,-311458
="076414",36000,423000,-387000,-474389
="076415",23000,401000,-378000,-354491
="076416",257000,572000,-315000,-404318
="076417",0,126000,-126000,-228096
="076418",146000,523000,-377000,-647819
="076419",24000,0,24000,25680
="076420",937000,201000,736000,1213544
="076421",0,3000,-3000,-3119
="076551",25000,23000,2000,4641
="076584",0,100000,-100000,-31000
="076652",54000,560000,-506000,-555727
="076653",236000,1444000,-1208000,-1656444
="076654",37000,342000,-305000,-412165
="076655",48000,89000,-41000,-133427
="076777",0,32000,-32000,-38379
="076845",0,77000,-77000,-301839
="076913",2000,20000,-18000,-66252
="076914",0,8000,-8000,-8960
="076915",65000,62000,3000,7049
="076916",3000,69000,-66000,-156079
="076917",96000,22000,74000,174519
="076918",3000,5000,-2000,-5119
="076921",20000,40000,-20000,-10400
="076922",70000,2000,68000,65020
="076971",0,5000,-5000,-25499
="077039",20000,0,20000,40000
="077060",0,30000,-30000,-18600
="077065",5000,18000,-13000,-18329
="077066",391000,56000,335000,963097
="077067",154000,53000,101000,298912
="077068",65000,61000,4000,7775
="077069",50000,24000,26000,69800
="077103",11000,63000,-52000,-138160
="077104",0,1000,-1000,-4010
="077105",6000,45000,-39000,-104140
="077107",95000,41000,54000,38731
="077108",5000,207000,-202000,-411455
="077109",23000,464000,-441000,-688976
="077274",5000,0,5000,15000
="077275",364000,123000,241000,409708
="077276",121000,38000,83000,98810
="077277",15000,39000,-24000,-74647
="077278",60000,64000,-4000,-9368
="077279",1000,162000,-161000,-173030
="077280",4000,0,4000,3359
="077281",536000,379000,157000,163421
="077374",0,20000,-20000,-42800
="077412",5000,26000,-21000,-84899
="077458",2000,0,2000,14000
="077585",12000,0,12000,6938
="077586",8000,13000,-5000,-11431
="077587",10000,4000,6000,14841
="077588",21000,2000,19000,72091
="077591",0,1000,-1000,-4219
="077593",20000,25000,-5000,-4349
="077594",0,62000,-62000,-71756
="077595",1000,28000,-27000,-29320
="077596",28000,10000,18000,37059
="077647",132000,98000,34000,46861
="077648",459000,95000,364000,557880
="077649",85000,30000,55000,154500
="077652",130000,270000,-140000,-148499
="077653",26000,5000,21000,29128
="077654",32000,6000,26000,23741
="077656",17000,182000,-165000,-297130
="077657",30000,89000,-59000,-130788
="077658",16000,32000,-16000,-38881
="077659",0,6000,-6000,-14280
="077796",2000,0,2000,2420
="077810",180000,240000,-60000,-123118
="077811",48000,216000,-168000,-224230
="077812",10000,0,10000,19199
="077941",0,6000,-6000,-7500
="077942",1099000,355000,744000,1117811
="077944",825000,1483000,-658000,-710240
="077945",202000,473000,-271000,-457448
="077946",162000,10000,152000,275599
="077963",40000,0,40000,79799
="078038",0,150000,-150000,-340499
="078087",194000,83000,111000,227257
="078088",0,62000,-62000,-55938
="078089",49000,84000,-35000,-61435
="078090",3000,0,3000,5910
="078091",0,21000,-21000,-39047
="078092",0,10000,-10000,-5000
="078093",37000,21000,16000,31829
="078095",0,61000,-61000,-133878
="078096",0,5000,-5000,-8849
="078097",103000,284000,-181000,-233290
="078099",2000,0,2000,2420
="078339",1000,0,1000,1639
="078340",1000,0,1000,2500
="078461",2000,43000,-41000,-47128
="078462",4000,126000,-122000,-147740
="078464",0,12000,-12000,-12890
="078465",0,112000,-112000,-519949
="078466",335000,599000,-264000,-658512
="078468",0,26000,-26000,-30419
="078469",145000,463000,-318000,-490085
="078470",8000,115000,-107000,-190246
="078471",30000,1000,29000,32190
="078472",0,5000,-5000,-5899
="078473",2000,49000,-47000,-55059
="078474",136000,39000,97000,74768
="078475",0,10000,-10000,-14600
="078476",125000,68000,57000,63770
="078610",275000,0,275000,303600
="078718",35000,30000,5000,6122
="078719",63000,271000,-208000,-950230
="078720",840000,73000,767000,1757146
="078721",552000,869000,-317000,-833288
="078722",9000,0,9000,13140
="078723",33000,0,33000,44259
="078724",40000,28000,12000,11230
="078726",0,2000,-2000,-979
="078727",5000,0,5000,8299
="078846",0,5000,-5000,-12110
="078847",0,55000,-55000,-126408
="078848",141000,705000,-564000,-623360
="078849",79000,126000,-47000,-151611
="078850",50000,11000,39000,79760
="078851",18000,10000,8000,10090
="078853",20000,50000,-30000,-109589
="078854",671000,256000,415000,464151
="078855",13000,0,13000,56848
="078856",53000,51000,2000,12852
="078857",0,4000,-4000,-7679
="078942",0,206000,-206000,-866798
="078943",0,1000,-1000,-1879
="078944",353000,70000,283000,686951
="078945",211000,187000,24000,28870
="078946",24000,59000,-35000,-42192
="078947",261000,449000,-188000,-275589
="078982",0,5000,-5000,-17150
="079090",10000,185000,-175000,-241948
="079091",45000,100000,-55000,-50379
="079286",12000,0,12000,12840
="079287",278000,118000,160000,151620
="079288",107000,123000,-16000,-37579
="079289",1183000,18000,1165000,1503116
="079290",414000,734000,-320000,-482276
="079291",83000,20000,63000,109039
="079425",71000,97000,-26000,-26030
="079426",87000,128000,-41000,-48924
="079427",140000,319000,-179000,-314250
="079428",171000,14000,157000,160856
="079429",101000,118000,-17000,-52686
="079430",1000,214000,-213000,-358147
="079433",44000,0,44000,42919
="079434",103000,20000,83000,84628
="079435",43000,193000,-150000,-287258
="079457",7000,26000,-19000,-31378
="079563",50000,0,50000,30500
="079583",0,17000,-17000,-28438
="079584",163000,0,163000,190598
="079585",123000,300000,-177000,-594983
="079586",0,202000,-202000,-131278
="079606",17000,0,17000,76500
="079662",13000,22000,-9000,-93399
="079727",95000,369000,-274000,-347889
="079728",16000,0,16000,13869
="079729",26000,87000,-61000,-65330
="079730",0,81000,-81000,-80190
="079732",43000,69000,-26000,-43789
="079733",6000,10000,-4000,-7940
="079734",10000,0,10000,15800
="079735",3000,0,3000,8100
="079736",606000,265000,341000,342180
="079737",12000,268000,-256000,-284665
="079738",244000,0,244000,402586
="079740",640000,121000,519000,927558
="079741",77000,212000,-135000,-216918
="079742",71000,106000,-35000,-81592
="079743",270000,164000,106000,74821
="079744",106000,711000,-605000,-610864
="079745",255000,439000,-184000,-190000
="079830",49000,0,49000,71050
="079868",53000,50000,3000,3549
="079869",0,33000,-33000,-33418
="079871",40000,1050000,-1010000,-1663007
="079872",16000,124000,-108000,-117461
="079873",6000,417000,-411000,-1204103
="079979",36000,18000,18000,13891
="079980",30000,17000,13000,29430
="079981",183000,895000,-712000,-1357938
="079982",0,22000,-22000,-16420
="079983",109000,266000,-157000,-193526
="079984",3000,8000,-5000,-7551
="079985",136000,409000,-273000,-335925
="080097",0,50000,-50000,-25999
="080161",81000,0,81000,68129
="080162",0,244000,-244000,-286798
="080165",15000,26000,-11000,-9350
="080166",174000,0,174000,134297
="080167",13000,10000,3000,4001
="080168",17000,5000,12000,12189
="080169",100000,6000,94000,57221
="080170",92000,176000,-84000,-61887
="080171",0,2000,-2000,-2079
="080172",20000,52000,-32000,-26179
="080174",5000,0,5000,7099
="080175",100000,105000,-5000,-5130
="080176",30000,195000,-165000,-248548
="080177",5000,23000,-18000,-32188
="080178",51000,368000,-317000,-532453
="080180",1000,60000,-59000,-69309
="080181",32000,133000,-101000,-100209
="080182",16000,20000,-4000,-4071
="080183",50000,0,50000,33500
="080184",24000,2000,22000,36439
="080185",0,22000,-22000,-42398
="080186",273000,61000,212000,247541
="080205",0,11000,-11000,-32348
="080230",1000,0,1000,9050
="080343",111000,249000,-138000,-137671
="080344",24000,15000,9000,9571
="080345",125000,314000,-189000,-267119
="080346",20000,207000,-187000,-151560
="080347",23000,427000,-404000,-354190
="080348",57000,0,57000,103088
="080349",575000,966000,-391000,-548692
="080350",13000,5000,8000,6129
="080351",45000,697000,-652000,-683298
="080352",43000,0,43000,27089
="080386",50000,0,50000,223000
="080537",79000,0,79000,47400
="080539",5000,0,5000,2500
="080540",90000,60000,30000,30957
="080541",261000,40000,221000,177528
="080542",0,20000,-20000,-12999
="080543",13000,95000,-82000,-69060
="080544",0,11000,-11000,-5049
="080545",27000,147000,-120000,-153646
="080546",1604000,107000,1497000,1497060
="080547",166000,71000,95000,151240
="080594",58000,143000,-85000,-85500
="080595",100000,60000,40000,19200
="080596",0,210000,-210000,-185446
="080597",110000,668000,-558000,-755051
="080598",0,37000,-37000,-25397
="080599",0,461000,-461000,-268357
="080600",110000,17000,93000,61662
="080601",13000,162000,-149000,-83408
="080602",793000,49000,744000,1150117
="080603",13000,91000,-78000,-139057
="080604",3000,0,3000,1349
="080696",2000,0,2000,3690
="080728",40000,0,40000,43200
="080826",520000,0,520000,591598
="080846",123000,0,123000,115809
="080857",0,9000,-9000,-7589
="080859",26000,3000,23000,16531
="080860",0,70000,-70000,-66399
="080861",655000,190000,465000,927568
="080862",10000,20000,-10000,-8100
="080864",84000,107000,-23000,-21431
="080867",365000,148000,217000,346038
="080868",59000,228000,-169000,-126380
="080869",9000,70000,-61000,-44161
="080870",20000,167000,-147000,-104267
="080914",0,10000,-10000,-11899
="081016",5000,38000,-33000,-19619
="081017",0,20000,-20000,-10800
="081018",0,120000,-120000,-66000
="081019",164000,238000,-74000,-72900
="081020",49000,259000,-210000,-229919
="081021",385000,850000,-465000,-366128
="081024",841000,762000,79000,89241
="081025",346000,47000,299000,218059
="081026",170000,0,170000,91950
="081163",1000,0,1000,2720
="081213",14000,6000,8000,6740
="081214",0,232000,-232000,-168939
="081216",0,228000,-228000,-164619
="081217",10000,316000,-306000,-191858
="081218",79000,426000,-347000,-297710
="081219",30000,217000,-187000,-127369
="081220",21000,0,21000,25769
="081221",6000,83000,-77000,-91637
="081222",1286000,480000,806000,709270
="081223",50000,114000,-64000,-55838
="081224",232000,1622000,-1390000,-885717
="081225",46000,401000,-355000,-381028
="081226",131000,181000,-50000,-38079
="081227",20000,10000,10000,6099
="081231",20000,41000,-21000,-9030
="081232",15000,28000,-13000,-10280
="081233",0,19000,-19000,-13299
="081234",0,26000,-26000,-39399
="081235",10000,20000,-10000,-7601
="081236",97000,0,97000,80509
="081271",0,8000,-8000,-4239
="081272",9000,31000,-22000,-23060
="081273",1000,0,1000,449
="081278",17000,15000,2000,1331
="081279",30000,50000,-20000,-12700
="081281",32000,2000,30000,29819
="081282",122000,71000,51000,48301
="081283",248000,106000,142000,110269
="081285",20000,86000,-66000,-74580
="081286",200000,140000,60000,35202
="081287",118000,156000,-38000,-63420
="081288",45000,0,45000,38348
="081289",15000,56000,-41000,-67609
="081394",0,6000,-6000,-9119
="081408",10000,0,10000,17899
="081428",0,10000,-10000,-12528
="081429",0,83000,-83000,-64978
="081430",0,50000,-50000,-28299
="081432",177000,25000,152000,104141
="081433",0,1000,-1000,-519
="081434",35000,130000,-95000,-57098
="081435",0,17000,-17000,-13939
="081436",360000,1124000,-764000,-851957
="081437",170000,101000,69000,47473
="081438",195000,429000,-234000,-289696
="081439",20000,62000,-42000,-38898
="081440",0,415000,-415000,-325937
="081442",126000,172000,-46000,-57539
="081443",425000,389000,36000,9921
="081444",50000,0,50000,30000
="081446",50000,360000,-310000,-466699
="081447",366000,136000,230000,389717
="081448",297000,0,297000,335197
="081449",81000,197000,-116000,-178741
="081450",143000,152000,-9000,-13860
="081451",29000,827000,-798000,-902687
="081696",514000,0,514000,936909
="081707",62000,191000,-129000,-118090
="081708",0,21000,-21000,-18569
="081709",113000,301000,-188000,-190988
="081710",1009000,3377000,-2368000,-2886317
="081711",108000,1263000,-1155000,-1316444
="081712",162000,1011000,-849000,-890539
="081713",0,108000,-108000,-94969
="081714",10000,185000,-175000,-143479
="081715",65000,145000,-80000,-112996
="081716",0,11000,-11000,-9350
="081717",137000,550000,-413000,-407319
="081718",80000,210000,-130000,-111021
="081719",284000,51000,233000,252420
="081720",139000,659000,-520000,-566150
="081721",157000,2000,155000,225065
="081722",750000,36000,714000,661178
="081723",181000,910000,-729000,-661209
="081724",380000,10000,370000,394388
="081725",98000,608000,-510000,-483597
="081726",99000,150000,-51000,-46520
="081727",15000,318000,-303000,-262930
="081865",6000,0,6000,19138
="081906",210000,0,210000,553899
="081945",273000,1330000,-1057000,-1155039
="081946",2000,18000,-16000,-31370
="081947",10000,379000,-369000,-426986
="081948",0,210000,-210000,-226700
="081950",4000,10000,-6000,-6581
="081951",3000,1036000,-1033000,-897507
="081952",20000,553000,-533000,-447986
="081953",0,103000,-103000,-80339
="081954",4000,8000,-4000,-2988
="081955",30000,85000,-55000,-50770
="081956",300000,0,300000,212999
="081957",2000,8000,-6000,-3810
="081958",6000,13000,-7000,-4729
="081959",221000,158000,63000,71232
="082006",8000,0,8000,9119
="082123",0,1000,-1000,-959
="082124",222000,475000,-253000,-256091
="082125",18000,0,18000,13679
="082126",0,2000,-2000,-1879
="082127",0,102000,-102000,-103577
="082128",315000,2518000,-2203000,-1859564
="082129",0,678000,-678000,-825776
="082130",5000,0,5000,5749
="082131",0,50000,-50000,-39018
="082132",69000,124000,-55000,-61918
="082133",0,376000,-376000,-406727
="082134",0,5000,-5000,-4270
="082135",0,95000,-95000,-110487
="082136",0,801000,-801000,-738517
="082137",0,8000,-8000,-7688
="082138",214000,75000,139000,119742
="082139",154000,0,154000,138599
="082140",0,5000,-5000,-4940
="082141",2000,40000,-38000,-26320
="082142",156000,409000,-253000,-224066
="082143",0,90000,-90000,-54499
="082144",465000,127000,338000,441034
="082145",315000,317000,-2000,1940
="082306",150000,0,150000,428499
="082314",7000,0,7000,5180
="082315",0,547000,-547000,-418507
="082316",4000,76000,-72000,-54119
="082318",0,147000,-147000,-94067
="082319",92000,3508000,-3416000,-4078450
="082320",0,313000,-313000,-340820
="082321",93000,483000,-390000,-449518
="082322",35000,18000,17000,14590
="082325",60000,243000,-183000,-134889
="082326",0,76000,-76000,-67528
="082328",0,12000,-12000,-12000
="082329",20000,153000,-133000,-107717
="082330",447000,377000,70000,77183
="082331",0,214000,-214000,-198458
="082332",0,103000,-103000,-92699
="082333",0,101000,-101000,-85127
="082334",0,72000,-72000,-68159
="082335",0,596000,-596000,-437557
="082336",0,281000,-281000,-235258
="082337",799000,570000,229000,285948
="082338",0,38000,-38000,-32559
="082339",0,129000,-129000,-79980
="082395",380000,0,380000,387900
="082396",201000,0,201000,215869
="082418",214000,0,214000,384057
="082476",0,9000,-9000,-10259
="082478",0,531000,-531000,-490049
="082479",0,5000,-5000,-4300
="082481",0,1120000,-1120000,-964286
="082482",5000,2366000,-2361000,-1966504
="082483",0,781000,-781000,-828066
="082485",0,1000,-1000,-1029
="082486",0,265000,-265000,-222888
="082487",0,1137000,-1137000,-894149
="082488",0,618000,-618000,-458520
="082490",0,28000,-28000,-23038
="082491",0,62000,-62000,-46638
="082493",0,37000,-37000,-30119
="082495",0,305000,-305000,-280650
="082498",0,50000,-50000,-40999
="082499",0,69000,-69000,-69108
="082501",0,52000,-52000,-52079
="082503",0,5000,-5000,-4699
="08924P",250000,0,250000,54498
="08930P",10000,0,10000,3799
="1101",31900,0,31900,1357633
="1102",8000,0,8000,341198
="1103",1001,0,1001,17916
="1108",1000,0,1000,11449
="1210",0,7000,-7000,-350099
="1215",4000,0,4000,291600
="1216",212000,288000,-76000,-5266298
="1218",2000,0,2000,56700
="1225",1000,0,1000,38099
="1227",3000,26200,-23200,-1376159
="1229",15000,0,15000,625500
="1301",5230,128000,-122770,-11910318
="1303",4000,50000,-46000,-3416300
="1304",11000,35440,-24440,-517173
="1305",41000,1000,40000,1056998
="1308",0,110000,-110000,-2329499
="1309",0,4000,-4000,-133199
="1310",1100,1000,100,1600
="1312",62000,33000,29000,697751
="1313",1000,0,1000,17399
="1314",165000,37000,128000,1339800
="1316",3000,0,3000,34849
="1325",14000,20000,-6000,-511702
="1326",4000,0,4000,341500
="1338",1000,2000,-1000,-69200
="1402",15631,101000,-85369,-2405218
="1414",0,2000,-2000,-25700
="1416",44,0,44,503
="1419",1000,0,1000,41349
="1432",1000,44000,-43000,-556549
="1434",11000,0,11000,331449
="1435",5000,0,5000,148000
="1440",21000,16000,5000,68149
="1444",3000,6000,-3000,-35750
="1445",0,50000,-50000,-560999
="1447",18000,0,18000,154620
="1455",7000,0,7000,69239
="1457",2000,3360,-1360,-20128
="1459",173,0,173,1492
="1460",100,0,100,910
="1466",5000,0,5000,88549
="1467",5000,0,5000,93999
="1474",0,24000,-24000,-302400
="1476",5000,55000,-50000,-20875000
="1477",13200,0,13200,2613100
="1504",9001,34000,-24999,-722272
="1513",18000,28000,-10000,-482852
="1514",2000,0,2000,52000
="1515",0,1000,-1000,-76400
="1517",35000,0,35000,488249
="1519",0,15000,-15000,-702097
="1522",0,1000,-1000,-24850
="1524",15000,300000,-285000,-3360201
="1527",1000,5000,-4000,-183800
="1528",1,0,1,10
="1529",4000,0,4000,68950
="1530",50,0,50,1639
="1531",119,0,119,1499
="1532",123000,18000,105000,3325800
="1533",106000,13000,93000,5573100
="1536",59000,39000,20000,2582500
="1538",2,0,2,17
="1539",150,0,150,2827
="1540",0,2000,-2000,-31200
="1560",0,9100,-9100,-645949
="1568",172000,39000,133000,4220699
="1569",0,2000,-2000,-57400
="1582",1006,1000,6,-281
="1584",31000,0,31000,347149
="1586",15050,2000,13050,661139
="1589",5000,1000,4000,320699
="1590",1000,1000,0,25000
="1593",0,18000,-18000,-2166000
="1597",6000,2000,4000,379200
="1598",4000,0,4000,470000
="1605",5000,49101,-44101,-801073
="1609",13000,10000,3000,56551
="1611",0,2000,-2000,-26899
="1612",1000,0,1000,16399
="1618",5000,0,5000,59000
="1626",0,33000,-33000,-789049
="1701",2000,0,2000,45700
="1707",2000,0,2000,359500
="1709",0,2000,-2000,-29299
="1710",4000,0,4000,77400
="1711",50,10000,-9950,-163675
="1712",1,0,1,21
="1714",2000,0,2000,19909
="1717",2000,1000,1000,36200
="1718",5000,2000,3000,29299
="1722",1000,0,1000,53099
="1723",2000,0,2000,212000
="1726",1000,0,1000,71099
="1727",135,0,135,1495
="1733",1000,0,1000,23000
="1734",5000,0,5000,145500
="1736",3000,102000,-99000,-9013498
="1737",1,192,-191,-6208
="1760",1000,0,1000,79099
="1762",10000,0,10000,563799
="1785",136000,337000,-201000,-10200399
="1786",16000,0,16000,933599
="1795",5000,0,5000,387999
="1802",446000,121000,325000,5852751
="1805",1000,0,1000,11850
="1815",2001,2000,1,114
="1817",112000,0,112000,3762247
="1904",2505,0,2505,80334
="1905",45000,0,45000,470549
="1907",866000,654000,212000,5709497
="1909",50000,56060,-6060,-114508
="2002",73003,999010,-926007,-23563278
="2006",4000,0,4000,142000
="2009",57000,51640,5360,130488
="2010",0,5000,-5000,-65000
="2012",0,2000,-2000,-38000
="2014",514000,437000,77000,1285699
="2015",10000,1000,9000,613799
="2023",41000,10000,31000,402898
="2025",2003,0,2003,5788
="2027",210100,946050,-735950,-21288689
="2030",15000,0,15000,200250
="2031",9000,397000,-388000,-13975147
="2032",0,9000,-9000,-127349
="2034",22000,1000,21000,552800
="2038",48000,35000,13000,263349
="2049",8000,1000,7000,3138500
="2062",1000,2000,-1000,-25000
="2101",0,48000,-48000,-1950949
="2103",0,575,-575,-12190
="2105",1000,513000,-512000,-21907098
="2106",0,21000,-21000,-690849
="2107",8000,3000,5000,122899
="2108",0,20000,-20000,-1198000
="2115",10000,0,10000,459000
="2201",104000,49000,55000,2416152
="2208",6000,0,6000,158649
="2227",0,30000,-30000,-7662000
="2231",20000,24000,-4000,-825000
="2233",2000,0,2000,177600
="2235",100,0,100,4450
="2236",868,0,868,16752
="2239",1000,1000,0,-1000
="2241",19000,0,19000,1173798
="2301",209000,21000,188000,10117899
="2303",2402510,2768620,-366110,-18264958
="2308",78733,28999,49734,15249432
="2312",3000,5000,-2000,-25199
="2313",598000,1167000,-569000,-26589400
="2314",0,3326,-3326,-108192
="2316",400,0,400,12519
="2317",4536150,447971,4088179,468682288
="2324",170500,126000,44500,986099
="2327",117193,71188,46005,27557414
="2328",1647000,233010,1413990,50123233
="2329",33000,60000,-27000,-446000
="2330",313939,396998,-83059,-49432550
="2331",39150,40000,-850,511
="2332",1000,25000,-24000,-632050
="2337",281000,69514,211486,8629319
="2338",26000,3000,23000,959699
="2340",11000,2000,9000,223849
="2342",39001,142000,-102999,-4021460
="2344",769000,461150,307850,8813219
="2345",2100,6000,-3900,-1126500
="2347",7000,0,7000,328549
="2348",3000,0,3000,257600
="2349",10000,6000,4000,41650
="2351",32000,6000,26000,2341697
="2352",128000,1000,127000,3571097
="2353",42050,27000,15050,385522
="2354",315415,341209,-25794,-1791333
="2355",7000,5000,2000,74649
="2356",18025,3000,15025,358293
="2357",6000,4141,1859,532392
="2359",0,2000,-2000,-36700
="2360",5000,27000,-22000,-4398000
="2363",1000,0,1000,16850
="2364",0,1000,-1000,-3150
="2367",1000,14000,-13000,-287549
="2368",1225000,1149000,76000,4631800
="2369",81000,117000,-36000,-595502
="2371",17056,23000,-5944,-154205
="2373",2000,0,2000,177000
="2375",78000,43000,35000,3553799
="2376",156000,18000,138000,11186699
="2377",304250,401000,-96750,-13078539
="2379",17010,7020,9990,4479550
="2382",49045,121760,-72715,-6215475
="2383",72025,30000,42025,7026112
="2385",5000,0,5000,431799
="2387",31400,15000,16400,1051802
="2388",3200,13220,-10020,-572496
="2392",28000,902000,-874000,-42443048
="2393",91000,30000,61000,2832198
="2395",6010,0,6010,2165630
="2399",6000,9000,-3000,-46899
="2401",138001,147000,-8999,-176778
="2402",100,0,100,1760
="2404",5150,7000,-1850,-413400
="2406",1,0,1,21
="2408",1104000,73000,1031000,92991890
="2409",755010,12094000,-11338990,-172703553
="2412",0,3000,-3000,-336000
="2413",44000,14000,30000,754950
="2415",23000,19000,4000,138602
="2417",20000,30000,-10000,-482846
="2420",0,3000,-3000,-102450
="2424",2000,0,2000,56200
="2426",0,93,-93,-1599
="2428",20000,3000,17000,3219000
="2436",39000,138000,-99000,-5021205
="2439",17000,20000,-3000,-423000
="2441",500000,299,499701,29261156
="2442",5000,0,5000,52099
="2444",3000,356000,-353000,-6777494
="2449",643000,9000,634000,23112298
="2451",5000,101000,-96000,-6135800
="2454",86533,70000,16533,14123694
="2455",200035,134000,66035,8112612
="2456",60168,32000,28168,3260995
="2457",20000,17000,3000,50798
="2458",293000,300000,-7000,-877000
="2460",233000,110000,123000,2698499
="2464",0,821,-821,-37126
="2465",0,1000,-1000,-21200
="2471",34000,1,33999,897819
="2472",2000,51000,-49000,-3417896
="2474",33000,18000,15000,3247500
="2478",122000,87102,34898,3150255
="2480",3000,0,3000,201498
="2481",73150,288000,-214850,-11561000
="2482",141,0,141,1487
="2484",102000,105000,-3000,-49300
="2485",1100,7000,-5900,-111400
="2486",6000,5000,1000,18149
="2489",4143,1000,3143,37040
="2491",0,236000,-236000,-2676147
="2492",80060,243000,-162940,-37729810
="2493",1000,0,1000,35150
="2497",0,5000,-5000,-201000
="2498",19000,3000,16000,484600
="2504",50000,0,50000,1177499
="2505",11000,25000,-14000,-504550
="2511",0,1000,-1000,-11449
="2515",23000,25000,-2000,-16510
="2516",2000,0,2000,10159
="2520",0,2000,-2000,-68599
="2530",1,0,1,13
="2534",205,0,205,3901
="2540",2000,0,2000,136000
="2542",0,30000,-30000,-1369498
="2547",0,2000,-2000,-24000
="2548",0,6000,-6000,-525199
="2601",4000,0,4000,41447
="2603",3352475,2748200,604275,23994196
="2605",2000,50000,-48000,-1008749
="2606",69000,13000,56000,2054201
="2607",30,0,30,528
="2609",2322200,4439000,-2116800,-56010820
="2610",22000,0,22000,234148
="2611",338000,20000,318000,3932600
="2612",3000,30000,-27000,-967648
="2613",3000,0,3000,58949
="2615",745000,766000,-21000,-924698
="2616",1,0,1,32
="2617",17000,14000,3000,66600
="2618",0,32000,-32000,-403449
="2633",17000,2000,15000,460797
="2634",2000,2000,0,-200
="2637",8000,21000,-13000,-365000
="2641",0,16000,-16000,-187099
="2704",0,1112,-1112,-33798
="2706",36,0,36,500
="2723",0,20000,-20000,-2851000
="2727",2000,70000,-68000,-9157500
="2731",66,1000,-934,-68484
="2754",3000,0,3000,222599
="2801",6000,0,6000,107399
="2809",47000,27000,20000,801848
="2812",1000,4000,-3000,-32650
="2820",0,1600,-1600,-23868
="2823",6258,1000,5258,119343
="2834",9000,4000,5000,48279
="2838A",0,13000,-13000,-674700
="2845",4000,2740,1260,13618
="2855",14000,13030,970,18700
="2880",8000,3000,5000,90599
="2881",15250,79101,-63851,-3074495
="2882",7000,62338,-55338,-2339459
="2883",74000,5000,69000,652627
="2884",17000,0,17000,428149
="2885",60200,396000,-335800,-7133611
="2886",10000,0,10000,296948
="2887",19000,13601,5399,71766
="2888",30000,24000,6000,51550
="2889",5000,6869,-1869,-25107
="2890",13000,20195,-7195,-84741
="2891",1505400,36000,1469400,29127440
="2892",9900,15000,-5100,-108630
="2901",21,0,21,511
="2915",12000,0,12000,840300
="2929",0,20000,-20000,-300000
="2936",1000,0,1000,20299
="3003",6000,0,6000,284849
="3005",3000,2000,1000,48751
="3006",1176000,468010,707990,48547531
="3008",1432,1001,431,1255895
="3010",0,4000,-4000,-306500
="3011",17000,20000,-3000,-20531
="3013",2000,0,2000,29348
="3014",44000,61000,-17000,-1290500
="3015",1000,0,1000,38349
="3016",269100,919000,-649900,-51115980
="3017",763000,337000,426000,31966202
="3018",1100,1000,100,1539
="3019",1000,12000,-11000,-853898
="3022",6000,75000,-69000,-3911495
="3023",17000,2000,15000,3887500
="3024",1,0,1,11
="3025",14000,112000,-98000,-4001396
="3026",1000,2000,-1000,-120500
="3027",1000,10000,-9000,-175601
="3028",2000,21000,-19000,-442600
="3029",3000,2000,1000,40151
="3031",1000,0,1000,16149
="3032",1000,2000,-1000,-42651
="3034",59000,115000,-56000,-21988000
="3035",44000,44000,0,-14199
="3036",20000,8000,12000,518201
="3037",269000,259050,9950,936950
="3041",3000,1000,2000,58700
="3042",152000,448000,-296000,-25296905
="3044",15100,7000,8100,1018600
="3045",1000,0,1000,99599
="3048",0,3000,-3000,-69899
="3049",2400,7000,-4600,-48521
="3050",0,20000,-20000,-349000
="3051",2,0,2,12
="3056",1000,1000,0,-50
="3057",133,0,133,1489
="3058",427000,21000,406000,4497153
="3059",23001,10000,13001,444982
="3060",2,0,2,30
="3062",10000,13000,-3000,-62600
="3066",1000,0,1000,7400
="3071",14000,14058,-58,-908
="3078",43000,31000,12000,509951
="3081",5000,16000,-11000,-3450000
="3083",0,1000,-1000,-60599
="3090",0,1000,-1000,-51400
="3092",1060150,157000,903150,62324441
="3094",0,1000,-1000,-24100
="3095",3,0,3,8
="3105",159050,111000,48050,22332650
="3131",8000,15000,-7000,-2958500
="3138",1000,0,1000,265000
="3141",0,2000,-2000,-80500
="3149",277001,74000,203001,6023430
="3152",13000,4000,9000,4217000
="3163",0,2000,-2000,-100900
="3164",50,0,50,1097
="3169",3000,1000,2000,117901
="3178",1000,2000,-1000,-47850
="3189",25000,51000,-26000,-2278897
="3211",1000,0,1000,88300
="3217",3000,1262,1738,192049
="3218",15000,68000,-53000,-13172500
="3227",100000,269000,-169000,-32735000
="3228",4000,1000,3000,701000
="3229",2,0,2,12
="3230",0,13000,-13000,-86649
="3231",195000,18000,177000,5605348
="3236",0,12000,-12000,-323650
="3257",12000,0,12000,941797
="3259",0,12000,-12000,-488199
="3260",151000,9000,142000,10595396
="3264",10000,18000,-8000,-321401
="3265",0,2000,-2000,-56599
="3272",0,1000,-1000,-54500
="3289",2000,3000,-1000,-57900
="3293",9000,1000,8000,6271000
="3296",68000,316000,-248000,-5904699
="3297",5000,0,5000,80500
="3303",2000,0,2000,44700
="3305",17000,30000,-13000,-387150
="3312",2001,4000,-1999,-29086
="3317",1000,0,1000,49000
="3322",29000,96000,-67000,-872549
="3323",38000,6000,32000,1535549
="3324",238050,161000,77050,19452475
="3325",1,0,1,26
="3338",14000,2000,12000,799999
="3346",194000,82000,112000,5945998
="3363",1000,0,1000,26750
="3373",1000,0,1000,79000
="3374",89120,150000,-60880,-12389700
="3376",11000,16000,-5000,-680500
="3380",46000,7000,39000,1504548
="3388",50,0,50,3475
="3402",1000,0,1000,29950
="3406",9015,32000,-22985,-11578975
="3413",26000,31000,-5000,-1044500
="3419",33000,13000,20000,423650
="3432",3000,1000,2000,27700
="3437",45000,47000,-2000,-59752
="3441",1,0,1,26
="3443",99101,143000,-43899,-19330073
="3444",0,2000,-2000,-75300
="3450",4000,8000,-4000,-279201
="3454",0,125,-125,-11250
="3455",8000,2000,6000,317800
="3465",0,12000,-12000,-2304500
="3466",1000,990,10,19
="3479",5000,1000,4000,221899
="3481",2816000,8211000,-5395000,-75180301
="3483",6000,12000,-6000,-489500
="3484",26000,143000,-117000,-7963803
="3489",5000,0,5000,56199
="3490",0,1000,-1000,-32349
="3498",12000,1000,11000,511548
="3515",1000,1000,0,1500
="3516",0,13000,-13000,-194349
="3521",4000,0,4000,75149
="3522",3000,12000,-9000,-115049
="3526",68000,2000,66000,6048693
="3529",4000,2150,1850,1257500
="3530",15000,7000,8000,1041000
="3532",2000,17000,-15000,-2188500
="3533",5000,7000,-2000,-1125000
="3535",0,1000,-1000,-18700
="3540",30000,11000,19000,1230399
="3541",3000,0,3000,162497
="3543",0,4000,-4000,-130899
="3545",719000,157107,561893,59323908
="3546",1000,0,1000,103000
="3548",1033,34000,-32967,-2623978
="3552",21000,11000,10000,2570500
="3557",0,1000,-1000,-90000
="3558",50,0,50,5565
="3563",0,1000,-1000,-286500
="3564",3000,1000,2000,51148
="3576",24439,49051,-24612,-336724
="3580",11000,10000,1000,52900
="3583",2000,0,2000,132599
="3587",2000,0,2000,183200
="3588",4000,1000,3000,192297
="3591",3000,0,3000,58400
="3596",1000,1000,0,500
="3597",80000,121,79879,2052891
="3605",1000,1000,0,-200
="3611",10000,0,10000,2015500
="3615",3000,0,3000,70450
="3622",1000,0,1000,34200
="3625",107000,89000,18000,384950
="3628",0,1000,-1000,-38599
="3630",0,1000,-1000,-52299
="3645",1075,0,1075,57856
="3646",1,0,1,22
="3653",27020,33000,-5980,-1902120
="3661",2000,17000,-15000,-11565000
="3665",32000,6000,26000,7202500
="3666",11000,0,11000,750299
="3669",1000,0,1000,71400
="3673",69100,45000,24100,1136848
="3679",0,1000,-1000,-109500
="3680",8108,8000,108,37158
="3682",5000,28000,-23000,-233600
="3691",47000,11000,36000,8507500
="3694",6000,1000,5000,146000
="3702",70000,8000,62000,2697148
="3703",41000,2000,39000,802450
="3704",417000,936000,-519000,-22832254
="3706",12400,0,12400,372167
="3707",828201,1184005,-355804,-16042982
="3708",2000,270012,-268012,-37991234
="3711",86210,707510,-621300,-62331495
="3714",34500,23000,11500,933998
="4104",221,1000,-779,-43468
="4105",4060,16000,-11940,-799080
="4108",0,1000,-1000,-27450
="4113",0,19000,-19000,-248150
="4114",50000,0,50000,1245499
="4119",10000,29050,-19050,-1949825
="4123",0,10000,-10000,-656098
="4128",3021,1000,2021,116617
="4141",200,0,200,2529
="4142",6000,55000,-49000,-2497899
="4152",1000,0,1000,61099
="4157",2000,14000,-12000,-246599
="4160",21,0,21,511
="4162",0,2000,-2000,-105000
="4163",0,1000,-1000,-96500
="4164",100,0,100,3795
="4167",10000,0,10000,316000
="4402",2,0,2,10
="4414",0,12000,-12000,-121449
="4430",270,0,270,6304
="4438",1000,0,1000,106000
="4526",100,0,100,1560
="4528",2000,2000,0,1199
="4530",0,2000,-2000,-25900
="4536",0,7000,-7000,-1120000
="4545",0,2000,-2000,-60849
="4549",100,1000,-900,-71050
="4551",7000,15000,-8000,-1435000
="4563",94000,3000,91000,3257800
="4566",22000,13000,9000,545900
="4568",0,1000,-1000,-69099
="4571",48000,12000,36000,3307299
="4576",34000,4000,30000,2880201
="4707",0,2385,-2385,-26811
="4721",1000,0,1000,66699
="4722",10000,10000,0,-1850
="4735",3000,1000,2000,188701
="4736",8000,0,8000,1469000
="4743",14185,17100,-2915,-548215
="4746",2000,0,2000,91099
="4760",65000,70000,-5000,-613500
="4763",4000,0,4000,499500
="4904",3000,0,3000,187199
="4906",35000,5000,30000,900901
="4909",1000,0,1000,20149
="4912",0,4000,-4000,-531000
="4915",237020,87000,150020,7767357
="4916",4000,2000,2000,46900
="4919",16500,12000,4500,217700
="4927",136050,8000,128050,8898039
="4934",1000,0,1000,28399
="4935",16000,0,16000,1734000
="4938",869150,228900,640250,49501559
="4942",4000,0,4000,151199
="4943",14000,6000,8000,669597
="4945",0,1000,-1000,-51400
="4950",30000,12000,18000,421049
="4952",1000,1000,0,-1200
="4956",1000,0,1000,20500
="4958",58100,6000,52100,6387750
="4960",10000,0,10000,109499
="4961",192080,6000,186080,27926900
="4966",5000,20000,-15000,-19405000
="4967",175000,124000,51000,2571097
="4968",24000,55000,-31000,-15420500
="4972",50,0,50,1450
="4974",0,2000,-2000,-109398
="4976",225000,202000,23000,2203702
="4977",5000,0,5000,575000
="4999",3000,0,3000,156899
="5009",300,0,300,4889
="5102",10000,0,10000,156499
="5211",100,164,-64,-989
="5212",2000,2000,0,-400
="5215",0,3000,-3000,-419500
="5220",1000,0,1000,40250
="5223",0,72000,-72000,-5247896
="5227",10000,9000,1000,20401
="5234",0,2000,-2000,-171199
="5243",184000,70000,114000,8035998
="5269",0,9000,-9000,-16875000
="5274",7010,8000,-990,-1870000
="5285",5000,6000,-1000,-67399
="5287",0,2000,-2000,-441000
="5289",1049,113,936,159644
="5299",0,2000,-2000,-252000
="5306",113200,18000,95200,18782379
="5314",2,0,2,12
="5315",0,1000,-1000,-15600
="5328",2000,11000,-9000,-124798
="5347",7020,549000,-541980,-65598060
="5351",1,0,1,22
="5355",2,0,2,13
="5356",1,0,1,27
="5371",151000,8000,143000,5605649
="5386",85000,12000,73000,5276701
="5388",5000,0,5000,383799
="5392",10021,10000,21,504
="5403",1000,1000,0,601
="5425",56000,12000,44000,2542096
="5426",47,0,47,502
="5434",16095,0,16095,1931495
="5443",4000,13000,-9000,-429800
="5452",5000,0,5000,61999
="5457",574000,16000,558000,57742800
="5469",0,2000,-2000,-88900
="5471",41000,91000,-50000,-3422596
="5474",1000,0,1000,179000
="5475",3,0,3,11
="5483",47000,205000,-158000,-26575500
="5488",13000,0,13000,91149
="5498",2000,0,2000,34700
="5521",0,10000,-10000,-98500
="5522",1000,10000,-9000,-497800
="5529",1000,0,1000,12100
="5530",0,108000,-108000,-5667999
="5534",0,3000,-3000,-240599
="5608",0,683000,-683000,-8200044
="5609",3000,0,3000,183599
="5701",1001,0,1001,2752
="5706",3000,0,3000,91800
="5820",1000,0,1000,12250
="5871",2015,2000,15,3102
="5871A",0,479,-479,-47579
="5876",3000,48,2952,124279
="5880",16006,30,15976,322164
="6005",4000,3000,1000,13549
="6015",117000,388000,-271000,-3850202
="6020",2000,2000,0,1200
="6023",0,69000,-69000,-3588000
="6024",0,2000,-2000,-76300
="6104",27000,21000,6000,456799
="6111",1000,0,1000,71800
="6113",5000,0,5000,65500
="6116",168000,578024,-410024,-5233003
="6118",10000,11000,-1000,-11199
="6121",1050,0,1050,390700
="6124",1000,0,1000,30200
="6125",25000,20000,5000,130549
="6127",78000,34000,44000,1151599
="6129",0,2000,-2000,-32799
="6138",2000,0,2000,172499
="6139",3000,2000,1000,32151
="6141",7000,0,7000,218999
="6147",40000,40000,0,26999
="6150",11000,14160,-3160,-350040
="6153",1044000,572240,471760,18369454
="6155",0,201124,-201124,-5546405
="6158",2000,0,2000,66500
="6160",0,2000,-2000,-27899
="6163",0,10000,-10000,-156000
="6164",5000,5000,0,-999
="6165",5000,0,5000,201849
="6167",10000,0,10000,80900
="6168",1000,0,1000,17850
="6169",1,0,1,28
="6173",2000,11000,-9000,-618700
="6175",3000,0,3000,115299
="6176",32300,330000,-297700,-35677500
="6180",12000,31000,-19000,-1262900
="6182",48000,94000,-46000,-2017297
="6183",0,1000,-1000,-47599
="6185",0,94,-94,-1250
="6187",40000,20090,19910,2221055
="6188",2000,0,2000,76500
="6190",0,10000,-10000,-175499
="6191",288000,187000,101000,2643847
="6195",1000,0,1000,51000
="6196",28000,11000,17000,2029000
="6201",1000,62000,-61000,-2679094
="6202",0,10000,-10000,-727998
="6205",1000,14000,-13000,-550400
="6207",2000,0,2000,59599
="6208",18000,74000,-56000,-2294849
="6209",0,5000,-5000,-184249
="6213",369000,2000,367000,53018500
="6214",0,2000,-2000,-172800
="6217",44000,39000,5000,183046
="6219",43000,0,43000,903000
="6220",1000,0,1000,25750
="6223",24000,60000,-36000,-4364500
="6224",42000,12000,30000,3594000
="6226",2000,2000,0,100
="6229",1000,0,1000,30299
="6230",29000,5000,24000,5581000
="6231",2000,3000,-1000,-106500
="6233",303000,236000,67000,2872203
="6235",20000,17000,3000,72300
="6237",22000,43000,-21000,-1988300
="6239",3000,3000,0,400
="6243",11001,6000,5001,87568
="6244",16000,17000,-1000,-33201
="6245",0,6000,-6000,-422899
="6247",0,200,-200,-2070
="6257",551000,29000,522000,25192554
="6261",5000,4000,1000,64296
="6265",0,7000,-7000,-57260
="6269",111000,25000,86000,10579500
="6271",390223,194266,195957,41505105
="6274",2000,0,2000,249000
="6276",15025,18000,-2975,-132546
="6278",50000,5000,45000,5622500
="6279",8000,26000,-18000,-2017000
="6281",0,100,-100,-7430
="6282",2000,4000,-2000,-58150
="6283",18000,39000,-21000,-931898
="6284",4000,8000,-4000,-321499
="6285",9000,7000,2000,153899
="6288",5000,5000,0,-249
="6290",26000,12000,14000,747699
="6409",0,1000,-1000,-1245000
="6411",2000,3000,-1000,-105000
="6414",202040,28196,173844,47430224
="6415",1007,4000,-2993,-8625095
="6416",3000,3001,-1,-6631
="6417",1000,12000,-11000,-805699
="6426",1000,0,1000,104000
="6432",0,2000,-2000,-79300
="6435",25000,1000,24000,3133000
="6441",16000,9000,7000,1067000
="6443",43062,341000,-297938,-11257137
="6449",1000,0,1000,59500
="6451",15600,9000,6600,978900
="6456",135000,210000,-75000,-9305000
="6457",6000,115000,-109000,-11961000
="6462",2000,0,2000,328000
="6470",1000,0,1000,52700
="6472",1000,0,1000,168500
="6486",1000,0,1000,85500
="6488",20003,280000,-259997,-185018885
="6492",3000,1000,2000,403000
="6494",0,1000,-1000,-58000
="6496",1118,1000,118,3219
="6504",34,0,34,6052
="6505",2000,1000,1000,103000
="6509",1000,0,1000,26299
="6510",0,3000,-3000,-2586000
="6512",34,0,34,499
="6516",0,7000,-7000,-561897
="6525",10000,7000,3000,212699
="6531",155000,75000,80000,50854000
="6533",6000,18000,-12000,-4395000
="6538",1,12000,-11999,-1950335
="6547",0,1000,-1000,-102500
="6552",1000,0,1000,57500
="6558",1000,0,1000,48799
="6569",0,1000,-1000,-129500
="6573",1000,1000,0,0
="6576",0,471,-471,-40280
="6589",7000,0,7000,291800
="6591",47000,41000,6000,398901
="6592",0,3000,-3000,-248400
="6593",1000,0,1000,25750
="6596",1000,0,1000,49599
="6603",3000,31000,-28000,-391648
="6605",9000,2000,7000,455099
="6613",1000,0,1000,139000
="6642",1000,0,1000,48400
="6643",0,3000,-3000,-1046000
="6654",1000,0,1000,59599
="6669",6000,4032,1968,1583424
="6672",5000,0,5000,337500
="6679",2000,5000,-3000,-790000
="6683",3000,7000,-4000,-1416500
="6698",5000,0,5000,233099
="6706",8000,6000,2000,329500
="6712",0,2000,-2000,-360000
="6715",1000,0,1000,126000
="6716",0,3000,-3000,-206800
="6732",26000,6135,19865,15434554
="6743",100,0,100,11900
="6756",0,15000,-15000,-4169000
="6803",100,0,100,22000
="711174",2000,0,2000,100
="711309",50000,0,50000,7500
="711517",11000,0,11000,11439
="711562",100000,0,100000,7999
="711607",0,40000,-40000,-7399
="711677",0,1000,-1000,-1100
="711700",11000,0,11000,39599
="711702",0,2000,-2000,-1500
="711896",4000,0,4000,1039
="712015",100000,1000,99000,88050
="712018",50000,307000,-257000,-166560
="712020",3000,20000,-17000,-29129
="712086",10000,0,10000,5000
="712147",10000,0,10000,7400
="712190",205000,0,205000,14350
="712194",0,94000,-94000,-10339
="712195",0,10000,-10000,-1000
="712264",0,34000,-34000,-58918
="712326",850000,381000,469000,288350
="712372",350000,10000,340000,235289
="712403",205000,16000,189000,154568
="712504",0,22000,-22000,-29590
="712605",60000,0,60000,40648
="712607",50000,0,50000,4500
="712609",2000,0,2000,400
="712610",120000,0,120000,34799
="712611",0,44000,-44000,-17199
="712612",25000,64000,-39000,-25150
="712615",0,7000,-7000,-7188
="712616",47000,32000,15000,31810
="712630",71000,20000,51000,19339
="712633",2000,100000,-98000,-49860
="712916",1109000,184000,925000,856722
="712918",0,10000,-10000,-1400
="712922",0,233000,-233000,-447774
="712923",5000,0,5000,2249
="712979",40000,0,40000,41999
="712980",38000,21000,17000,24177
="712981",91000,75000,16000,13742
="713037",0,95000,-95000,-40789
="713038",100000,0,100000,11999
="713040",5000,5000,0,200
="713042",495000,53000,442000,392531
="713074",5000,0,5000,2549
="713085",180000,2000,178000,82078
="713124",106000,149000,-43000,-79695
="713182",949000,198000,751000,426299
="713183",184000,303000,-119000,-163220
="713184",35000,195000,-160000,-58799
="713226",1000,10000,-9000,-10921
="713240",10000,50000,-40000,-20101
="713241",10000,3000,7000,1820
="713242",10000,0,10000,2700
="713317",0,95000,-95000,-59849
="713323",0,30000,-30000,-13800
="713327",900000,446000,454000,327987
="713349",0,80000,-80000,-97339
="713386",200000,0,200000,148000
="713388",12000,0,12000,3960
="713514",1691000,538000,1153000,404458
="713515",0,3000,-3000,-1229
="713545",100000,575000,-475000,-193848
="713587",205000,90000,115000,45539
="713588",35000,0,35000,10149
="713647",1000,10000,-9000,-3240
="713649",2000,0,2000,3180
="713651",23000,1000,22000,31368
="713653",0,80000,-80000,-46699
="713654",105000,0,105000,34599
="713675",1559000,315000,1244000,578251
="713676",6000,1000,5000,6010
="713677",0,499000,-499000,-49900
="713694",1000,0,1000,649
="713697",0,51000,-51000,-46410
="713820",1000,12000,-11000,-4470
="713821",2000,7000,-5000,-7229
="713833",0,4000,-4000,-9880
="713888",0,22000,-22000,-2919
="713939",0,120000,-120000,-40600
="713979",5000,0,5000,11100
="714011",50000,0,50000,10999
="714012",10000,0,10000,2399
="714030",0,100000,-100000,-69999
="714033",0,50000,-50000,-23499
="714034",0,125000,-125000,-78749
="714153",10000,688000,-678000,-1035405
="714154",0,570000,-570000,-101900
="714156",45000,0,45000,75149
="714212",2000,26000,-24000,-112677
="714213",31000,10000,21000,106337
="714214",0,2000,-2000,-6659
="714236",247000,0,247000,331447
="714237",15000,28000,-13000,-25019
="714238",4000,0,4000,3098
="714241",0,211000,-211000,-31439
="714272",221000,230000,-9000,-13834
="714320",5000,0,5000,3750
="714367",0,30000,-30000,-15299
="714384",27000,50000,-23000,-30930
="714386",0,20000,-20000,-4600
="714431",10000,182000,-172000,-131958
="714490",2000,0,2000,699
="714513",69000,21000,48000,42601
="714514",52000,0,52000,48439
="714516",10000,282000,-272000,-115917
="714517",17000,211000,-194000,-267934
="714518",102000,182000,-80000,-59238
="714620",85000,116000,-31000,-55191
="714621",14000,0,14000,57039
="714622",27000,50000,-23000,-41102
="714623",5000,0,5000,2000
="714685",50000,161000,-111000,-61960
="714712",342000,85000,257000,398660
="714714",110000,60000,50000,23000
="714741",1000,41000,-40000,-24420
="714742",0,10000,-10000,-9599
="714795",229000,183000,46000,44791
="714856",0,15000,-15000,-14029
="714857",0,20000,-20000,-12599
="714858",246000,218000,28000,21260
="714859",16000,112000,-96000,-79997
="714860",10000,91000,-81000,-120317
="714887",10000,13000,-3000,-1011
="714888",10000,0,10000,3100
="714889",0,68000,-68000,-38309
="714950",7000,21000,-14000,-34260
="714966",0,2000,-2000,-1879
="714995",0,51000,-51000,-34680
="715011",51000,520000,-469000,-313708
="715013",0,100000,-100000,-66000
="715067",48000,66000,-18000,-36438
="715068",0,1000,-1000,-2980
="715070",20000,0,20000,23399
="715071",9000,0,9000,18449
="715072",41000,968000,-927000,-1252487
="715073",3000,1000,2000,15099
="715115",100000,1062000,-962000,-722897
="715118",0,172000,-172000,-110448
="715159",238000,763000,-525000,-406868
="715160",0,54000,-54000,-28619
="715163",115000,170000,-55000,-195352
="715164",5000,50000,-45000,-134451
="715180",0,169000,-169000,-155379
="715181",0,50000,-50000,-137500
="715225",30000,0,30000,29700
="715239",10000,27000,-17000,-26558
="715250",110000,0,110000,156298
="715285",3000,61000,-58000,-63031
="715287",108000,56000,52000,51263
="715288",0,566000,-566000,-648347
="715290",1000,0,1000,340
="715327",7000,0,7000,6020
="715356",70000,0,70000,115499
="715417",0,13000,-13000,-31740
="715478",42000,373000,-331000,-257727
="715519",0,241000,-241000,-204850
="715520",125000,401000,-276000,-268970
="715534",0,110000,-110000,-201998
="715551",7000,0,7000,21839
="715552",22000,0,22000,57749
="715553",58000,660000,-602000,-523896
="715554",0,43000,-43000,-31820
="715555",0,148000,-148000,-140599
="715556",4000,4000,0,-2658
="715609",43000,129000,-86000,-146549
="715657",2000,104000,-102000,-117288
="715658",14000,80000,-66000,-69797
="715659",0,83000,-83000,-41669
="715661",18000,21000,-3000,-5180
="715662",36000,106000,-70000,-120841
="715691",0,127000,-127000,-109220
="715692",0,417000,-417000,-402889
="715693",17000,12000,5000,11158
="715694",17000,12000,5000,10029
="715743",10000,142000,-132000,-278679
="715780",14000,20000,-6000,-5840
="715813",54000,17000,37000,61562
="715815",1000,0,1000,2160
="715820",0,5000,-5000,-12150
="715850",13000,0,13000,13519
="715872",3000,0,3000,3419
="715901",44000,5000,39000,68299
="715935",328000,140000,188000,275169
="715972",0,22000,-22000,-62479
="716032",3000,6000,-3000,-3340
="716033",17000,123000,-106000,-87118
="716034",0,64000,-64000,-68079
="716035",1000,0,1000,2240
="716036",35000,4000,31000,45190
="716037",5000,11000,-6000,-9611
="716110",12000,8000,4000,5321
="716111",0,74000,-74000,-94267
="716112",5000,7000,-2000,-2890
="716137",2000,147000,-145000,-132199
="716171",63000,0,63000,45710
="716251",26000,0,26000,75799
="716295",44000,10000,34000,78366
="716296",19000,16000,3000,7954
="716297",36000,9000,27000,47709
="716298",128000,44000,84000,141940
="716299",0,83000,-83000,-93758
="716300",1000,0,1000,4750
="716347",0,5000,-5000,-6700
="716358",15000,50000,-35000,-80450
="716362",151000,150000,1000,-2499
="716368",8000,101000,-93000,-164457
="716369",150000,35000,115000,281963
="716370",128000,159000,-31000,-36002
="716432",0,93000,-93000,-100440
="716509",0,14000,-14000,-27160
="716590",0,5000,-5000,-6000
="716591",5000,5000,0,-50
="716592",1000,0,1000,1070
="716594",0,10000,-10000,-9798
="716595",5000,31000,-26000,-48670
="716596",11000,10000,1000,1598
="716668",30000,0,30000,69299
="716677",130000,33000,97000,112858
="716679",25000,11000,14000,18530
="716685",0,30000,-30000,-17399
="716718",0,20000,-20000,-19400
="716760",0,1000,-1000,-829
="716761",3000,11000,-8000,-7179
="716785",0,25000,-25000,-50999
="716816",580000,1623000,-1043000,-857237
="716837",18000,10000,8000,11100
="716838",25000,6000,19000,16100
="716890",0,258000,-258000,-387000
="716905",73000,78000,-5000,-4921
="716907",34000,163000,-129000,-116179
="716908",0,112000,-112000,-95678
="716933",0,50000,-50000,-148500
="716939",10000,0,10000,14900
="716954",87000,18000,69000,89870
="716955",0,2000,-2000,-1740
="716956",64000,1000,63000,51211
="716957",3000,0,3000,2069
="716958",1009000,288000,721000,789721
="716998",0,208000,-208000,-174719
="716999",37000,68000,-31000,-35530
="717000",41000,108000,-67000,-75142
="717013",0,17000,-17000,-16490
="717024",22000,0,22000,15819
="717037",0,20000,-20000,-17200
="717086",20000,66000,-46000,-38197
="717087",0,10000,-10000,-15800
="717088",1000,5000,-4000,-5570
="717101",2000,0,2000,1598
="717102",62000,60000,2000,2880
="717103",483000,335000,148000,205270
="717159",10000,0,10000,24800
="717192",48000,0,48000,402250
="717197",10000,0,10000,35599
="717203",47000,0,47000,77289
="717204",83000,308000,-225000,-355560
="717205",7000,0,7000,17639
="717208",309000,712000,-403000,-525898
="717209",11000,70000,-59000,-94930
="717210",135000,121000,14000,20571
="717305",200000,200000,0,0
="717307",0,210000,-210000,-124199
="717308",10000,3000,7000,6020
="717310",0,485000,-485000,-411656
="717333",15000,0,15000,36600
="717352",0,56000,-56000,-31919
="717353",425000,156000,269000,378271
="717354",519000,40000,479000,331510
="717356",160000,237000,-77000,-56149
="717358",72000,24000,48000,38299
="717359",0,64000,-64000,-44839
="717360",21000,30000,-9000,-8398
="717361",5000,15000,-10000,-8500
="717362",100000,0,100000,68000
="717363",5000,5000,0,101
="717364",2000,2000,0,0
="717459",57000,568000,-511000,-493978
="717460",0,101000,-101000,-87579
="717461",48000,8000,40000,46438
="717462",150000,0,150000,111900
="717464",136000,179000,-43000,-45468
="717465",40000,140000,-100000,-75079
="717466",107000,257000,-150000,-181947
="717467",147000,0,147000,102899
="717468",50000,65000,-15000,-8898
="717475",50000,0,50000,75798
="717476",8000,0,8000,14399
="717489",10000,0,10000,16100
="717513",50000,0,50000,42900
="717514",0,644000,-644000,-552516
="717515",0,325000,-325000,-291278
="717518",53000,742000,-689000,-626730
="717519",0,86000,-86000,-71437
="717520",0,158000,-158000,-106899
="717521",0,15000,-15000,-11699
="717523",388000,80000,308000,410340
="717524",84000,298000,-214000,-258007
="717525",109000,300000,-191000,-337582
="717526",32000,177000,-145000,-202885
="717531",230000,100000,130000,439000
="717566",5000,260000,-255000,-177098
="717568",5000,0,5000,3849
="717570",657000,999000,-342000,-468978
="717601",40000,62000,-22000,-14550
="717602",15000,15000,0,150
="717604",0,182000,-182000,-230818
="717605",31000,8000,23000,24480
="717606",25000,10000,15000,8600
="717607",31000,26000,5000,3141
="717608",0,4000,-4000,-2690
="717609",61000,60000,1000,-7951
="717610",0,25000,-25000,-16750
="717611",130000,0,130000,86800
="717636",0,338000,-338000,-216287
="717639",630000,145000,485000,433712
="717640",7000,30000,-23000,-32071
="717641",0,50000,-50000,-97000
="717687",0,3000,-3000,-2459
="717688",0,40000,-40000,-39599
="717689",0,30000,-30000,-38699
="73597P",0,200000,-200000,-100000
="73604P",0,14000,-14000,-18840
="73653P",1000,0,1000,769
="73654P",0,4000,-4000,-2319
="73655P",10000,6000,4000,2250
="73686P",10000,0,10000,11100
="73693P",16000,0,16000,44000
="73700P",30000,0,30000,10200
="73713P",0,100000,-100000,-49999
="73717P",23000,128000,-105000,-117488
="73729P",0,24000,-24000,-29520
="73731P",1000,3000,-2000,-3260
="73740P",0,53000,-53000,-60408
="73748P",0,1000,-1000,-1850
="73755P",2000,0,2000,2180
="73774P",0,27000,-27000,-38970
="73781P",140000,40000,100000,93100
="73796P",500000,70000,430000,182500
="73799P",6000,90000,-84000,-45800
="73803P",291000,485000,-194000,-191271
="73804P",30000,25000,5000,3151
="73805P",47000,116000,-69000,-51791
="73809P",0,15000,-15000,-16550
="8011",51000,46000,5000,137702
="8016",13050,25000,-11950,-2047400
="8021",1000,3000,-2000,-58449
="8027",1000,8000,-7000,-667398
="8028",7000,1000,6000,334898
="8040",1,5000,-4999,-110727
="8044",74000,5000,69000,6267494
="8046",122000,233000,-111000,-24174500
="8054",2000,0,2000,44149
="8064",3000,0,3000,49450
="8067",1,0,1,9
="8068",0,2000,-2000,-52799
="8069",5100,181000,-175900,-8001347
="8070",4000,5000,-1000,-30900
="8076",2002,1000,1002,30359
="8081",8001,2000,6001,1070677
="8086",303000,213000,90000,13932500
="8088",4000,10000,-6000,-179500
="8089",2000,5000,-3000,-126900
="8093",122000,3000,119000,1447050
="8096",207000,207000,0,-7550
="8099",0,15000,-15000,-404399
="8103",2001,1000,1001,35935
="8105",0,1000,-1000,-12100
="8107",4000,120000,-116000,-2730896
="8110",19000,61000,-42000,-583051
="8111",0,2000,-2000,-32500
="8112",5001,8000,-2999,-106266
="8121",1,0,1,20
="8131",0,1000,-1000,-38799
="8150",10000,28000,-18000,-658000
="8163",3001,5000,-1999,-90955
="8171",2001,1000,1001,46843
="8176",158,0,158,1482
="8183",44001,26000,18001,407575
="8213",0,1000,-1000,-45500
="8215",3000,4000,-1000,-27500
="8234",6000,0,6000,149100
="8261",20050,15000,5050,274039
="8271",5001,0,5001,210792
="8277",1,0,1,10
="8279",0,1000,-1000,-107500
="8299",14000,16140,-2140,-855160
="8341",0,50,-50,-11560
="8349",7000,2000,5000,378000
="8358",39000,110000,-71000,-3674700
="8390",10000,0,10000,317000
="8404",0,2000,-2000,-58799
="8421",53,0,53,503
="8423",0,657,-657,-10942
="8436",3032,4000,-968,-191196
="8440",2000,0,2000,32099
="8443",250,0,250,2950
="8454",7000,8000,-1000,-699000
="8462",0,1000,-1000,-150000
="8488",0,105000,-105000,-1541745
="8926",0,1000,-1000,-38349
="8929",1117,0,1117,23529
="8933",137,0,137,1493
="8935",11000,0,11000,86727
="8936",1,4000,-3999,-93526
="8996",1,0,1,61
="9103",21000,0,21000,578298
="9105",505000,0,505000,1969400
="911868",0,201000,-201000,-309066
="912000",1000,0,1000,2900
="912398",1200,990,210,887
="9902",1,3000,-2999,-34039
="9904",126000,603000,-477000,-13913848
="9907",5000,0,5000,56250
="9910",1000,44000,-43000,-8041000
="9911",1,60000,-59999,-3072047
="9912",1,0,1,9
="9914",195000,93000,102000,28015500
="9917",1,0,1,88
="9919",4000,4000,0,-1201
="9921",10230,27000,-16770,-4720995
="9933",3000,0,3000,110850
="9934",0,93000,-93000,-1404849
="9938",163000,22200,140800,11166706
="9939",0,2000,-2000,-120599
="9942",15000,0,15000,1057500
="9945",16000,18000,-2000,-81351
="9949",1000,500,500,5799
="9955",5000,0,5000,97500
="9958",32000,15000,17000,1770500
