="0050",163131,42080,121051,15386130
="0052",0,5000,-5000,-581749
="0056",0,14000,-14000,-422026
="0061",5000,15000,-10000,-250929
="006205",31000,2000,29000,1161770
="006208",252110,250100,2010,145945
="00631L",0,4000,-4000,-388499
="00632R",1416000,464000,952000,6510229
="00633L",0,151000,-151000,-11744848
="00635U",4000,0,4000,104040
="00637L",237000,56000,181000,5583921
="00638R",140000,0,140000,1050270
="00639",35000,0,35000,631278
="00640L",3000,0,3000,75980
="00642U",36000,47000,-11000,-94539
="00643",1000,1000,0,-150
="00646",150,0,150,4828
="00652",1000,0,1000,24319
="00664R",250000,2000,248000,1912231
="00669R",25000,0,25000,228400
="00673R",0,41000,-41000,-955456
="00677U",104000,1822000,-1718000,-6957262
="00679B",1000,485000,-484000,-21067987
="00682U",0,54000,-54000,-961237
="00683L",0,62000,-62000,-1008600
="00684R",5000,0,5000,96649
="00687B",0,43000,-43000,-1966684
="00688L",50000,50000,0,0
="00689R",50000,50000,0,0
="00692",30,4000,-3970,-124939
="00693U",0,118000,-118000,-2460178
="00694B",50000,50000,0,0
="00695B",50000,66000,-16000,-617548
="00696B",100000,241000,-141000,-6445318
="00697B",50000,50000,0,0
="00701",70,5000,-4930,-107721
="00708L",19000,0,19000,588947
="00714",1000,0,1000,18059
="00715L",27000,46000,-19000,-94361
="00717",33000,0,33000,551089
="00718B",108000,100000,8000,157839
="00719B",50000,50000,0,0
="00720B",50000,106000,-56000,-2517578
="00721B",50000,50000,0,0
="00722B",60000,63000,-3000,-142548
="00723B",50000,52000,-2000,-88729
="00724B",55000,58000,-3000,-131520
="00733",100000,100000,0,0
="00738U",22000,0,22000,621986
="00740B",0,3000,-3000,-144450
="00746B",0,9000,-9000,-413159
="00751B",0,141000,-141000,-6571652
="00752",96000,0,96000,2876127
="00754B",50000,50000,0,0
="00755B",53000,59000,-6000,-274158
="00756B",51000,53000,-2000,-95381
="00759B",0,2000,-2000,-144349
="00762",54000,55000,-1000,-32168
="00763U",2000,0,2000,48190
="00764B",50000,52000,-2000,-90930
="00765B",50000,50000,0,0
="00771",3000,11000,-8000,-151750
="00772B",1000,45000,-44000,-2035306
="00773B",71000,78000,-7000,-329759
="00785B",0,1000,-1000,-44450
="00786B",0,12000,-12000,-514499
="00787B",0,2000,-2000,-88160
="00788B",0,2000,-2000,-85220
="00795B",70000,101000,-31000,-1366606
="00796B",70000,70000,0,0
="00830",0,7000,-7000,-176048
="00846B",1000,0,1000,38599
="00847B",65000,80000,-15000,-552809
="00848B",70000,70000,0,0
="00849B",70000,70000,0,0
="00850",3000,49000,-46000,-1408058
="00852L",0,5000,-5000,-83599
="00861",50,0,50,1335
="00862B",70000,70000,0,0
="00863B",70000,71000,-1000,-40139
="00864B",70000,70000,0,0
="00869B",0,5000,-5000,-196149
="00870B",50000,53000,-3000,-121059
="00871B",125000,50000,75000,2955749
="00875",1000,0,1000,29940
="00876",7050,2000,5050,135953
="00877",0,4000,-4000,-55298
="00878",0,17335,-17335,-280999
="00881",18000,40000,-22000,-354098
="020003",1000,10000,-9000,-126399
="020011",8000,8000,0,-260
="020015",1000,0,1000,13500
="020018",29000,6000,23000,280618
="020019",130000,78000,52000,650669
="02001B",0,5000,-5000,-49800
="020020",2000,0,2000,12340
="020021",601000,2617000,-2016000,-21032017
="020022",1000,0,1000,5289
="03050P",0,27000,-27000,-269
="03051P",108000,0,108000,66960
="03244P",0,15000,-15000,-599
="03395P",3000,0,3000,3360
="03396P",224000,35000,189000,25459
="03423P",12000,0,12000,119
="03572P",150000,150000,0,1501
="03799P",0,100000,-100000,-7000
="04126P",29000,3000,26000,34169
="04174P",499000,0,499000,84830
="04223P",0,20000,-20000,-7799
="04253P",0,200000,-200000,-83498
="04512P",45000,0,45000,7199
="04513P",64000,54000,10000,8801
="04575P",30000,0,30000,1199
="04594P",205000,0,205000,169518
="04674P",10000,30000,-20000,-6199
="04686P",0,10000,-10000,-14800
="04729P",299000,0,299000,323009
="04826P",47000,0,47000,73989
="04828P",0,10000,-10000,-2500
="04861P",32000,0,32000,31680
="04985P",30000,2000,28000,11460
="05006P",0,90000,-90000,-94197
="05067P",0,130000,-130000,-34399
="05070P",20000,0,20000,24000
="05103P",43000,0,43000,30529
="05104P",30000,0,30000,23800
="05128P",110000,40000,70000,78470
="05132P",0,50000,-50000,-41999
="05143P",14000,0,14000,14139
="05144P",0,86000,-86000,-61889
="05147P",0,50000,-50000,-74000
="05161P",5000,211000,-206000,-218786
="05237P",56000,0,56000,56559
="05297P",25000,48000,-23000,-27679
="05298P",0,2000,-2000,-1100
="05299P",10000,12000,-2000,-1952
="05300P",91000,0,91000,109780
="05342P",36000,15000,21000,23691
="05422P",1113000,739000,374000,165787
="05447P",10000,0,10000,2099
="05481P",59000,29000,30000,28841
="05482P",44000,20000,24000,21250
="05500P",113000,0,113000,107349
="05570P",30000,0,30000,39299
="05594P",86000,5000,81000,78028
="05595P",80000,59000,21000,33854
="05632P",24000,22000,2000,1641
="05697P",3201000,1270000,1931000,1921128
="05698P",308000,155000,153000,122802
="05699P",153000,163000,-10000,-36089
="05706P",117000,55000,62000,58898
="05707P",20000,3000,17000,34199
="061087",160000,160000,0,0
="061289",0,20000,-20000,-14600
="061292",0,4000,-4000,-3370
="062122",23000,0,23000,18849
="062220",11000,0,11000,2189
="062416",1000,0,1000,670
="062422",30000,0,30000,26399
="062427",13000,0,13000,19669
="062526",0,1000,-1000,-2410
="062527",135000,0,135000,11299
="062681",40000,0,40000,19599
="062806",1000,0,1000,5400
="063051",2000,0,2000,1179
="063057",361000,109000,252000,207637
="063133",22000,0,22000,27060
="063145",0,15000,-15000,-7799
="063201",64000,24000,40000,40540
="063347",25000,0,25000,16648
="063436",20000,11000,9000,11519
="063440",0,7000,-7000,-24080
="063444",22000,5000,17000,17129
="063450",0,30000,-30000,-40799
="063452",3000,11000,-8000,-16327
="063536",50000,0,50000,43500
="063662",20000,26000,-6000,-5459
="063665",10000,0,10000,22000
="063926",30000,0,30000,47700
="063927",0,1000,-1000,-629
="064039",0,54000,-54000,-133317
="064055",696000,0,696000,177519
="064137",0,40000,-40000,-12799
="064152",72000,0,72000,110379
="064241",6000,0,6000,5620
="064243",2000,0,2000,460
="064444",0,30000,-30000,-16299
="064447",76000,124000,-48000,-43618
="064455",2000,0,2000,419
="064459",6000,0,6000,18439
="064461",400000,0,400000,3999
="064465",60000,60000,0,0
="064596",115000,0,115000,12649
="064710",0,27000,-27000,-24900
="064711",0,22000,-22000,-33768
="064712",40000,0,40000,23098
="064713",3000,100000,-97000,-64081
="064714",42000,0,42000,24359
="064719",5000,0,5000,24000
="064822",20000,0,20000,132248
="064826",4000,0,4000,7698
="064829",117000,14000,103000,40261
="064832",1000,0,1000,159
="064911",10000,0,10000,3220
="064914",51000,0,51000,61810
="064915",1000,0,1000,379
="064916",240000,0,240000,60000
="064917",121000,88000,33000,30763
="064919",120000,0,120000,30999
="064926",50000,10000,40000,3500
="064927",1000,19000,-18000,-12610
="064928",0,5000,-5000,-799
="064929",3000,0,3000,1500
="064935",5000,0,5000,2559
="065036",3000,0,3000,16349
="065185",60000,10000,50000,21800
="065186",1000,30000,-29000,-14839
="065297",46000,5000,41000,31730
="065344",40000,0,40000,88400
="065345",12000,0,12000,719
="065346",0,99000,-99000,-23759
="065451",7000,250000,-243000,-73259
="065532",0,10000,-10000,-1599
="065533",15000,0,15000,3999
="065539",60000,98000,-38000,-4129
="065541",120000,120000,0,-400
="065677",1000,0,1000,1970
="065679",177000,94000,83000,384542
="065683",4000,7000,-3000,-1520
="065685",76000,60000,16000,7399
="065686",0,25000,-25000,-3999
="065888",20000,0,20000,64400
="065889",271000,0,271000,503778
="065890",5000,1000,4000,43499
="065895",10000,0,10000,2700
="065945",160000,0,160000,448118
="065950",43000,22000,21000,16159
="065952",30000,0,30000,54599
="065954",140000,0,140000,2799
="065957",0,10000,-10000,-5099
="065999",498000,0,498000,9959
="066009",29000,0,29000,50539
="066197",0,30000,-30000,-62099
="066198",56000,134000,-78000,-67016
="066203",175000,606000,-431000,-282120
="066204",0,20000,-20000,-16799
="066205",68000,11000,57000,38001
="066213",30000,0,30000,7799
="066216",1000,0,1000,6050
="066217",169000,10000,159000,101639
="066218",2000,22000,-20000,-17090
="066456",13000,1000,12000,5209
="066458",0,30000,-30000,-24899
="066460",7000,0,7000,2499
="066524",0,21000,-21000,-29328
="066525",22000,116000,-94000,-89231
="066526",358000,1305000,-947000,-674267
="066694",0,5000,-5000,-12000
="066934",30000,0,30000,1199
="067143",100000,250000,-150000,-484000
="067144",0,10000,-10000,-19400
="067147",1000,17000,-16000,-116350
="067149",671000,50000,621000,483758
="067150",906000,979000,-73000,82888
="067151",43000,1000,42000,32770
="067152",10000,0,10000,4199
="067156",0,8000,-8000,-2079
="067157",2000,10000,-8000,-1040
="067276",1014000,153000,861000,331561
="067368",0,52000,-52000,-18219
="067369",665000,0,665000,167999
="067370",21000,167000,-146000,-179171
="067371",410000,0,410000,479699
="067372",198000,40000,158000,152399
="067373",0,10000,-10000,-10700
="067378",0,5000,-5000,-18450
="067504",725000,0,725000,1922698
="067510",110000,531000,-421000,-209029
="067515",5000,1000,4000,670
="067638",2000,5000,-3000,-12949
="067642",1000,0,1000,689
="067709",5000,0,5000,399
="067767",5000,0,5000,12599
="067768",140000,0,140000,282799
="067769",200000,1000,199000,380081
="067770",2000,8000,-6000,-33799
="067772",2000,0,2000,159
="067774",130000,0,130000,24699
="067775",0,782000,-782000,-101258
="067832",5000,30000,-25000,-52399
="067834",0,23000,-23000,-143199
="067837",0,49000,-49000,-3430
="068045",0,2000,-2000,-2180
="068046",123000,0,123000,666446
="068048",0,1033000,-1033000,-317030
="068057",20000,0,20000,13600
="068097",10000,0,10000,36500
="068128",3000,50000,-47000,-148161
="068129",35000,0,35000,15428
="068130",0,100000,-100000,-38999
="068131",10000,0,10000,11699
="068217",467000,303000,164000,307719
="068219",9000,3000,6000,8850
="068220",994000,901000,93000,101880
="068221",270000,46000,224000,209560
="068224",0,131000,-131000,-19418
="068364",10000,0,10000,28199
="068383",250000,211000,39000,92241
="068386",22000,20000,2000,3011
="068387",41000,52000,-11000,-28600
="068389",20000,20000,0,-299
="068390",334000,260000,74000,68061
="068391",0,24000,-24000,-3450
="068392",7000,0,7000,12669
="068396",1000,103000,-102000,-416202
="068510",10000,11000,-1000,-3670
="068511",698000,209000,489000,794100
="068514",5000,10000,-5000,-2801
="068516",0,1794000,-1794000,-579739
="068519",30000,0,30000,71098
="068521",0,11000,-11000,-3539
="068525",35000,0,35000,27650
="068592",5000,196000,-191000,-283498
="068593",26000,31000,-5000,-10741
="068594",7000,23000,-16000,-41389
="068595",5000,23000,-18000,-45619
="068665",6000,0,6000,24719
="068669",30000,8000,22000,23161
="068670",449000,116000,333000,221950
="068671",8000,0,8000,18429
="068672",100000,0,100000,11999
="068673",51000,144000,-93000,-86825
="068674",37000,125000,-88000,-37351
="068764",6000,13000,-7000,-22159
="068765",0,1000,-1000,-1289
="068766",10000,1000,9000,12548
="068767",7000,17000,-10000,-29128
="068768",10000,1000,9000,25360
="068769",330000,235000,95000,10927
="068771",0,770000,-770000,-77818
="068834",30000,0,30000,6000
="068844",6000,11000,-5000,-11380
="068845",5000,1000,4000,7079
="068846",5000,11000,-6000,-10780
="068847",0,1000,-1000,-2509
="068848",46000,1000,45000,71170
="068852",1426000,277000,1149000,435509
="068854",0,49000,-49000,-4410
="068882",13000,51000,-38000,-66527
="068883",4000,10000,-6000,-13039
="068884",0,10000,-10000,-1000
="068886",1000,0,1000,3779
="069030",0,142000,-142000,-174389
="069035",30000,0,30000,7700
="069040",20000,2000,18000,12360
="069091",0,50000,-50000,-30000
="069094",388000,0,388000,309617
="069095",1295000,185000,1110000,1359553
="069097",0,5000,-5000,-1749
="069099",352000,96000,256000,265760
="069103",0,10000,-10000,-1299
="069106",23000,53000,-30000,-50932
="069190",71000,98000,-27000,-21899
="069192",8000,0,8000,2160
="069193",698000,277000,421000,192701
="069397",45000,42000,3000,3139
="069404",800000,0,800000,121999
="069406",5000,0,5000,5649
="069407",7000,12000,-5000,-18879
="069409",30000,0,30000,20100
="069411",400000,13000,387000,140770
="069412",0,81000,-81000,-40338
="069414",3031000,1339000,1692000,936891
="069415",0,10000,-10000,-5000
="069416",347000,21000,326000,115389
="069448",287000,55000,232000,146539
="069449",161000,935000,-774000,-221760
="069453",21000,10000,11000,24959
="069544",0,5000,-5000,-1500
="069612",0,2000,-2000,-4900
="069616",3000,2000,1000,4140
="069617",11000,13000,-2000,-8260
="069618",10000,3000,7000,2269
="069619",0,14000,-14000,-16979
="069622",116000,0,116000,121536
="069691",5654000,3230000,2424000,2430976
="069693",241000,6000,235000,156469
="069698",0,1000,-1000,-5800
="069823",58000,321000,-263000,-105950
="069927",80000,270000,-190000,-96201
="069930",68000,91000,-23000,-12362
="069936",6000,5000,1000,2881
="070127",55000,11000,44000,63680
="070130",0,50000,-50000,-16500
="070133",222000,395000,-173000,-142698
="070134",0,85000,-85000,-22099
="070135",0,50000,-50000,-30000
="070136",1085000,339000,746000,427208
="070138",120000,2000,118000,58440
="070141",400000,435000,-35000,-22001
="070146",5000,3000,2000,2501
="070147",529000,822000,-293000,-352173
="070148",280000,119000,161000,73220
="070234",31000,0,31000,72849
="070245",1000,250000,-249000,-268968
="070250",105000,511000,-406000,-408217
="070251",0,30000,-30000,-2799
="070252",1034000,782000,252000,157730
="070255",555000,1105000,-550000,-114999
="070258",1000,0,1000,330
="070318",2200000,0,2200000,351999
="070371",20000,20000,0,599
="070372",1000,0,1000,1309
="070376",37000,14000,23000,11519
="070428",15000,0,15000,37050
="070430",15000,80000,-65000,-47801
="070431",12000,43000,-31000,-28311
="070444",89000,32000,57000,12220
="070445",20000,90000,-70000,-41297
="070530",30000,0,30000,25800
="070531",62000,10000,52000,18821
="070533",111000,81000,30000,2790
="070536",0,2000,-2000,-1480
="070539",93000,12000,81000,60870
="070541",10000,0,10000,14500
="070606",29000,40000,-11000,-3209
="070607",10000,0,10000,31400
="070608",82000,60000,22000,11815
="070609",0,20000,-20000,-14800
="070735",0,2000,-2000,-1100
="070812",0,20000,-20000,-10800
="070857",167000,453000,-286000,-224058
="070858",40000,12000,28000,12181
="070859",10000,0,10000,4000
="070860",1142000,1792000,-650000,-165750
="070862",9000,395000,-386000,-130589
="070864",110000,61000,49000,16561
="070867",23000,551000,-528000,-206779
="070913",85000,0,85000,173399
="071124",10000,0,10000,7099
="071125",12000,0,12000,63100
="071126",5000,1000,4000,9239
="071129",0,10000,-10000,-16599
="071131",15000,0,15000,6000
="071206",4000,2000,2000,28200
="071210",0,1000,-1000,-10699
="071214",0,11000,-11000,-24878
="071215",0,1000,-1000,-2329
="071217",0,5000,-5000,-3100
="071218",111000,30000,81000,43989
="071220",75000,762000,-687000,-158270
="071221",28000,80000,-52000,-61680
="071222",1000,3000,-2000,-2010
="071223",5000,21000,-16000,-17510
="071224",1000,0,1000,1330
="071226",0,181000,-181000,-161819
="071319",1000,26000,-25000,-74049
="071320",4000,0,4000,19590
="071321",50000,41000,9000,5190
="071323",29000,7000,22000,40050
="071324",0,100000,-100000,-57999
="071326",0,5000,-5000,-6700
="071327",0,499000,-499000,-49900
="071331",170000,17000,153000,96779
="071334",13000,186000,-173000,-156909
="071445",11000,0,11000,26290
="071446",219000,84000,135000,107989
="071447",10000,25000,-15000,-6900
="071448",0,9000,-9000,-13978
="071457",40000,0,40000,57199
="071541",100000,0,100000,60000
="071567",0,81000,-81000,-59940
="071569",6000,4000,2000,1680
="071571",0,15000,-15000,-6900
="071572",1000,20000,-19000,-10739
="071709",0,100000,-100000,-23000
="071710",11000,190000,-179000,-85429
="071843",18000,1000,17000,71768
="071845",0,111000,-111000,-64269
="071887",214000,0,214000,576620
="071890",11000,11000,0,-881
="072046",203000,4000,199000,876888
="072047",0,11000,-11000,-27719
="072112",1000,0,1000,9850
="072121",170000,20000,150000,72200
="072122",296000,66000,230000,333051
="072300",10000,9000,1000,0
="072306",10000,250000,-240000,-234018
="072308",75000,30000,45000,11500
="072309",0,25000,-25000,-11948
="072310",0,10000,-10000,-2899
="072312",0,20000,-20000,-6000
="072403",22000,14000,8000,26539
="072404",120000,1000,119000,170517
="072409",31000,103000,-72000,-79899
="072410",31000,126000,-95000,-62339
="072412",0,188000,-188000,-144578
="072534",5000,0,5000,4050
="072556",25000,10000,15000,23149
="072557",0,21000,-21000,-26469
="072559",0,446000,-446000,-635077
="072560",192000,120000,72000,62861
="072561",6000,0,6000,6359
="072562",85000,275000,-190000,-196301
="072566",112000,20000,92000,85759
="072568",0,31000,-31000,-36649
="072625",50000,10000,40000,6199
="072628",0,2000,-2000,-9680
="072632",10000,0,10000,46399
="072633",0,4000,-4000,-5119
="072634",35000,0,35000,31850
="072635",166000,0,166000,122640
="072638",0,88000,-88000,-70400
="072639",0,1000,-1000,-3269
="072710",66000,51000,15000,53029
="072712",5000,0,5000,17300
="072808",20000,0,20000,54800
="072810",15000,0,15000,50840
="072812",20000,1000,19000,33320
="072813",111000,316000,-205000,-301911
="072884",0,1000,-1000,-13000
="072964",810000,410000,400000,411531
="072967",10000,0,10000,22200
="072968",230000,524000,-294000,-387109
="072969",10000,0,10000,35299
="072971",11000,130000,-119000,-331459
="072972",0,56000,-56000,-77906
="072973",0,15000,-15000,-15929
="073027",363000,98000,265000,208782
="073031",400000,203000,197000,69550
="073032",39000,385000,-346000,-243069
="073035",978000,412000,566000,590400
="073036",0,17000,-17000,-14460
="073037",100000,348000,-248000,-82841
="073038",11000,0,11000,12889
="073039",30000,30000,0,-400
="073040",0,50000,-50000,-61800
="073095",19000,6000,13000,27661
="073096",0,10000,-10000,-5799
="073097",0,20000,-20000,-11599
="073100",0,170000,-170000,-120699
="073102",0,157000,-157000,-120869
="073103",0,88000,-88000,-59840
="073104",0,99000,-99000,-98587
="073105",425000,257000,168000,124472
="073106",0,250000,-250000,-167590
="073377",0,328000,-328000,-329878
="073378",100000,0,100000,74000
="073382",11000,1000,10000,16299
="073383",0,26000,-26000,-48668
="073388",18000,19000,-1000,-1129
="073390",27000,100000,-73000,-60779
="073487",0,446000,-446000,-401399
="073489",69000,2000,67000,195950
="073492",5000,5000,0,-550
="073493",0,50000,-50000,-67500
="073495",153000,145000,8000,8060
="073496",5000,0,5000,5749
="073497",13000,3000,10000,37079
="073498",30000,0,30000,20100
="073499",5000,0,5000,4250
="073500",15000,11000,4000,4129
="073502",80000,1099000,-1019000,-410569
="073503",0,20000,-20000,-10399
="073615",0,46000,-46000,-125090
="073616",139000,33000,106000,343771
="073678",899000,0,899000,607320
="073741",1000,4000,-3000,-6149
="073742",5000,0,5000,19750
="073743",1000,5000,-4000,-6671
="073744",15000,21000,-6000,-5600
="073745",1000,33000,-32000,-60229
="073747",170000,177000,-7000,-10630
="073748",0,20000,-20000,-39000
="073808",1000,12000,-11000,-17049
="073809",2000,0,2000,1100
="073811",0,117000,-117000,-159859
="073813",43000,30000,13000,16591
="073859",0,15000,-15000,-12000
="073982",41000,73000,-32000,-40429
="073984",16000,29000,-13000,-18168
="073986",1000,0,1000,3549
="074060",156000,69000,87000,163829
="074062",0,7000,-7000,-19599
="074065",16000,8000,8000,8751
="074066",7000,10000,-3000,-3060
="074067",46000,201000,-155000,-293020
="074068",42000,144000,-102000,-156677
="074069",0,13000,-13000,-13779
="074107",300000,0,300000,430999
="074167",5000,42000,-37000,-79600
="074168",40000,109000,-69000,-85981
="074170",8000,0,8000,8800
="074171",20000,0,20000,11799
="074195",2000,0,2000,2500
="074257",16000,25000,-9000,-8649
="074258",12000,0,12000,17910
="074344",1000,16000,-15000,-40160
="074345",0,140000,-140000,-81199
="074347",1452000,1470000,-18000,-128787
="074349",51000,26000,25000,32927
="074350",29000,100000,-71000,-78661
="074351",20000,25000,-5000,-5550
="074352",1000,10000,-9000,-3150
="074353",0,16000,-16000,-25059
="074354",31000,297000,-266000,-521492
="074391",0,3000,-3000,-2910
="074444",6000,134000,-128000,-348398
="074447",23000,12000,11000,11360
="074448",20000,70000,-50000,-34702
="074449",92000,3000,89000,229069
="074450",0,25000,-25000,-27550
="074451",12000,0,12000,23079
="074453",0,63000,-63000,-52458
="074454",110000,15000,95000,100258
="074455",10000,0,10000,5600
="074497",8000,0,8000,13520
="074498",1000,0,1000,759
="074499",0,220000,-220000,-57199
="074535",30000,0,30000,117000
="074562",0,10000,-10000,-9599
="074679",0,1000,-1000,-4789
="074680",206000,24000,182000,329808
="074681",50000,243000,-193000,-310800
="074684",0,20000,-20000,-70398
="074685",51000,77000,-26000,-88318
="074686",0,35000,-35000,-126057
="074687",9000,339000,-330000,-527747
="074689",23000,0,23000,64577
="074690",30000,87000,-57000,-155071
="074758",5000,4000,1000,911
="074787",5000,0,5000,8899
="074788",5000,40000,-35000,-144199
="074789",2000,8000,-6000,-20168
="074790",19000,243000,-224000,-414457
="074791",0,36000,-36000,-52130
="074794",1000,167000,-166000,-412419
="074796",0,61000,-61000,-160399
="074798",0,22000,-22000,-74469
="074800",5000,1000,4000,9380
="074802",34000,21000,13000,22860
="074803",4000,6000,-2000,-3799
="074804",3000,71000,-68000,-98311
="074806",25000,35000,-10000,-25549
="074807",55000,20000,35000,62500
="074810",0,52000,-52000,-73638
="074811",35000,0,35000,50199
="074812",21000,100000,-79000,-89270
="074814",9000,0,9000,27359
="074818",0,1000,-1000,-2019
="074819",10000,0,10000,12799
="074833",15000,0,15000,19349
="074895",11000,9000,2000,5141
="074896",0,2000,-2000,-3180
="074900",5000,0,5000,9499
="074903",0,1000,-1000,-1100
="074906",8000,10000,-2000,-980
="074907",13000,13000,0,-1818
="074908",41000,30000,11000,12558
="075049",268000,0,268000,443978
="075050",0,17000,-17000,-18870
="075051",0,5000,-5000,-8409
="075052",33000,11000,22000,65560
="075054",0,17000,-17000,-35359
="075066",3000,0,3000,8940
="075167",20000,1000,19000,32650
="075168",0,20000,-20000,-59699
="075170",24000,0,24000,62159
="075172",0,265000,-265000,-498298
="075173",7000,0,7000,13090
="075240",27000,0,27000,69318
="075243",0,155000,-155000,-303438
="075245",0,7000,-7000,-12810
="075396",0,143000,-143000,-143278
="075397",417000,40000,377000,1229360
="075398",0,5000,-5000,-22349
="075399",0,25000,-25000,-26569
="075400",15000,121000,-106000,-259194
="075401",50000,60000,-10000,-29900
="075404",54000,98000,-44000,-81638
="075405",120000,120000,0,639
="075407",100000,20000,80000,207399
="075408",0,155000,-155000,-162098
="075409",4000,101000,-97000,-72261
="075412",0,75000,-75000,-49699
="075513",158000,24000,134000,234136
="075516",0,20000,-20000,-16399
="075517",0,39000,-39000,-118899
="075617",0,8000,-8000,-6880
="075640",1000,0,1000,3710
="075641",0,205000,-205000,-195528
="075642",80000,80000,0,-2101
="075652",200000,0,200000,401999
="075691",2000,20000,-18000,-67601
="075693",125000,73000,52000,152960
="075694",0,64000,-64000,-48119
="075697",82000,125000,-43000,-64590
="075698",0,27000,-27000,-24529
="075699",73000,0,73000,195070
="075700",80000,22000,58000,95799
="075759",0,20000,-20000,-105000
="075785",150000,0,150000,495498
="075828",148000,34000,114000,168150
="075829",0,6000,-6000,-6899
="075831",14000,0,14000,20580
="075864",20000,0,20000,84898
="075964",111000,141000,-30000,-102140
="075966",6000,16000,-10000,-22050
="075968",6000,22000,-16000,-61626
="075969",20000,61000,-41000,-30960
="075970",16000,5000,11000,15750
="075971",0,15000,-15000,-41099
="075972",229000,1000,228000,248409
="076055",263000,244000,19000,13344
="076057",2495000,40000,2455000,2637629
="076058",0,1000,-1000,-3799
="076059",0,57000,-57000,-41140
="076060",36000,2000,34000,84860
="076061",0,22000,-22000,-55219
="076062",0,30000,-30000,-23298
="076063",0,9000,-9000,-13320
="076064",136000,0,136000,165640
="076107",33000,0,33000,77077
="076180",4000,1000,3000,10179
="076182",0,11000,-11000,-28930
="076184",10000,142000,-132000,-347719
="076185",240000,49000,191000,438305
="076289",5000,218000,-213000,-386218
="076290",31000,20000,11000,9159
="076291",0,56000,-56000,-96330
="076292",0,176000,-176000,-146778
="076405",12000,10000,2000,2440
="076406",434000,75000,359000,757090
="076408",0,15000,-15000,-15000
="076409",0,1000,-1000,-4190
="076410",0,20000,-20000,-40599
="076413",2000,20000,-18000,-19300
="076414",58000,10000,48000,55699
="076415",20000,0,20000,17000
="076416",303000,189000,114000,150989
="076417",0,2000,-2000,-3380
="076418",0,33000,-33000,-52079
="076420",257000,400000,-143000,-209278
="076550",0,5000,-5000,-5550
="076551",5000,7000,-2000,-4090
="076567",0,15000,-15000,-6900
="076648",34000,30000,4000,7261
="076651",6000,8000,-2000,-6209
="076652",79000,77000,2000,1740
="076653",3000,288000,-285000,-316028
="076654",40000,40000,0,400
="076655",304000,87000,217000,412879
="076777",2000,0,2000,1820
="076845",25000,0,25000,47499
="076913",3000,2000,1000,3059
="076914",0,161000,-161000,-211898
="076915",8000,7000,1000,918
="076918",42000,147000,-105000,-206819
="076920",0,20000,-20000,-10000
="076921",3000,5000,-2000,-1110
="076922",20000,92000,-72000,-73969
="076923",56000,0,56000,31360
="076962",200000,0,200000,342000
="077060",60000,40000,20000,13001
="077061",80000,249000,-169000,-170108
="077064",20000,0,20000,19400
="077065",0,50000,-50000,-63499
="077066",175000,338000,-163000,-271033
="077067",223000,141000,82000,113157
="077068",50000,57000,-7000,-12898
="077103",12000,15000,-3000,-5441
="077104",0,8000,-8000,-21760
="077106",5000,19000,-14000,-10220
="077107",96000,391000,-295000,-232080
="077108",15000,157000,-142000,-270051
="077109",184000,27000,157000,226039
="077110",29000,20000,9000,7490
="077275",7000,393000,-386000,-646790
="077276",495000,32000,463000,694271
="077277",264000,144000,120000,238252
="077278",0,2000,-2000,-3299
="077280",25000,0,25000,23499
="077281",65000,263000,-198000,-266490
="077411",0,6000,-6000,-3600
="077412",0,31000,-31000,-141579
="077427",0,1000,-1000,-1399
="077585",700000,61000,639000,379272
="077586",23000,16000,7000,12742
="077587",12000,0,12000,26280
="077588",204000,258000,-54000,-129229
="077589",0,108000,-108000,-85238
="077591",0,32000,-32000,-137648
="077592",100000,30000,70000,53999
="077593",120000,31000,89000,107810
="077595",1000,60000,-59000,-69969
="077596",0,23000,-23000,-42120
="077646",0,96000,-96000,-79679
="077647",50000,0,50000,68000
="077648",226000,223000,3000,-2812
="077649",10000,21000,-11000,-24629
="077650",0,103000,-103000,-93869
="077652",20000,2000,18000,19881
="077653",81000,0,81000,102748
="077654",20000,45000,-25000,-22051
="077656",8000,0,8000,17200
="077658",61000,180000,-119000,-248796
="077659",37000,15000,22000,43898
="077810",0,4000,-4000,-5559
="077811",0,40000,-40000,-39318
="077812",7000,156000,-149000,-265520
="077941",56000,28000,28000,39511
="077942",27000,278000,-251000,-306130
="077944",355000,284000,71000,86211
="077945",62000,149000,-87000,-94200
="077946",229000,323000,-94000,-159550
="077963",60000,10000,50000,106300
="078011",0,5000,-5000,-5099
="078019",1000,0,1000,250
="078038",84000,90000,-6000,882
="078087",55000,35000,20000,35149
="078088",0,17000,-17000,-13259
="078089",198000,197000,1000,-7670
="078091",200000,128000,72000,122370
="078092",0,40000,-40000,-23199
="078093",48000,22000,26000,46299
="078094",1000,20000,-19000,-53299
="078095",17000,47000,-30000,-67081
="078096",139000,49000,90000,143760
="078097",16000,31000,-15000,-22579
="078098",426000,0,426000,472105
="078099",721000,1000,720000,991773
="078461",908000,1414000,-506000,-677205
="078462",250000,321000,-71000,-84796
="078466",22000,19000,3000,7702
="078467",0,20000,-20000,-16599
="078469",0,58000,-58000,-86858
="078470",38000,168000,-130000,-217520
="078471",0,10000,-10000,-13400
="078472",40000,5000,35000,44400
="078473",55000,25000,30000,39350
="078474",0,214000,-214000,-163548
="078475",161000,0,161000,208898
="078476",0,213000,-213000,-211129
="078599",5000,0,5000,5149
="078615",200000,0,200000,890494
="078718",179000,20000,159000,136531
="078719",14000,0,14000,50159
="078720",30000,21000,9000,14640
="078721",5000,301000,-296000,-622060
="078724",118000,126000,-8000,-4858
="078725",2000,69000,-67000,-87658
="078727",5000,5000,0,-301
="078846",109000,426000,-317000,-594618
="078847",25000,30000,-5000,-10569
="078848",50000,638000,-588000,-510540
="078849",0,11000,-11000,-20570
="078850",342000,0,342000,403308
="078852",17000,0,17000,73609
="078854",129000,0,129000,149108
="078855",23000,305000,-282000,-891157
="078856",37000,449000,-412000,-1149685
="078857",20000,0,20000,30599
="078942",3000,0,3000,9269
="078945",3000,55000,-52000,-55508
="078946",83000,0,83000,94117
="078947",70000,31000,39000,49070
="078948",50000,30000,20000,20199
="079026",10000,0,10000,42899
="079079",10000,0,10000,19700
="079090",39000,11000,28000,34100
="079091",153000,0,153000,157557
="079248",0,30000,-30000,-44700
="079285",15000,25000,-10000,-18050
="079286",11000,0,11000,13640
="079288",18000,202000,-184000,-272132
="079289",414000,922000,-508000,-665899
="079290",0,203000,-203000,-185007
="079425",1000,0,1000,1100
="079426",40000,223000,-183000,-227788
="079427",65000,110000,-45000,-64948
="079428",6000,0,6000,4450
="079429",6000,215000,-209000,-541255
="079430",6000,31000,-25000,-34670
="079433",97000,97000,0,141
="079435",354000,619000,-265000,-505196
="079457",100000,20000,80000,117599
="079583",0,18000,-18000,-24660
="079584",120000,8000,112000,112099
="079585",101000,30000,71000,160710
="079586",31000,4000,27000,16289
="079600",50000,0,50000,87999
="079632",384000,0,384000,1586157
="079662",50000,0,50000,325000
="079727",15000,5000,10000,11439
="079728",16000,62000,-46000,-52299
="079729",297000,130000,167000,211629
="079730",155000,717000,-562000,-520586
="079732",895000,80000,815000,963042
="079733",15000,23000,-8000,-10001
="079734",8000,49000,-41000,-53160
="079735",2000,152000,-150000,-292500
="079736",369000,218000,151000,152540
="079737",10000,82000,-72000,-73048
="079738",1000,174000,-173000,-329249
="079740",461000,978000,-517000,-717788
="079741",151000,10000,141000,209509
="079742",20000,328000,-308000,-621418
="079743",200000,2000,198000,132680
="079745",35000,524000,-489000,-497477
="079830",102000,0,102000,193838
="079868",22000,95000,-73000,-85830
="079869",2000,0,2000,1519
="079871",122000,502000,-380000,-644672
="079872",20000,25000,-5000,-4558
="079873",0,217000,-217000,-551586
="079979",342000,643000,-301000,-282507
="079980",0,105000,-105000,-177439
="079981",589000,1442000,-853000,-1307666
="079982",0,10000,-10000,-7300
="079983",54000,126000,-72000,-79913
="079984",587000,88000,499000,702629
="079985",15000,0,15000,13650
="080004",1000,0,1000,1250
="080012",101000,61000,40000,99019
="080161",0,227000,-227000,-255168
="080162",0,57000,-57000,-73878
="080165",299000,1066000,-767000,-741706
="080166",0,100000,-100000,-99499
="080168",0,52000,-52000,-52578
="080169",0,5000,-5000,-3650
="080170",1165000,195000,970000,941900
="080171",157000,65000,92000,133558
="080172",87000,0,87000,82218
="080174",103000,154000,-51000,-60578
="080175",248000,7000,241000,264819
="080177",142000,156000,-14000,-89212
="080178",333000,296000,37000,74131
="080179",1000,0,1000,2750
="080180",5000,5000,0,-100
="080182",278000,36000,242000,219269
="080184",77000,221000,-144000,-229832
="080185",160000,122000,38000,71002
="080186",10000,288000,-278000,-294098
="080187",2000,3000,-1000,-1229
="080205",1000,0,1000,2980
="080230",50000,0,50000,327500
="080317",499000,0,499000,374250
="080343",0,38000,-38000,-40538
="080344",0,5000,-5000,-4550
="080345",0,9000,-9000,-10770
="080347",50000,10000,40000,31701
="080348",17000,157000,-140000,-271806
="080349",384000,409000,-25000,-12587
="080351",15000,0,15000,14570
="080352",80000,20000,60000,42600
="080523",1000,0,1000,1250
="080537",1000,5000,-4000,-2471
="080539",25000,85000,-60000,-39800
="080540",44000,2000,42000,38198
="080541",238000,10000,228000,185430
="080543",30000,119000,-89000,-64639
="080544",39000,315000,-276000,-128228
="080545",62000,37000,25000,27342
="080546",42000,23000,19000,17530
="080547",376000,127000,249000,308020
="080594",26000,72000,-46000,-43470
="080595",10000,15000,-5000,-3400
="080596",64000,64000,0,-2919
="080597",40000,67000,-27000,-31789
="080599",10000,16000,-6000,-3540
="080600",3000,1000,2000,1341
="080601",0,3000,-3000,-1529
="080602",53000,80000,-27000,-29420
="080603",236000,108000,128000,135160
="080604",0,20000,-20000,-11299
="080679",10000,30000,-20000,-52699
="080696",100000,0,100000,147000
="080768",0,1000,-1000,-2099
="080846",0,73000,-73000,-49859
="080857",60000,148000,-88000,-85347
="080859",81000,44000,37000,39719
="080860",634000,95000,539000,656038
="080861",448000,144000,304000,508400
="080862",186000,0,186000,154558
="080863",0,10000,-10000,-5699
="080864",10000,211000,-201000,-164778
="080865",51000,5000,46000,50480
="080866",0,11000,-11000,-6278
="080867",141000,388000,-247000,-311687
="080868",154000,75000,79000,61750
="080869",151000,0,151000,110230
="080870",0,7000,-7000,-4958
="080914",10000,0,10000,12200
="081014",1000,0,1000,750
="081015",1000,76000,-75000,-60041
="081020",8000,370000,-362000,-412114
="081021",21000,23000,-2000,-2641
="081024",363000,377000,-14000,-19869
="081200",0,9000,-9000,-14669
="081217",30000,321000,-291000,-183079
="081218",1000,236000,-235000,-243478
="081219",3000,27000,-24000,-19370
="081220",0,338000,-338000,-309860
="081221",0,76000,-76000,-66609
="081222",191000,560000,-369000,-300860
="081223",35000,55000,-20000,-14398
="081224",124000,123000,1000,-128
="081225",0,240000,-240000,-263936
="081226",196000,3303000,-3107000,-2547622
="081227",0,65000,-65000,-37498
="081228",0,3000,-3000,-2639
="081229",0,23000,-23000,-14030
="081231",9000,124000,-115000,-52799
="081232",5000,17000,-12000,-13919
="081234",0,107000,-107000,-155179
="081235",10000,0,10000,7799
="081270",0,44000,-44000,-40620
="081271",80000,0,80000,60000
="081272",25000,30000,-5000,-8250
="081273",4000,0,4000,1840
="081277",0,110000,-110000,-80300
="081278",10000,93000,-83000,-86085
="081279",30000,30000,0,300
="081281",0,66000,-66000,-65557
="081282",0,281000,-281000,-327746
="081283",10000,5000,5000,6280
="081285",15000,52000,-37000,-38160
="081286",0,60000,-60000,-46799
="081287",120000,210000,-90000,-114357
="081288",0,50000,-50000,-38499
="081289",0,160000,-160000,-231898
="081428",0,35000,-35000,-41998
="081432",0,8000,-8000,-6239
="081434",0,48000,-48000,-39579
="081435",0,48000,-48000,-49468
="081436",0,1151000,-1151000,-1423058
="081438",0,10000,-10000,-8000
="081439",0,123000,-123000,-129638
="081443",0,5000,-5000,-3350
="081444",0,59000,-59000,-38338
="081447",0,16000,-16000,-20436
="081449",0,121000,-121000,-127877
="1101",17000,1938652,-1921652,-82457820
="1102",558000,3000,555000,24119598
="1104",100,0,100,2270
="1108",1000,0,1000,11949
="1203",1,0,1,36
="1210",10000,8000,2000,102098
="1215",0,2000,-2000,-145000
="1216",2000,212145,-210145,-13989541
="1217",17257,50000,-32743,-318229
="1218",1,0,1,27
="1219",1,0,1,20
="1225",2000,0,2000,71400
="1227",228000,0,228000,13699899
="1229",50,4320,-4270,-179791
="1231",2000,0,2000,91199
="1301",125100,43000,82100,7976945
="1303",5000,7040,-2040,-146254
="1304",109000,78000,31000,734648
="1305",239000,122000,117000,3251750
="1309",222000,325000,-103000,-3629597
="1310",10000,0,10000,181249
="1312",41000,11000,30000,725352
="1313",11000,3000,8000,153099
="1314",137000,194000,-57000,-631650
="1326",61000,1000,60000,5118800
="1336",0,5000,-5000,-123500
="1338",62000,5000,57000,4012900
="1340",50,0,50,607
="1402",11000,62000,-51000,-1460799
="1409",6000,4000,2000,29150
="1414",0,2000,-2000,-27000
="1418",1000,0,1000,7050
="1434",740000,10000,730000,22217149
="1435",105000,0,105000,3066000
="1440",77200,50000,27200,384731
="1444",6000,0,6000,74899
="1447",0,7000,-7000,-65078
="1452",0,1000,-1000,-17149
="1453",250,0,250,2190
="1454",7000,0,7000,60908
="1456",10000,0,10000,146000
="1459",0,1000,-1000,-8859
="1460",0,3000,-3000,-28619
="1464",0,4000,-4000,-73800
="1466",50,2000,-1950,-34311
="1467",0,1000,-1000,-19649
="1471",0,1000,-1000,-5389
="1474",10000,12000,-2000,-25049
="1476",95000,30000,65000,27957000
="1477",3000,4074,-1074,-200523
="1504",0,2000,-2000,-56900
="1513",75000,109000,-34000,-1650150
="1514",3000,2000,1000,25849
="1515",2000,0,2000,148399
="1517",51,0,51,739
="1519",22000,29000,-7000,-356150
="1522",18000,1000,17000,433699
="1524",1000,0,1000,10000
="1525",7000,2000,5000,370800
="1528",12001,0,12001,124110
="1533",99000,0,99000,4123350
="1536",79000,4100,74900,9063950
="1539",2000,0,2000,37099
="1568",295000,0,295000,6985147
="1569",0,5000,-5000,-143500
="1582",1000,0,1000,86199
="1586",20000,30000,-10000,-457449
="1589",0,1000,-1000,-83199
="1590",19000,24000,-5000,-5140000
="1593",6434,403,6031,592848
="1597",0,49000,-49000,-4248598
="1598",208000,36000,172000,21210500
="1605",37000,3000,34000,641599
="1608",17000,15000,2000,26998
="1609",189001,124000,65001,1297568
="1611",4501,0,4501,66396
="1612",69,0,69,1179
="1618",5000,3000,2000,25600
="1701",11000,0,11000,253049
="1702",4000,0,4000,185600
="1707",25,0,25,4525
="1708",0,2000,-2000,-46900
="1710",5000,0,5000,97749
="1712",1,0,1,21
="1714",3000,0,3000,30649
="1717",2000,47000,-45000,-1708401
="1718",15000,204035,-189035,-1983916
="1720",5000,0,5000,183748
="1721",0,3000,-3000,-31800
="1723",0,2000,-2000,-220000
="1726",2000,0,2000,142399
="1731",0,1000,-1000,-17899
="1733",1000,0,1000,23250
="1736",254000,222000,32000,3474004
="1752",0,1000,-1000,-38650
="1773",0,4000,-4000,-428000
="1783",300,0,300,7019
="1785",2371000,193700,2177300,105603524
="1795",0,10000,-10000,-790099
="1802",59000,1296000,-1237000,-23493498
="1805",201000,0,201000,2150699
="1815",7000,30200,-23200,-316100
="1903",0,1000,-1000,-58500
="1904",0,1000,-1000,-34000
="1905",6000,2000,4000,44400
="1907",3000,0,3000,82049
="1909",14000,5008000,-4994000,-112310198
="2002",173000,247654,-74654,-1892716
="2006",3000,111000,-108000,-3998247
="2008",0,1000,-1000,-16799
="2009",270000,83000,187000,4978499
="2010",1000,1000,0,-101
="2012",0,5000,-5000,-100249
="2014",491000,1337000,-846000,-14475848
="2020",1000,0,1000,19500
="2022",200,40,160,1206
="2023",41000,41605,-605,-10628
="2027",191000,135000,56000,1814702
="2029",100,0,100,2445
="2034",15000,3000,12000,346949
="2038",8000,11000,-3000,-68002
="2049",56000,20000,36000,15083000
="2069",0,7000,-7000,-124250
="2102",1,0,1,18
="2103",1000,12000,-11000,-236200
="2104",10000,0,10000,242000
="2105",700000,2653,697347,29676974
="2106",504000,0,504000,16609041
="2107",0,6000,-6000,-147198
="2201",902000,118000,784000,37747701
="2206",0,15000,-15000,-512398
="2208",30120,34000,-3880,-91784
="2227",2000,27000,-25000,-6399500
="2231",282000,32080,249920,53884980
="2233",100175,0,100175,8918143
="2239",1000,4000,-3000,-343500
="2241",0,3000,-3000,-182999
="2301",5106,8000,-2894,-152067
="2303",2470200,772050,1698150,78877289
="2305",0,27000,-27000,-254639
="2308",211784,156000,55784,18009170
="2312",212000,109000,103000,1311852
="2313",39000,55062,-16062,-711664
="2314",30000,1000,29000,962349
="2316",120,0,120,3702
="2317",766210,399300,366910,39307355
="2323",0,28000,-28000,-256499
="2324",1327000,4231,1322769,27949137
="2327",41999,55000,-13001,-6810526
="2328",415200,3142231,-2727031,-95080927
="2329",45000,60000,-15000,-258251
="2330",318117,147036,171081,97116970
="2331",45000,62000,-17000,-442498
="2332",124000,4000,120000,3353746
="2337",741000,151270,589730,23262367
="2338",122000,62000,60000,2445752
="2340",16010,31453,-15443,-374175
="2342",17000,13000,4000,147248
="2344",314250,330350,-16100,-379611
="2345",45000,104000,-59000,-17392000
="2347",72000,0,72000,3402000
="2348",0,1000,-1000,-88900
="2349",6100,0,6100,65169
="2351",26010,381000,-354990,-31688299
="2352",18020,13000,5020,150078
="2353",27050,29000,-1950,-44357
="2354",2000,1050,950,53021
="2355",34000,18000,16000,588652
="2356",7000,0,7000,166250
="2357",45601,28000,17601,4604592
="2359",4002,12000,-7998,-153261
="2360",1000,2000,-1000,-170500
="2363",6000,5000,1000,16750
="2364",2,0,2,6
="2367",121000,69000,52000,1227898
="2368",460000,620000,-160000,-8614501
="2369",5000,31000,-26000,-374148
="2371",170040,172000,-1960,-48395
="2375",52000,94000,-42000,-4109403
="2376",106050,2000,104050,8074681
="2377",185000,173000,12000,1766500
="2379",3416,71016,-67600,-27389348
="2380",1,10000,-9999,-85700
="2382",178000,179000,-1000,-13101
="2383",1000,8000,-7000,-1101000
="2385",309000,0,309000,27068696
="2387",305,436000,-435695,-27022097
="2388",4000,6000,-2000,-110500
="2392",17000,3000,14000,679150
="2393",187000,42000,145000,6726848
="2395",0,1000,-1000,-345000
="2399",17000,26000,-9000,-151701
="2401",220000,175000,45000,801997
="2402",9000,0,9000,167498
="2404",20000,11000,9000,2003500
="2405",0,5000,-5000,-59499
="2406",226000,3000,223000,4994650
="2408",105045,1209000,-1103955,-102386220
="2409",1896600,4178000,-2281400,-31744722
="2415",0,20000,-20000,-632900
="2417",21000,50000,-29000,-1369147
="2419",5000,1000,4000,103299
="2420",1,0,1,34
="2421",1000,3000,-2000,-106300
="2425",12000,6000,6000,177351
="2426",5002,16000,-10998,-182765
="2428",30000,1000,29000,4944500
="2429",1000,1000,0,-51
="2430",1,0,1,20
="2433",10000,5000,5000,255799
="2436",37000,14000,23000,1131949
="2439",30025,10000,20025,3003287
="2442",3000,0,3000,33100
="2443",1,0,1,2
="2444",1000,0,1000,14800
="2449",189000,23000,166000,5886700
="2450",1000,0,1000,35650
="2451",4000,0,4000,256799
="2453",0,16000,-16000,-284400
="2454",144100,55097,89003,70882310
="2455",42000,125000,-83000,-9632000
="2456",89045,84125,4920,632580
="2457",7000,5000,2000,34399
="2458",520000,171000,349000,54377500
="2460",0,11000,-11000,-209298
="2461",0,1000,-1000,-17799
="2464",26000,6000,20000,935045
="2465",2000,0,2000,40599
="2467",72200,159000,-86800,-3870178
="2471",35000,0,35000,920398
="2472",2000,4322,-2322,-150802
="2474",7000,8000,-1000,-208000
="2476",14000,0,14000,296499
="2478",12001,10110,1891,161351
="2480",20000,0,20000,1343698
="2481",81000,69000,12000,656300
="2484",69000,34000,35000,852948
="2485",11000,0,11000,211700
="2486",1000,0,1000,19799
="2492",34300,103005,-68705,-15746925
="2493",1000,1000,0,-500
="2497",149000,139000,10000,644857
="2498",12001,3000,9001,271179
="2501",10000,0,10000,195499
="2504",35000,0,35000,841249
="2505",149000,331000,-182000,-6579803
="2511",67000,0,67000,749798
="2515",6000,159000,-153000,-1526887
="2535",9000,2000,7000,187951
="2536",25,0,25,569
="2542",4000,100,3900,177234
="2546",0,3000,-3000,-147450
="2547",1001,2000,-999,-12088
="2548",0,60700,-60700,-5318588
="2601",117000,103000,14000,142099
="2603",10461684,19005000,-8543316,-330990917
="2605",48000,90000,-42000,-843647
="2606",73000,206000,-133000,-4610000
="2607",38045,25000,13045,231328
="2609",3592328,291000,3301328,86498914
="2610",168500,559050,-390550,-4260897
="2611",41000,0,41000,580149
="2613",3000,2000,1000,19649
="2614",0,1000,-1000,-17049
="2615",1339006,1761000,-421994,-19772025
="2617",6000,8000,-2000,-40351
="2618",14500,130000,-115500,-1475800
="2633",1309000,6000,1303000,40058647
="2634",2000,0,2000,57200
="2637",125,0,125,3000
="2641",48000,48000,0,-1701
="2705",0,2000,-2000,-42000
="2723",0,2000,-2000,-295000
="2727",0,17000,-17000,-2262000
="2752",60,0,60,10230
="2801",0,8722,-8722,-153906
="2809",55000,18000,37000,1478549
="2812",3000,0,3000,32400
="2816",10000,0,10000,208999
="2820",0,10000,-10000,-148999
="2823",14500,25120,-10620,-240242
="2836",1000,0,1000,10449
="2838A",0,4000,-4000,-207600
="2855",468000,190274,277726,5839338
="2867",3000,3000,0,-240
="2880",2001,112,1889,34090
="2881",141000,22000,119000,5494598
="2882",53000,12034,40966,1718881
="2883",501,3037000,-3036499,-28291649
="2884",2100,0,2100,52824
="2885",209100,107280,101820,2152718
="2886",3243120,69019,3174101,93968241
="2887",3200,107844,-104644,-1376118
="2888",358000,101050,256950,2236034
="2890",10001,7000,3001,33911
="2891",331000,159000,172000,3399951
="2892",1100,12340,-11240,-237730
="2906",0,492,-492,-7650
="2912",1000,0,1000,272000
="2915",2200,2000,200,13718
="2923",2000,0,2000,58799
="2939",1000,0,1000,32950
="3003",3000,4000,-1000,-47651
="3005",23000,2000,21000,1031100
="3006",210000,339000,-129000,-7995097
="3008",2064,0,2064,6234615
="3010",17000,12000,5000,380701
="3013",20000,1000,19000,305949
="3014",5000,0,5000,344900
="3016",11000,2000,9000,623599
="3017",11000,202000,-191000,-12454497
="3019",5000,7000,-2000,-146302
="3022",10000,0,10000,530000
="3023",5000,14000,-9000,-2065500
="3026",3000,0,3000,352500
="3027",10000,0,10000,201000
="3029",1000,0,1000,38700
="3031",0,1000,-1000,-16850
="3032",14000,0,14000,595297
="3034",203000,146000,57000,21790000
="3036",0,1000,-1000,-40950
="3037",402000,210000,192000,17811099
="3038",1000,1000,0,-250
="3041",204000,108000,96000,2933896
="3042",474000,3000,471000,36240698
="3044",218100,1000,217100,26782200
="3047",0,92000,-92000,-1220848
="3048",36000,17000,19000,476749
="3049",6000,0,6000,66300
="3050",325000,50000,275000,5363098
="3052",1000,0,1000,12850
="3055",1000,0,1000,32549
="3058",451000,10000,441000,4561650
="3060",4000,0,4000,63250
="3062",1000,3000,-2000,-38649
="3066",1000,0,1000,7369
="3067",0,1000,-1000,-29500
="3071",1000,0,1000,24450
="3078",5000,6000,-1000,-43150
="3081",4000,14000,-10000,-3092500
="3088",0,1000,-1000,-50799
="3090",11000,18000,-7000,-352700
="3092",18000,6000,12000,745096
="3094",1000,0,1000,22250
="3105",29100,165000,-135900,-47976050
="3118",1,0,1,28
="3128",1,0,1,16
="3131",8000,5000,3000,1256500
="3138",2000,31287,-29287,-6512079
="3141",0,2000,-2000,-83400
="3149",57000,80000,-23000,-611099
="3152",5000,9000,-4000,-1917500
="3162",1000,0,1000,15000
="3164",1050,950,100,1942
="3169",2000,1050,950,55400
="3178",2000,2000,0,-351
="3189",130000,58000,72000,6324999
="3202",1000,0,1000,18000
="3206",2000,16000,-14000,-575899
="3211",4000,2000,2000,177000
="3217",0,380000,-380000,-43092500
="3218",21000,12000,9000,2441500
="3227",14100,22000,-7900,-1478900
="3228",55000,71000,-16000,-3699500
="3231",5050,8000,-2950,-90473
="3232",27000,0,27000,431499
="3234",1000,0,1000,42500
="3236",10000,4000,6000,170546
="3257",6000,1000,5000,410699
="3259",0,7000,-7000,-301949
="3260",36000,7000,29000,2085197
="3264",29000,2000,27000,1046949
="3268",3000,0,3000,47550
="3272",0,158,-158,-7947
="3276",1,0,1,9
="3285",100,1000,-900,-20871
="3287",8000,0,8000,201399
="3289",0,2000,-2000,-117499
="3293",40000,11004,28996,22439910
="3297",0,19000,-19000,-407799
="3305",0,1000,-1000,-27100
="3312",4000,0,4000,57200
="3317",5000,4000,1000,50000
="3321",2055,0,2055,29552
="3323",23001,23000,1,9398
="3324",7000,5020,1980,428190
="3325",1,0,1,27
="3338",1,0,1,65
="3339",5000,3000,2000,39000
="3346",205000,20000,185000,9262501
="3356",0,2,-2,-61
="3362",0,100,-100,-3650
="3372",16000,0,16000,211199
="3373",0,4000,-4000,-327200
="3374",345000,376030,-31030,-5978120
="3376",9000,1361,7639,1023626
="3380",119200,226000,-106800,-4220816
="3402",2000,0,2000,59700
="3406",17000,11000,6000,3272000
="3413",7000,5000,2000,444000
="3419",0,1000,-1000,-20500
="3432",367000,97000,270000,3972605
="3437",67000,77000,-10000,-378397
="3443",196000,74000,122000,48120000
="3450",2000,0,2000,139199
="3466",100,0,100,1260
="3479",0,1000,-1000,-54900
="3481",2509000,482000,2027000,27815250
="3483",14000,0,14000,1020600
="3484",32000,53000,-21000,-1420801
="3490",5000,5000,0,700
="3491",0,2000,-2000,-143999
="3494",1,0,1,4
="3498",3000,8000,-5000,-251948
="3508",1000,0,1000,26000
="3515",0,1102,-1102,-171912
="3521",0,75000,-75000,-1270697
="3522",3000,32000,-29000,-396398
="3526",25000,0,25000,2250698
="3527",1000,1000,0,-500
="3529",16000,23000,-7000,-4298000
="3530",1000,3000,-2000,-259500
="3532",1000,4000,-3000,-424000
="3533",59000,33000,26000,14545000
="3537",3000,0,3000,103998
="3540",1000,0,1000,62599
="3545",255106,343000,-87894,-7893979
="3548",1000,45000,-44000,-3538400
="3552",158000,109000,49000,12076000
="3556",0,4000,-4000,-231399
="3557",2000,0,2000,201400
="3563",1000,3000,-2000,-586000
="3564",3000,53000,-50000,-1369746
="3567",0,1000,-1000,-31399
="3576",45300,63000,-17700,-254181
="3580",3000,1000,2000,119798
="3583",1000,2000,-1000,-64799
="3587",2000,2000,0,-2199
="3588",29000,31000,-2000,-123498
="3591",22000,16000,6000,121950
="3596",2000,1000,1000,95000
="3605",4000,16000,-12000,-545602
="3611",0,1000,-1000,-199500
="3615",17000,14000,3000,75348
="3622",109000,27300,81700,3165120
="3624",0,12000,-12000,-359400
="3625",54000,0,54000,962197
="3629",0,2000,-2000,-98000
="3630",1000,0,1000,51400
="3632",100,0,100,1030
="3645",0,1000,-1000,-54599
="3646",2,5000,-4998,-114454
="3653",144000,0,144000,38208500
="3661",46000,31000,15000,11429000
="3663",0,8000,-8000,-179549
="3665",21017,21000,17,32589
="3666",22000,3358,18642,1314427
="3669",8000,7000,1000,73501
="3673",30064,7000,23064,1053728
="3675",1000,1000,0,-100
="3680",112000,29039,82961,23946736
="3682",0,10060,-10060,-103111
="3684",34,0,34,1190
="3685",1000,0,1000,19250
="3686",261000,30000,231000,4366350
="3689",1,0,1,30
="3691",20000,4000,16000,3481000
="3694",2000,4000,-2000,-56948
="3702",20000,3002,16998,733813
="3703",0,5000,-5000,-101999
="3704",333000,158000,175000,6919855
="3706",38000,1920,36080,1060752
="3707",6000,4000,2000,80900
="3708",39000,38000,1000,118500
="3711",743050,184281,558769,50549948
="3712",1000,2000,-1000,-31551
="3713",0,1000,-1000,-46000
="3714",215037,558142,-343105,-31052578
="4104",0,1000,-1000,-55599
="4106",3000,0,3000,84549
="4108",13000,1000,12000,316699
="4109",1,3000,-2999,-53233
="4113",0,10000,-10000,-131000
="4114",0,1292,-1292,-32300
="4119",114000,2000,112000,9403898
="4123",16000,22811,-6811,-479570
="4128",3001,4000,-999,-62637
="4129",218,0,218,7978
="4130",0,1000,-1000,-29100
="4133",0,3000,-3000,-161099
="4142",5000,11000,-6000,-308499
="4148",5000,0,5000,199299
="4160",1000,990,10,45
="4162",1,45000,-44999,-2483241
="4167",20000,5000,15000,501751
="4174",2000,0,2000,262000
="4190",1000,1000,0,801
="4205",0,20,-20,-1973
="4306",1,0,1,15
="4401",0,5000,-5000,-139499
="4414",5000,5000,0,799
="4420",0,116,-116,-2958
="4426",0,194,-194,-5373
="4429",150,0,150,4230
="4510",1,0,1,11
="4528",5000,20000,-15000,-839099
="4529",116000,13000,103000,1212200
="4530",1,0,1,14
="4532",15000,10000,5000,105199
="4549",60,0,60,4620
="4551",2000,0,2000,365000
="4552",0,2000,-2000,-71400
="4561",182000,495000,-313000,-11006797
="4566",3000,0,3000,153099
="4571",10000,1000,9000,744497
="4572",1000,0,1000,80900
="4576",2001,5000,-2999,-287405
="4580",10000,0,10000,1015000
="4707",1000,1000,0,-49
="4721",5001,0,5001,339966
="4722",0,6000,-6000,-183199
="4729",0,2000,-2000,-24200
="4736",3000,0,3000,555500
="4743",13000,12004,996,248598
="4760",7000,7000,0,12401
="4763",34000,9000,25000,3182000
="4803",1000,1000,0,-199
="4807",1,0,1,28
="4904",481000,0,481000,29462198
="4906",0,1000,-1000,-30700
="4908",0,8000,-8000,-250399
="4912",70000,18000,52000,6543000
="4915",26000,4000,22000,1065700
="4919",4000,2000,2000,90700
="4927",7000,0,7000,476399
="4934",18000,250000,-232000,-6924048
="4935",1000,65000,-64000,-7038500
="4938",82000,15000,67000,4476600
="4942",0,2000,-2000,-75800
="4943",3000,10149,-7149,-634283
="4945",0,119000,-119000,-6802095
="4946",1000,75100,-74100,-3172689
="4950",173000,0,173000,4243098
="4952",100,1000,-900,-38491
="4953",25000,0,25000,2469999
="4956",25000,26000,-1000,-15451
="4958",5000,14070,-9070,-1105040
="4960",0,2000,-2000,-22000
="4961",80000,51000,29000,4080500
="4966",2000,2000,0,25000
="4967",312000,101000,211000,10504148
="4968",34000,22000,12000,5016000
="4974",0,1000,-1000,-55000
="4976",131000,118000,13000,836797
="4977",2000,2000,0,-2000
="4979",1000,0,1000,26600
="4991",1000,0,1000,51000
="5007",0,4000,-4000,-199200
="5011",55000,115000,-60000,-2625904
="5014",291001,2000,289001,4673814
="5203",37000,1000,36000,4067000
="5206",5000,1478,3522,61586
="5211",4000,1000,3000,46630
="5213",210,2000,-1790,-30040
="5215",6000,2000,4000,508500
="5223",0,1000,-1000,-72000
="5227",100,0,100,1589
="5243",115000,126000,-11000,-626299
="5245",5000,0,5000,194898
="5269",1000,22000,-21000,-36140000
="5274",5000,6000,-1000,-1870000
="5285",0,2000,-2000,-142000
="5299",1000,3000,-2000,-250500
="5309",1,7000,-6999,-279960
="5328",1000,0,1000,12000
="5347",19000,2000,17000,1958000
="5371",241000,0,241000,9382747
="5386",94000,49000,45000,3475101
="5388",12000,3000,9000,725298
="5392",5000,0,5000,123249
="5403",0,34000,-34000,-1887799
="5425",31001,33000,-1999,-124037
="5439",120000,101000,19000,1049102
="5443",91000,93000,-2000,-53746
="5452",403000,0,403000,4735250
="5457",4000,8000,-4000,-398299
="5465",3000,0,3000,55048
="5469",0,1000,-1000,-43950
="5471",12000,7000,5000,337498
="5474",2000,0,2000,361000
="5478",1000,2000,-1000,-101500
="5483",60020,183000,-122980,-21138560
="5484",115000,0,115000,1861548
="5487",1000,0,1000,37299
="5493",66,0,66,2640
="5498",17000,28000,-11000,-202297
="5519",1000,2000,-1000,-15250
="5521",1,10000,-9999,-100490
="5522",160,0,160,9344
="5529",164000,8000,156000,1638000
="5531",100000,0,100000,1492498
="5536",0,1000,-1000,-188500
="5603",0,1000,-1000,-19000
="5607",2000,10000,-8000,-230800
="5608",987000,550000,437000,5194299
="5609",3000,1000,2000,127101
="5820",106,2041,-1935,-24377
="5864",0,3000,-3000,-48200
="5871",1000,4300,-3300,-553550
="5876",0,4000,-4000,-165948
="5880",7000,53000,-46000,-929551
="5903",400,0,400,105200
="6005",422000,205000,217000,3375550
="6015",317000,146000,171000,2357750
="6016",56000,72004,-16004,-266216
="6020",3000,0,3000,56550
="6021",90000,0,90000,2006999
="6026",0,123000,-123000,-1356498
="6104",44000,3000,41000,2928899
="6108",14000,0,14000,300748
="6111",1000,0,1000,73500
="6112",0,1000,-1000,-43799
="6115",1000,1000,0,-49
="6116",148000,80419,67581,826473
="6121",11000,5000,6000,2225500
="6123",20000,0,20000,802799
="6125",31001,6000,25001,746776
="6126",1,0,1,23
="6127",36001,0,36001,871821
="6128",10,0,10,275
="6129",116000,80000,36000,560899
="6139",4000,4000,0,-852
="6141",17000,15000,2000,52650
="6142",6000,0,6000,53799
="6147",6001,40000,-33999,-2313932
="6150",204000,31069,172931,18971427
="6152",0,10000,-10000,-125000
="6153",10000,6000,4000,141951
="6156",10000,0,10000,204349
="6158",1000,3000,-2000,-67751
="6161",0,15000,-15000,-296249
="6164",0,67000,-67000,-812097
="6168",17001,52000,-34999,-643480
="6170",0,1000,-1000,-18899
="6173",2000,0,2000,132399
="6175",114000,298000,-184000,-7328891
="6176",195000,2000,193000,22288500
="6180",7000,3000,4000,279001
="6182",37101,22000,15101,651193
="6186",1,0,1,29
="6187",68000,28000,40000,4031098
="6188",0,3000,-3000,-117550
="6189",1000,0,1000,35099
="6190",0,3000,-3000,-53749
="6191",59000,1000,58000,1491348
="6192",1000,0,1000,67800
="6196",75000,23000,52000,6202000
="6201",1000,0,1000,38200
="6202",1100,0,1100,78959
="6203",24000,2000,22000,1740298
="6205",13000,21000,-8000,-359498
="6208",10000,3000,7000,268849
="6209",36000,3000,33000,1247649
="6213",3000,68000,-65000,-9471000
="6214",1000,5000,-4000,-347200
="6215",1,0,1,16
="6217",20000,1000,19000,801800
="6219",0,10000,-10000,-222999
="6221",1000,0,1000,43200
="6223",6000,14000,-8000,-853500
="6224",0,5000,-5000,-495000
="6226",1878,0,1878,19749
="6227",12000,0,12000,334900
="6229",0,1000,-1000,-31250
="6233",6000,7000,-1000,-35549
="6234",166000,83000,83000,2065854
="6235",38000,47000,-9000,-189000
="6237",0,60000,-60000,-4947099
="6239",229000,68000,161000,15449296
="6243",1000,3000,-2000,-30800
="6244",34567,29100,5467,186430
="6245",50000,38000,12000,872299
="6257",26000,1001300,-975300,-45481679
="6261",4000,5000,-1000,-64098
="6265",7000,0,7000,55020
="6269",20100,39000,-18900,-2314050
="6270",0,11000,-11000,-226600
="6271",77000,15000,62000,11857500
="6274",71000,0,71000,9368500
="6278",79000,208000,-129000,-16449867
="6279",78000,21000,57000,6662500
="6282",66000,78000,-12000,-389250
="6283",282000,287250,-5250,-294749
="6284",19000,34000,-15000,-1066499
="6288",1000,1000,0,599
="6290",0,15000,-15000,-795999
="6294",1000,0,1000,123000
="6405",0,2000,-2000,-41900
="6411",10000,70000,-60000,-6424500
="6412",7000,1000,6000,430300
="6414",5000,112000,-107000,-26778500
="6415",2000,2000,0,30000
="6416",0,1000,-1000,-122500
="6417",0,1000,-1000,-71300
="6419",0,2000,-2000,-31650
="6426",1000,2000,-1000,-119500
="6432",174,6000,-5826,-225021
="6435",4000,0,4000,510500
="6438",6001,0,6001,495083
="6441",24000,12000,12000,1770000
="6443",202200,343409,-141209,-5799644
="6446",0,3000,-3000,-287999
="6449",0,1000,-1000,-55000
="6451",194000,45000,149000,21707000
="6456",21000,4000,17000,2041500
="6457",77000,50000,27000,2647799
="6461",2000,0,2000,40599
="6462",14000,129000,-115000,-20551500
="6470",0,20000,-20000,-1154798
="6477",544015,65815,478200,33573917
="6485",93000,12000,81000,2760697
="6486",0,1000,-1000,-86599
="6488",21000,77000,-56000,-39825000
="6494",17000,92000,-75000,-4463692
="6496",1000,1000,0,-381
="6499",2000,0,2000,106499
="6505",1000,20000,-19000,-1900000
="6510",2000,5000,-3000,-2400000
="6516",21000,2000,19000,1623699
="6525",6000,7000,-1000,-68300
="6531",109002,121000,-11998,-5493551
="6532",0,1000,-1000,-57799
="6533",189051,21000,168051,60932110
="6538",3000,0,3000,561000
="6547",15000,6001,8999,919401
="6548",3000,30000,-27000,-1649697
="6552",1000,0,1000,54599
="6576",12100,1000,11100,945101
="6589",3000,0,3000,133499
="6591",1000,0,1000,64099
="6605",3000,142000,-139000,-9236795
="6640",9000,54000,-45000,-3441399
="6643",15000,2000,13000,4726000
="6664",3000,0,3000,202300
="6668",5000,1000,4000,261000
="6669",62000,2000,60000,41097000
="6679",73000,38000,35000,8100000
="6683",6000,8000,-2000,-646000
="6690",1000,0,1000,144500
="6698",2000,21000,-19000,-974500
="6706",4000,2000,2000,314000
="6715",1000,1000,0,-2000
="6732",2000,2000,0,10000
="6743",3000,0,3000,375000
="6756",55000,18100,36900,10602300
="711174",5000,0,5000,549
="711270",0,40000,-40000,-4000
="711271",6000,0,6000,1259
="711479",49000,56000,-7000,-18280
="711560",1100000,0,1100000,32999
="711607",101000,50000,51000,19860
="711629",40000,0,40000,1199
="711631",30000,0,30000,22599
="711673",20000,33000,-13000,-15639
="711701",0,30000,-30000,-12199
="711702",20000,0,20000,14298
="711898",2000,0,2000,5400
="711901",10000,0,10000,299
="711902",4000,0,4000,920
="711935",30000,0,30000,53999
="712014",0,20000,-20000,-19499
="712015",13000,1000,12000,9859
="712017",13000,0,13000,14778
="712147",2000,10000,-8000,-4361
="712148",4000,2000,2000,1400
="712190",5000,0,5000,549
="712194",0,100000,-100000,-23000
="712195",7000,110000,-103000,-15520
="712326",115000,142000,-27000,-24490
="712328",25000,0,25000,28249
="712369",220000,150000,70000,11300
="712370",1000,20000,-19000,-10460
="712403",4000,0,4000,1879
="712605",29000,20000,9000,4750
="712610",20000,0,20000,3600
="712612",0,20000,-20000,-8600
="712616",3000,172000,-169000,-171979
="712630",70000,70000,0,-399
="712633",5000,0,5000,1749
="712688",0,139000,-139000,-27989
="712916",76000,42000,34000,22100
="712920",10000,0,10000,3499
="712922",0,15000,-15000,-12148
="712923",0,10000,-10000,-3000
="712978",17000,0,17000,24679
="712979",91000,10000,81000,87259
="712980",41000,100000,-59000,-83737
="712981",924000,360000,564000,566630
="712982",20000,0,20000,5400
="713038",0,80000,-80000,-18400
="713040",70000,13000,57000,107099
="713042",252000,1000,251000,110449
="713044",60000,50000,10000,3001
="713071",0,1000,-1000,-250
="713074",28000,5000,23000,13881
="713075",10000,0,10000,7099
="713182",0,110000,-110000,-31899
="713183",60000,0,60000,27300
="713184",0,30000,-30000,-7099
="713226",7000,0,7000,2380
="713240",1000,0,1000,419
="713241",30000,30000,0,600
="713324",10000,13000,-3000,-439
="713325",0,1000,-1000,-2730
="713327",315000,1705000,-1390000,-352288
="713349",90000,0,90000,45899
="713352",0,23000,-23000,-7000
="713404",45000,27000,18000,23580
="713419",166000,10000,156000,198947
="713514",220000,243000,-23000,-5049
="713516",0,20000,-20000,-6000
="713545",50000,0,50000,10000
="713587",66000,50000,16000,5020
="713649",13000,23000,-10000,-16422
="713651",0,1000,-1000,-670
="713653",0,80000,-80000,-37399
="713675",268000,40000,228000,99949
="713676",5000,7000,-2000,-1718
="713694",0,15000,-15000,-12599
="713821",20000,0,20000,24800
="713977",0,10000,-10000,-1800
="713979",0,4000,-4000,-5039
="714011",0,30000,-30000,-7500
="714012",0,25000,-25000,-6750
="714030",100000,93000,7000,541
="714033",50000,0,50000,22499
="714082",200000,0,200000,3999
="714153",15000,105000,-90000,-134050
="714154",0,50000,-50000,-10999
="714155",10000,0,10000,12100
="714156",63000,0,63000,106470
="714170",0,53000,-53000,-77380
="714211",10000,20000,-10000,-13499
="714212",2000,20000,-18000,-75191
="714213",12000,29000,-17000,-51221
="714214",0,1000,-1000,-3390
="714236",263000,479000,-216000,-354891
="714238",60000,178000,-118000,-92339
="714241",251000,0,251000,30119
="714254",0,1000,-1000,-300
="714272",0,94000,-94000,-37298
="714277",0,9000,-9000,-11348
="714320",70000,511000,-441000,-354056
="714386",10000,15000,-5000,-1149
="714469",15000,0,15000,15000
="714513",10000,5000,5000,3901
="714516",0,320000,-320000,-136597
="714517",1000,25000,-24000,-21949
="714518",1000,0,1000,519
="714620",24000,35000,-11000,-14141
="714621",12000,158000,-146000,-309400
="714624",0,355000,-355000,-280450
="714647",10000,50000,-40000,-81799
="714648",37000,0,37000,54390
="714649",20000,20000,0,601
="714685",40000,70000,-30000,-15501
="714686",0,10000,-10000,-25099
="714712",5000,317000,-312000,-385547
="714741",130000,30000,100000,68000
="714755",30000,32000,-2000,-2041
="714795",400000,100000,300000,384460
="714823",0,6000,-6000,-11339
="714853",5000,0,5000,2849
="714856",0,77000,-77000,-86827
="714858",24000,431000,-407000,-388028
="714859",11000,135000,-124000,-95676
="714860",207000,28000,179000,231761
="714887",155000,0,155000,102658
="714888",0,111000,-111000,-69929
="714889",0,5000,-5000,-4050
="714922",0,45000,-45000,-24750
="714949",20000,11000,9000,13050
="714950",0,50000,-50000,-62309
="715011",172000,45000,127000,82110
="715013",92000,89000,3000,3832
="715066",52000,21000,31000,19609
="715067",20000,0,20000,25008
="715068",13000,106000,-93000,-158880
="715069",110000,219000,-109000,-155851
="715070",0,78000,-78000,-82248
="715071",81000,32000,49000,86638
="715073",0,6000,-6000,-43199
="715115",498000,0,498000,348827
="715116",260000,8000,252000,384818
="715159",284000,86000,198000,136519
="715160",40000,0,40000,18400
="715163",10000,20000,-10000,-14999
="715164",70000,25000,45000,78052
="715180",3000,17000,-14000,-11441
="715240",15000,0,15000,8699
="715248",3000,0,3000,2819
="715250",50000,0,50000,47499
="715285",0,18000,-18000,-23187
="715288",180000,0,180000,188257
="715290",31000,0,31000,17639
="715327",0,5000,-5000,-4699
="715328",84000,0,84000,201600
="715356",0,84000,-84000,-179238
="715478",0,7000,-7000,-5180
="715520",0,10000,-10000,-9599
="715549",5000,0,5000,5000
="715552",24000,25000,-1000,-3852
="715553",5000,30000,-25000,-20549
="715657",0,2000,-2000,-1799
="715658",0,4000,-4000,-3839
="715660",82000,0,82000,308810
="715661",344000,46000,298000,534400
="715662",43000,135000,-92000,-165719
="715692",0,50000,-50000,-41999
="715693",16000,15000,1000,1250
="715694",198000,113000,85000,153080
="715743",11000,15000,-4000,-4511
="715780",120000,20000,100000,114599
="715813",16000,994000,-978000,-1759136
="715815",10000,15000,-5000,-5741
="715850",13000,0,13000,14689
="715901",2000,20000,-18000,-32158
="715935",8000,66000,-58000,-85180
="715939",20000,0,20000,25199
="715972",7000,32000,-25000,-31239
="716032",0,578000,-578000,-623210
="716033",1164000,38000,1126000,1205750
="716034",1000,25000,-24000,-24210
="716035",10000,73000,-63000,-99428
="716036",55000,88000,-33000,-47639
="716037",61000,41000,20000,30300
="716081",10000,55000,-45000,-90849
="716090",0,5000,-5000,-13150
="716110",30000,0,30000,42299
="716111",69000,50000,19000,23429
="716112",776000,148000,628000,904129
="716137",44000,63000,-19000,-20069
="716171",0,200000,-200000,-232048
="716188",0,31000,-31000,-29759
="716251",15000,0,15000,38198
="716295",0,5000,-5000,-10549
="716296",10000,18000,-8000,-16341
="716297",10000,0,10000,16599
="716298",3000,264000,-261000,-456638
="716299",182000,0,182000,250939
="716347",20000,0,20000,28599
="716358",25000,10000,15000,29950
="716368",276000,20000,256000,464057
="716369",170000,141000,29000,59700
="716370",36000,112000,-76000,-135219
="716432",0,5000,-5000,-5000
="716433",0,5000,-5000,-5699
="716507",4000,203000,-199000,-193611
="716508",6000,151000,-145000,-149301
="716590",0,6000,-6000,-7748
="716591",0,2000,-2000,-2259
="716593",0,5000,-5000,-5350
="716594",0,743000,-743000,-861456
="716595",0,39000,-39000,-30029
="716596",2000,0,2000,1919
="716653",20000,0,20000,11200
="716677",19000,0,19000,21659
="716678",29000,0,29000,32190
="716680",25000,0,25000,31749
="716759",67000,10000,57000,39399
="716761",0,13000,-13000,-10818
="716816",63000,819000,-756000,-698405
="716837",30000,602000,-572000,-1033939
="716838",100000,8000,92000,78912
="716863",10000,0,10000,45599
="716881",10000,0,10000,43099
="716882",0,10000,-10000,-41199
="716903",10000,25000,-15000,-70100
="716904",0,40000,-40000,-200000
="716905",70000,15000,55000,48050
="716907",275000,847000,-572000,-559997
="716908",22000,45000,-23000,-19049
="716919",0,54000,-54000,-265139
="716953",113000,2000,111000,100729
="716954",718000,735000,-17000,-73621
="716955",6000,55000,-49000,-41147
="716956",0,334000,-334000,-288925
="716957",3000,88000,-85000,-68121
="716958",720000,5000,715000,580039
="716998",170000,201000,-31000,-36610
="716999",35000,471000,-436000,-463098
="717000",49000,0,49000,49759
="717007",15000,150000,-135000,-290600
="717086",25000,142000,-117000,-108088
="717087",14000,9000,5000,7479
="717088",133000,35000,98000,136868
="717102",50000,4000,46000,37680
="717103",20000,299000,-279000,-287570
="717174",0,21000,-21000,-70319
="717203",23000,197000,-174000,-263956
="717204",365000,414000,-49000,-60369
="717205",22000,36000,-14000,-31200
="717206",0,150000,-150000,-99000
="717208",127000,242000,-115000,-147047
="717209",5000,0,5000,6499
="717210",487000,458000,29000,13840
="717305",0,164000,-164000,-173338
="717306",0,2000,-2000,-1559
="717307",16000,12000,4000,2751
="717308",0,10000,-10000,-7699
="717311",0,55000,-55000,-48949
="717351",0,2000,-2000,-1700
="717352",0,14000,-14000,-8540
="717358",0,10000,-10000,-7900
="717359",249000,294000,-45000,-42361
="717360",0,35000,-35000,-38350
="717363",0,93000,-93000,-81307
="717364",56000,296000,-240000,-289591
="717459",0,4000,-4000,-3759
="717461",0,95000,-95000,-98548
="717462",0,30000,-30000,-22200
="717468",0,94000,-94000,-58447
="717469",0,205000,-205000,-184599
="73494P",119000,0,119000,33749
="73597P",300000,0,300000,209999
="73598P",0,56000,-56000,-29119
="73604P",0,45000,-45000,-66600
="73653P",39000,49000,-10000,-10800
="73654P",0,4000,-4000,-2400
="73655P",80000,101000,-21000,-13779
="73686P",30000,0,30000,35999
="73691P",0,20000,-20000,-18799
="73692P",5000,10000,-5000,-9749
="73713P",100000,0,100000,121000
="73717P",1000,0,1000,1129
="73729P",41000,0,41000,54129
="73731P",69000,54000,15000,27019
="73740P",11000,26000,-15000,-17319
="73747P",124000,0,124000,171119
="73748P",26000,26000,0,-649
="73753P",0,10000,-10000,-17400
="73754P",5000,0,5000,4000
="73755P",1000,0,1000,1129
="73764P",1000,0,1000,1100
="73774P",37000,5000,32000,47489
="73799P",506000,24000,482000,323947
="73803P",74000,76000,-2000,-1252
="73804P",0,70000,-70000,-48299
="73805P",0,16000,-16000,-13898
="7556",0,1000,-1000,-102500
="8011",0,1000,-1000,-26950
="8016",79000,4000,75000,12431500
="8024",1000,0,1000,13949
="8027",1000,2000,-1000,-90200
="8028",1000,0,1000,55299
="8034",2000,2000,0,1000
="8039",0,9000,-9000,-502800
="8040",50003,1001,49002,1137046
="8042",1000,2000,-1000,-44751
="8043",0,1000,-1000,-28649
="8044",4000,1000,3000,264598
="8046",463000,207109,255891,54642902
="8049",5000,0,5000,100749
="8054",14000,175000,-161000,-3518349
="8064",7001,4000,3001,48315
="8069",181000,333000,-152000,-7220144
="8070",16000,120000,-104000,-3306143
="8076",9001,276000,-266999,-8491814
="8084",0,49000,-49000,-4300696
="8085",6001,5000,1001,9450
="8086",20000,17000,3000,392500
="8087",0,5000,-5000,-97749
="8089",2000,0,2000,90199
="8096",0,39000,-39000,-495299
="8099",364000,1000,363000,10671350
="8104",1000,1000,0,1099
="8105",0,22000,-22000,-252549
="8111",16000,15000,1000,15701
="8112",1000,8000,-7000,-237800
="8121",0,3000,-3000,-55649
="8150",1000,21000,-20000,-704699
="8155",0,2000,-2000,-236000
="8163",0,8000,-8000,-350199
="8171",1000,0,1000,49700
="8183",1022000,3000,1019000,22063600
="8215",74001,182000,-107999,-3147323
="8255",1001,2000,-999,-118882
="8261",8000,11000,-3000,-163501
="8271",0,1000,-1000,-38500
="8279",1000,0,1000,106000
="8299",11000,3100,7900,2648500
="8358",430000,408000,22000,1383302
="8367",10000,0,10000,336000
="8383",3000,0,3000,119699
="8390",6100,51000,-44900,-1499741
="8403",17000,493,16507,563113
="8404",0,8000,-8000,-232749
="8406",20000,40000,-20000,-2838500
="8411",0,5000,-5000,-70500
="8416",0,32000,-32000,-3931500
="8422",1060,0,1060,172780
="8429",4100,289990,-285890,-2794087
="8436",1000,0,1000,202500
="8464",100,0,100,33000
="8489",1000,0,1000,52299
="8916",1,0,1,42
="8924",7000,23000,-16000,-1007800
="8926",3000,0,3000,115950
="8929",50,0,50,1072
="8935",0,834,-834,-6505
="8936",2000,13,1987,46398
="8940",100,0,100,1139
="8942",1000,0,1000,60799
="8996",0,2000,-2000,-116499
="9103",1000,0,1000,28049
="9105",4000,0,4000,15740
="9110",0,5000,-5000,-15000
="911868",169000,576000,-407000,-656591
="912000",10000,0,10000,29100
="912398",1200,0,1200,5519
="9802",5000,90000,-85000,-9313000
="9904",6000,12000,-6000,-183850
="9905",1000,0,1000,23200
="9907",5000,0,5000,57500
="9908",0,2000,-2000,-68000
="9910",1000,0,1000,196000
="9911",0,85000,-85000,-4424398
="9912",3001,356000,-352999,-3709686
="9914",9000,64000,-55000,-13573000
="9921",18000,5000,13000,3635000
="9933",3000,0,3000,111198
="9935",10000,0,10000,264500
="9938",1100,132000,-130900,-9293646
="9939",0,15000,-15000,-918000
="9941",0,300,-300,-30450
="9945",13000,0,13000,524848
="9951",230000,4000,226000,22452799
="9958",18000,7000,11000,1224000
="9960",1,0,1,32
