="0050",13700,20000,-6300,-853949
="0051",0,100,-100,-5145
="0052",0,2000,-2000,-253400
="0056",13169,5000,8169,278607
="006208",151010,151000,10,637
="00631L",0,2000,-2000,-236000
="00632R",994000,1566000,-572000,-3370741
="00637L",27000,62000,-35000,-887243
="00646",0,4000,-4000,-144279
="00648R",120000,50000,70000,526899
="00653L",0,29000,-29000,-991197
="00670L",0,1000,-1000,-94599
="00675L",1000,0,1000,45810
="00677U",15000,13000,2000,4029
="00682U",0,3000,-3000,-54989
="00683L",2000,0,2000,34139
="00692",100,0,100,3462
="00694B",50000,50000,0,0
="00695B",50000,50000,0,0
="00696B",100000,100000,0,0
="00697B",50000,50000,0,0
="00701",18000,6000,12000,275810
="00708L",0,2000,-2000,-50479
="00713",11000,0,11000,454979
="00715L",10000,0,10000,66500
="00718B",100000,100000,0,0
="00719B",50000,50000,0,0
="00720B",86000,50000,36000,1563714
="00721B",50000,50000,0,0
="00722B",50000,51000,-1000,-46049
="00723B",51000,50000,1000,41930
="00724B",51000,51000,0,0
="00728",0,6000,-6000,-167120
="00733",100000,100000,0,0
="00738U",0,3000,-3000,-79458
="00740B",25000,25000,0,0
="00741B",25000,27000,-2000,-76760
="00745B",25000,25000,0,0
="00746B",25000,25000,0,0
="00751B",12000,127000,-115000,-5075803
="00752",0,6000,-6000,-182678
="00753L",5000,0,5000,190019
="00754B",50000,50000,0,0
="00755B",50000,50000,0,0
="00756B",51000,51000,0,0
="00757",10120,0,10120,502519
="00763U",5000,10000,-5000,-132099
="00764B",50000,50000,0,0
="00765B",50000,50000,0,0
="00772B",50000,55000,-5000,-219809
="00773B",50000,50000,0,0
="00784B",25000,25000,0,0
="00785B",25000,25000,0,0
="00787B",2000,0,2000,84639
="00795B",50000,50000,0,0
="00796B",25000,25000,0,0
="00830",1000,0,1000,29100
="00845B",1000,0,1000,37290
="00847B",50000,50000,0,0
="00848B",25000,25000,0,0
="00849B",25000,25000,0,0
="00850",100,4000,-3900,-130479
="00862B",60000,50000,10000,389070
="00863B",25000,25000,0,0
="00864B",25000,25000,0,0
="00868B",50000,50000,0,0
="00869B",50000,50000,0,0
="00870B",50000,50000,0,0
="00876",262000,0,262000,7721433
="00878",3170,12000,-8830,-161667
="00881",221059,13000,208059,3670184
="00882",1000,0,1000,16270
="00883B",50000,50000,0,0
="00884B",50000,50000,0,0
="00888",3301,0,3301,51377
="020003",0,20000,-20000,-310200
="020011",21000,29000,-8000,-47958
="020016",9000,5000,4000,74700
="020018",12000,13000,-1000,-16250
="020019",105000,25000,80000,1094635
="020020",5000,0,5000,34049
="020021",705000,167000,538000,5503927
="020022",0,20000,-20000,-120000
="020024",1000,0,1000,5619
="030019",30000,0,30000,105899
="030024",150000,0,150000,325396
="030026",50000,573000,-523000,-592378
="030027",315000,178000,137000,159173
="030028",30000,114000,-84000,-59408
="030029",130000,1737000,-1607000,-2230923
="030030",65000,0,65000,27448
="030031",0,50000,-50000,-27000
="030032",64000,28000,36000,22550
="030171",14000,0,14000,13218
="030269",50000,104000,-54000,-59960
="030270",323000,1083000,-760000,-747373
="030271",370000,219000,151000,112578
="030272",437000,372000,65000,98962
="030273",230000,392000,-162000,-123718
="030274",207000,1254000,-1047000,-1048193
="030275",1276000,2785000,-1509000,-1809782
="030277",60000,1000,59000,33990
="030549",90000,40000,50000,51600
="030550",87000,30000,57000,70549
="030552",0,4000,-4000,-4280
="030553",385000,704000,-319000,-438311
="030554",323000,2083000,-1760000,-2103345
="030555",2540000,199000,2341000,3744144
="030558",152000,20000,132000,92860
="030559",206000,16000,190000,161950
="030560",55000,120000,-65000,-91337
="030561",85000,90000,-5000,-5368
="030562",765000,615000,150000,110150
="030563",0,73000,-73000,-64507
="030564",0,300000,-300000,-335000
="030565",123000,5000,118000,73550
="030566",10000,0,10000,5299
="030567",352000,663000,-311000,-135906
="030568",1012000,531000,481000,345231
="030675",350000,0,350000,639499
="030678",150000,0,150000,292997
="030759",296000,0,296000,491359
="030760",499000,0,499000,938119
="030764",610000,0,610000,1727958
="030814",100000,13000,87000,32289
="030839",50000,0,50000,74000
="031119",0,1218000,-1218000,-1459033
="031120",0,195000,-195000,-163417
="031121",0,110000,-110000,-96266
="031126",0,1728000,-1728000,-1515133
="031130",0,641000,-641000,-481299
="031132",0,3000,-3000,-1380
="031134",0,50000,-50000,-28499
="031135",0,7000,-7000,-5809
="031137",1320000,0,1320000,2677398
="031138",1180000,0,1180000,4290894
="03487B",0,2000,-2000,-2480
="03739C",0,50000,-50000,-58999
="03785P",0,120000,-120000,-8400
="04227P",0,6000,-6000,-659
="04686P",200000,0,200000,148000
="04827P",20000,0,20000,4199
="04860P",0,19000,-19000,-3230
="04994P",2000,0,2000,3099
="04997P",0,35000,-35000,-116847
="05006P",63000,10000,53000,8519
="05101P",1800000,0,1800000,143999
="05103P",300000,150000,150000,22000
="05128P",10000,44000,-34000,-30920
="05147P",200000,0,200000,153999
="05162P",0,1000,-1000,-319
="05297P",501000,100000,401000,131748
="05300P",100000,163000,-63000,-47988
="05342P",239000,160000,79000,51890
="05481P",35000,192000,-157000,-28090
="05482P",15000,0,15000,6000
="05594P",0,79000,-79000,-46109
="05595P",0,40000,-40000,-15639
="05632P",10000,72000,-62000,-23179
="05635P",20000,0,20000,3000
="05697P",181000,340000,-159000,-27721
="05699P",135000,52000,83000,34708
="05706P",548000,1178000,-630000,-131251
="05707P",10000,160000,-150000,-164000
="05711P",300000,0,300000,377999
="05750P",0,20000,-20000,-4399
="05776P",60000,50000,10000,-101
="05777P",0,165000,-165000,-62537
="05858P",200000,100000,100000,41001
="05884P",195000,0,195000,11699
="05888P",0,30000,-30000,-24000
="05906P",266000,23000,243000,284248
="05908P",374000,62000,312000,142510
="05915P",2000,0,2000,2019
="05916P",2000,0,2000,2249
="05934P",699000,0,699000,326529
="05955P",0,5000,-5000,-2549
="05973P",0,30000,-30000,-22299
="05986P",498000,192000,306000,220591
="06002P",40000,40000,0,-2101
="06113P",0,32000,-32000,-43939
="06136P",0,15000,-15000,-8449
="06137P",2000,12000,-10000,-8418
="06176P",2000,0,2000,1369
="06205P",20000,20000,0,200
="06206P",0,206000,-206000,-95878
="06245P",100000,0,100000,11999
="06248P",30000,621000,-591000,-429909
="06383P",0,5000,-5000,-5000
="06384P",26000,134000,-108000,-62260
="06396P",51000,108000,-57000,-51240
="06423P",23000,1000,22000,23790
="06427P",140000,1122000,-982000,-527776
="06495P",506000,0,506000,198557
="06534P",155000,0,155000,61349
="06560P",44000,0,44000,11880
="06603P",210000,0,210000,235100
="066526",109000,99000,10000,4079
="06662P",699000,100000,599000,994309
="06663P",499000,0,499000,865228
="06699P",60000,97000,-37000,-39838
="06700P",5000,789000,-784000,-736177
="06710P",1000,0,1000,720
="06711P",5000,155000,-150000,-162110
="06712P",86000,89000,-3000,-851
="06739P",10000,2000,8000,9030
="06741P",0,10000,-10000,-9100
="06753P",8000,68000,-60000,-57360
="06765P",30000,0,30000,29400
="068220",140000,5000,135000,305008
="068221",343000,144000,199000,263361
="068511",6000,3000,3000,4861
="068516",23000,0,23000,6440
="068671",108000,10000,98000,300499
="068848",53000,40000,13000,22170
="069192",71000,1823000,-1752000,-414088
="069193",2000,1000,1000,100
="069449",0,62000,-62000,-6200
="069933",23000,0,23000,1019
="070127",0,10000,-10000,-17599
="070131",175000,0,175000,34005
="070133",10000,0,10000,1599
="070134",1424000,0,1424000,63788
="070139",68000,673000,-605000,-138970
="070147",2000,0,2000,4400
="070148",205000,0,205000,3148
="070245",50000,0,50000,57999
="070374",10000,0,10000,15499
="070445",15000,15000,0,0
="070530",0,5000,-5000,-6100
="070859",5000,0,5000,949
="070865",97000,0,97000,33949
="070867",2000,0,2000,100
="071321",0,10000,-10000,-11499
="071444",0,1000,-1000,-239
="071445",70000,0,70000,191499
="071446",2000,0,2000,7079
="071447",13000,0,13000,519
="071448",45000,0,45000,69557
="071569",90000,0,90000,78300
="071573",15000,0,15000,16249
="072047",68000,20000,48000,126060
="072049",6000,56000,-50000,-45325
="072143",0,1000,-1000,-600
="072402",141000,8000,133000,101731
="072403",38000,0,38000,169158
="072404",17000,0,17000,30599
="072409",0,10000,-10000,-8399
="072462",207000,365000,-158000,-65870
="072559",165000,260000,-95000,-52500
="072561",194000,94000,100000,137323
="072796",0,20000,-20000,-2000
="072808",1000,0,1000,3410
="072812",0,2000,-2000,-2119
="073035",10000,0,10000,1500
="073036",191000,0,191000,106779
="073037",10000,0,10000,1500
="073038",187000,5000,182000,113440
="073039",660000,65000,595000,190161
="073040",10000,10000,0,799
="073095",0,50000,-50000,-145500
="073096",10000,0,10000,3000
="073099",4000,0,4000,10840
="073101",171000,0,171000,241537
="073102",214000,0,214000,450117
="073103",40000,0,40000,84399
="073105",191000,50000,141000,82028
="073106",31000,3000,28000,26689
="073377",1071000,84000,987000,652254
="073380",10000,0,10000,26600
="073382",60000,9000,51000,50369
="073385",0,50000,-50000,-23999
="073487",36000,126000,-90000,-56948
="073488",0,100000,-100000,-34999
="073492",0,12000,-12000,-28218
="073493",384000,21000,363000,208647
="073496",90000,30000,60000,69218
="073498",20000,30000,-10000,-1500
="073619",0,25000,-25000,-3149
="073739",1000,0,1000,3240
="073740",6000,8000,-2000,-5691
="073741",7000,0,7000,15800
="073747",20000,0,20000,5799
="073808",17000,0,17000,52699
="073809",0,136000,-136000,-41338
="073810",1000,0,1000,2019
="073811",166000,20000,146000,123579
="073979",0,50000,-50000,-171599
="073982",43000,0,43000,38569
="073983",0,100000,-100000,-30000
="074063",25000,30000,-5000,-1600
="074066",80000,18000,62000,33429
="074167",2000,0,2000,6219
="074170",142000,0,142000,112350
="074257",21000,975000,-954000,-545219
="074345",0,50000,-50000,-9049
="074347",30000,2000,28000,76900
="074352",10000,2749000,-2739000,-508528
="074448",355000,5000,350000,68548
="074452",96000,20000,76000,117360
="074453",0,1000,-1000,-59
="074495",32000,10000,22000,9680
="074680",30000,0,30000,88500
="074686",0,20000,-20000,-123000
="074783",46000,0,46000,69459
="074784",9000,0,9000,34758
="074791",352000,11000,341000,234919
="074792",105000,29000,76000,89667
="074801",22000,0,22000,31019
="074802",21000,0,21000,32129
="074810",3000,0,3000,4559
="074812",0,60000,-60000,-26697
="074813",0,10000,-10000,-13300
="074814",2000,0,2000,2259
="074815",5000,0,5000,4300
="074819",20000,24000,-4000,-4859
="074896",0,11000,-11000,-21039
="074897",5000,10000,-5000,-13999
="074900",38000,0,38000,64220
="074902",3000,100000,-97000,-36799
="074904",19000,5000,14000,28679
="074908",53000,0,53000,71550
="074909",0,3000,-3000,-4679
="075049",10000,32000,-22000,-76367
="075050",60000,0,60000,78298
="075051",0,21000,-21000,-75718
="075052",6000,20000,-14000,-29940
="075173",8000,74000,-66000,-68769
="075245",30000,0,30000,53999
="075396",3000,0,3000,6299
="075399",0,110000,-110000,-29199
="075401",3000,0,3000,7709
="075402",40000,5000,35000,67499
="075409",5000,0,5000,1299
="075411",0,10000,-10000,-4249
="075687",10000,0,10000,8300
="075692",1000,10000,-9000,-42349
="075693",10000,0,10000,5799
="075694",30000,0,30000,5400
="075785",0,10000,-10000,-52500
="075826",11000,0,11000,4070
="075827",136000,0,136000,430238
="075828",557000,27000,530000,333319
="075830",102000,100000,2000,7300
="075831",506000,0,506000,209698
="075964",16000,0,16000,71519
="075965",139000,34000,105000,67681
="075969",310000,507000,-197000,-70739
="075970",62000,3000,59000,49900
="075971",20000,0,20000,50398
="075972",0,10000,-10000,-8399
="076055",30000,0,30000,33600
="076057",134000,30000,104000,64120
="076059",260000,0,260000,111106
="076061",21000,0,21000,48228
="076062",10000,10000,0,401
="076063",16000,32000,-16000,-24559
="076064",105000,30000,75000,122587
="076289",0,26000,-26000,-82999
="076290",0,10000,-10000,-3499
="076291",24000,10000,14000,15199
="076292",223000,0,223000,79280
="076408",16000,0,16000,9600
="076411",2306000,349000,1957000,1969569
="076414",30000,10000,20000,13501
="076416",2000,108000,-106000,-72000
="076417",233000,0,233000,206269
="076418",100000,0,100000,123000
="076419",239000,58000,181000,217361
="076421",0,70000,-70000,-108397
="076537",10000,0,10000,10448
="076550",221000,89000,132000,161081
="076551",41000,121000,-80000,-154319
="076652",20000,423000,-403000,-308658
="076654",312000,70000,242000,182779
="076912",167000,149000,18000,7489
="076914",20000,51000,-31000,-41620
="076915",56000,21000,35000,79320
="076922",28000,0,28000,18408
="076923",58000,633000,-575000,-443809
="077061",15000,200000,-185000,-114819
="077064",0,2000,-2000,-899
="077065",67000,60000,7000,2192
="077069",10000,0,10000,32400
="077103",277000,133000,144000,383662
="077105",40000,0,40000,130717
="077107",14000,0,14000,4620
="077108",11000,5000,6000,22699
="077276",65000,0,65000,31499
="077278",22000,10000,12000,14479
="077452",20000,0,20000,35700
="077512",0,60000,-60000,-3599
="077585",248000,86000,162000,81739
="077586",2000,0,2000,4280
="077587",5000,5000,0,769
="077589",67000,15000,52000,18720
="077593",144000,0,144000,68097
="077594",24000,310000,-286000,-226898
="077595",0,141000,-141000,-89259
="077596",33000,10000,23000,78528
="077646",281000,79000,202000,104049
="077647",6000,51000,-45000,-33128
="077648",273000,0,273000,176489
="077649",0,20000,-20000,-86600
="077650",300000,146000,154000,86901
="077651",1373000,4000,1369000,19607799
="077652",105000,6000,99000,246706
="077653",1000,5000,-4000,-1539
="077654",107000,0,107000,141240
="077655",0,194000,-194000,-168780
="077656",30000,0,30000,14700
="077657",93000,0,93000,110639
="077810",50000,0,50000,94599
="077941",2000,46000,-44000,-155017
="077942",3000,0,3000,6509
="077944",10000,90000,-80000,-26630
="077945",70000,64000,6000,9863
="078024",30000,0,30000,13798
="078039",150000,0,150000,54000
="078087",155000,73000,82000,175827
="078089",5000,177000,-172000,-229902
="078090",0,56000,-56000,-76120
="078091",94000,185000,-91000,-79710
="078093",0,10000,-10000,-7599
="078094",18000,961000,-943000,-1393597
="078095",0,12000,-12000,-11740
="078096",4000,284000,-280000,-193958
="078097",0,100000,-100000,-35200
="078098",76000,110000,-34000,-45330
="078284",10000,0,10000,24500
="078388",25000,10000,15000,22250
="078461",22000,16000,6000,1850
="078462",12000,0,12000,8279
="078463",94000,0,94000,107758
="078464",0,300000,-300000,-281999
="078466",111000,60000,51000,95717
="078467",1000,0,1000,759
="078468",0,8000,-8000,-10079
="078469",45000,207000,-162000,-315063
="078470",69000,118000,-49000,-125993
="078471",4000,10000,-6000,-5160
="078472",3000,7000,-4000,-3930
="078473",284000,10000,274000,376587
="078474",60000,0,60000,35498
="078475",60000,100000,-40000,-37401
="078476",32000,0,32000,114158
="078529",0,1000,-1000,-2349
="078655",40000,0,40000,14998
="078717",15000,0,15000,5400
="078718",341000,457000,-116000,-76803
="078719",0,11000,-11000,-63800
="078720",0,14000,-14000,-18180
="078722",6000,172000,-166000,-320436
="078723",0,48000,-48000,-71520
="078724",175000,0,175000,141357
="078725",0,30000,-30000,-28499
="078845",2000,20000,-18000,-10350
="078846",13000,0,13000,21319
="078847",0,12000,-12000,-21368
="078848",274000,556000,-282000,-218612
="078849",22000,0,22000,29819
="078850",0,20000,-20000,-18599
="078851",159000,65000,94000,96660
="078853",6000,2000,4000,32850
="078854",55000,100000,-45000,-49061
="078856",7000,62000,-55000,-210386
="078943",0,10000,-10000,-7500
="078944",70000,50000,20000,17901
="078945",12000,121000,-109000,-284867
="078947",60000,0,60000,26999
="078948",92000,0,92000,54367
="078993",63000,3000,60000,50099
="078999",0,20000,-20000,-97200
="079051",3000,0,3000,3419
="079091",155000,360000,-205000,-228039
="079122",3000,0,3000,18150
="079186",0,20000,-20000,-98599
="079200",1000,2000,-1000,-7500
="079285",271000,667000,-396000,-493938
="079287",71000,0,71000,310457
="079288",8000,0,8000,26079
="079290",77000,21000,56000,23650
="079294",210000,0,210000,293999
="079425",839000,862000,-23000,-46998
="079426",303000,94000,209000,596856
="079427",0,10000,-10000,-3000
="079429",113000,0,113000,742599
="079430",30000,10000,20000,66901
="079431",550000,165000,385000,757436
="079432",4072000,518000,3554000,5167114
="079434",10000,30000,-20000,-83698
="079580",34000,0,34000,98260
="079582",4000,216000,-212000,-193609
="079583",15000,307000,-292000,-277257
="079586",0,90000,-90000,-24698
="079621",0,87000,-87000,-85260
="079660",20000,10000,10000,17899
="079727",659000,2000,657000,383039
="079728",0,170000,-170000,-261197
="079729",1000,73000,-72000,-345509
="079730",231000,132000,99000,113007
="079736",13000,16000,-3000,-2130
="079737",51000,10000,41000,34850
="079738",113000,10000,103000,496058
="079740",439000,260000,179000,177449
="079741",0,26000,-26000,-21438
="079742",1019000,74000,945000,1119567
="079744",382000,0,382000,218469
="079745",353000,395000,-42000,-17203
="079793",0,10000,-10000,-55000
="079868",70000,20000,50000,88400
="079870",26000,846000,-820000,-1081527
="079871",3000,6000,-3000,-14068
="079872",314000,30000,284000,519458
="079979",25000,20000,5000,1450
="079980",206000,583000,-377000,-469124
="079981",0,590000,-590000,-1057495
="079982",1000,17000,-16000,-11600
="079983",0,13000,-13000,-67000
="079984",102000,200000,-98000,-61802
="080033",10000,0,10000,5899
="080162",0,1000,-1000,-1620
="080165",2000,20000,-18000,-5040
="080166",67000,10000,57000,71978
="080167",222000,2000,220000,528955
="080168",1826000,584000,1242000,2666298
="080169",84000,138000,-54000,-177344
="080170",344000,24000,320000,1379391
="080171",10000,10000,0,9001
="080172",63000,22000,41000,144008
="080173",166000,533000,-367000,-694117
="080174",0,60000,-60000,-50500
="080175",32000,100000,-68000,-58681
="080176",0,40000,-40000,-28599
="080177",17000,100000,-83000,-382448
="080178",11000,51000,-40000,-166639
="080179",9000,1000,8000,52799
="080180",42000,34000,8000,26477
="080181",0,3000,-3000,-5130
="080182",404000,126000,278000,516030
="080184",0,26000,-26000,-19759
="080185",0,278000,-278000,-217056
="080224",18000,0,18000,69240
="080342",521000,86000,435000,246499
="080343",6000,5000,1000,5400
="080344",340000,121000,219000,259373
="080345",50000,60000,-10000,-4799
="080346",151000,347000,-196000,-116308
="080347",317000,757000,-440000,-361709
="080349",0,1000,-1000,-7800
="080351",573000,16000,557000,366148
="080405",5000,0,5000,9700
="080506",20000,0,20000,14700
="080537",240000,32000,208000,124992
="080538",92000,19000,73000,37829
="080539",27000,59000,-32000,-39701
="080540",20000,43000,-23000,-13637
="080541",66000,11000,55000,29789
="080542",589000,30000,559000,326588
="080544",200000,191000,9000,-199
="080545",0,10000,-10000,-38800
="080546",1000,44000,-43000,-17889
="080547",0,1000,-1000,-649
="080593",246000,10000,236000,120231
="080594",50000,8000,42000,18640
="080595",1016000,846000,170000,152753
="080596",94000,268000,-174000,-215637
="080597",40000,270000,-230000,-113846
="080599",30000,22000,8000,1561
="080600",90000,10000,80000,38399
="080601",161000,26000,135000,302636
="080602",3000,0,3000,5100
="080603",2000,24000,-22000,-50519
="080686",0,15000,-15000,-50850
="080843",1200000,0,1200000,4143999
="080858",100000,15000,85000,35549
="080859",823000,291000,532000,314871
="080860",464000,338000,126000,94549
="080861",40000,0,40000,100399
="080862",123000,61000,62000,82849
="080863",39000,41000,-2000,-2640
="080864",4000,0,4000,10479
="080865",5000,2000,3000,11440
="080867",80000,145000,-65000,-68600
="080868",215000,722000,-507000,-150598
="080869",120000,150000,-30000,-5700
="080870",25000,0,25000,11789
="081014",0,235000,-235000,-151418
="081015",84000,176000,-92000,-65188
="081016",121000,181000,-60000,-57577
="081018",398000,941000,-543000,-371828
="081019",98000,4000,94000,373218
="081020",46000,175000,-129000,-378895
="081021",223000,10000,213000,446439
="081023",0,55000,-55000,-198895
="081024",10000,0,10000,15299
="081025",0,35000,-35000,-80249
="081026",1701000,118000,1583000,2094761
="081213",75000,544000,-469000,-536077
="081214",144000,35000,109000,70771
="081215",18000,2000,16000,17151
="081216",10000,0,10000,2899
="081218",153000,42000,111000,101270
="081219",490000,335000,155000,112978
="081220",178000,60000,118000,143352
="081221",35000,10000,25000,34031
="081222",1101000,263000,838000,448842
="081223",170000,13000,157000,110390
="081224",412000,51000,361000,592027
="081225",1403000,147000,1256000,2975621
="081226",613000,487000,126000,261875
="081227",20000,5000,15000,17089
="081231",103000,60000,43000,9780
="081234",105000,0,105000,167130
="081270",353000,51000,302000,290051
="081271",268000,46000,222000,281938
="081273",75000,15000,60000,27128
="081274",209000,323000,-114000,-76851
="081275",35000,428000,-393000,-161186
="081276",20000,768000,-748000,-699629
="081277",301000,188000,113000,159333
="081278",208000,359000,-151000,-86598
="081279",0,50000,-50000,-12999
="081281",3000,0,3000,4080
="081282",113000,70000,43000,27407
="081283",704000,1071000,-367000,-852004
="081284",2000,111000,-109000,-156960
="081285",0,6000,-6000,-18749
="081286",205000,390000,-185000,-56549
="081287",257000,20000,237000,187669
="081288",15000,0,15000,23099
="081360",4000,0,4000,6639
="081361",10000,0,10000,29150
="081428",720000,122000,598000,168720
="081430",800000,903000,-103000,-78176
="081431",5000,1000,4000,11840
="081432",1028000,1382000,-354000,-545326
="081433",0,599000,-599000,-301988
="081434",522000,427000,95000,43762
="081435",164000,0,164000,186936
="081436",150000,604000,-454000,-208757
="081438",80000,10000,70000,38151
="081439",20000,50000,-30000,-38100
="081442",0,18000,-18000,-9079
="081443",360000,165000,195000,102250
="081444",193000,50000,143000,173497
="081445",2000,1000,1000,889
="081446",7000,100000,-93000,-43920
="081447",351000,270000,81000,59670
="081449",722000,150000,572000,339118
="081450",626000,152000,474000,231887
="081451",5000,0,5000,18799
="081473",5000,0,5000,7500
="081675",30000,30000,0,-1001
="081692",51000,0,51000,34377
="081709",482000,90000,392000,364116
="081711",22000,23000,-1000,-990
="081712",32000,5000,27000,28699
="081713",22000,0,22000,8579
="081714",8000,0,8000,5269
="081716",26000,30000,-4000,-4270
="081717",361000,30000,331000,118102
="081719",177000,162000,15000,8043
="081720",46000,0,46000,19799
="081721",233000,39000,194000,147440
="081722",75000,17000,58000,39395
="081723",10000,0,10000,4199
="081724",0,1720000,-1720000,-707203
="081725",230000,130000,100000,40148
="081726",94000,1221000,-1127000,-909357
="081727",1000,0,1000,1950
="081944",0,15000,-15000,-40348
="081945",237000,52000,185000,87010
="081947",102000,0,102000,86900
="081948",7000,30000,-23000,-22591
="081950",54000,3000,51000,85287
="081951",308000,170000,138000,92911
="081952",565000,23000,542000,196240
="081953",492000,594000,-102000,-106970
="081955",0,3000,-3000,-1439
="081957",40000,37000,3000,2591
="081958",0,138000,-138000,-56379
="081959",338000,153000,185000,261032
="082000",0,118000,-118000,-114460
="082043",599000,0,599000,742728
="082122",15000,20000,-5000,-7201
="082123",4000,1000,3000,3399
="082124",71000,561000,-490000,-296627
="082125",781000,1089000,-308000,-645204
="082126",108000,10000,98000,310541
="082127",940000,32000,908000,806288
="082128",623000,175000,448000,345442
="082129",532000,10000,522000,222401
="082130",0,283000,-283000,-192398
="082131",146000,184000,-38000,-10590
="082132",878000,351000,527000,609072
="082133",0,10000,-10000,-13799
="082134",634000,73000,561000,625689
="082135",0,72000,-72000,-33978
="082137",29000,110000,-81000,-56298
="082138",551000,195000,356000,190801
="082139",90000,3000,87000,24760
="082140",0,41000,-41000,-25127
="082141",60000,209000,-149000,-36289
="082142",0,150000,-150000,-46500
="082144",539000,455000,84000,151064
="082145",37000,236000,-199000,-118869
="082178",100000,0,100000,251999
="082301",10000,0,10000,9800
="082307",10000,0,10000,33800
="082314",0,10000,-10000,-15599
="082316",3000,90000,-87000,-26548
="082317",10000,10000,0,-99
="082318",670000,107000,563000,123211
="082319",19000,2000,17000,20371
="082320",208000,208000,0,3150
="082321",0,87000,-87000,-66347
="082322",48000,0,48000,55588
="082323",16000,86000,-70000,-125082
="082324",57000,0,57000,74147
="082325",79000,96000,-17000,-8768
="082326",649000,53000,596000,757355
="082327",156000,42000,114000,91541
="082328",71000,0,71000,56800
="082330",105000,0,105000,114749
="082331",627000,0,627000,430138
="082332",470000,93000,377000,263870
="082333",70000,3000,67000,45908
="082334",64000,14000,50000,45190
="082335",210000,0,210000,103000
="082336",0,50000,-50000,-9000
="082337",2000,12000,-10000,-17259
="082338",0,56000,-56000,-109628
="082339",176000,207000,-31000,-19729
="082340",22000,10000,12000,7220
="082475",87000,82000,5000,3054
="082476",226000,215000,11000,15525
="082477",41000,16000,25000,21612
="082479",0,12000,-12000,-4440
="082480",10000,0,10000,2599
="082481",13000,2000,11000,6770
="082482",13000,0,13000,9490
="082483",100000,55000,45000,12101
="082486",50000,5000,45000,13800
="082487",0,695000,-695000,-349048
="082488",440000,50000,390000,159969
="082489",76000,10000,66000,89816
="082490",79000,98000,-19000,-31790
="082491",135000,50000,85000,67609
="082494",156000,60000,96000,124700
="082495",47000,0,47000,46530
="082496",110000,30000,80000,121899
="082498",92000,94000,-2000,-900
="082499",51000,17000,34000,66440
="082500",401000,2000,399000,239589
="082501",2000,267000,-265000,-99719
="082502",0,292000,-292000,-29200
="082503",170000,0,170000,135199
="082507",0,12000,-12000,-18599
="082555",0,10000,-10000,-3799
="082556",30000,0,30000,8699
="082557",8000,10000,-2000,-2438
="082558",205000,710000,-505000,-291543
="082560",0,1000,-1000,-779
="082561",627000,31000,596000,485948
="082562",249000,60000,189000,189669
="082563",60000,0,60000,85098
="082564",3000,217000,-214000,-217668
="082565",450000,1476000,-1026000,-476019
="082566",881000,102000,779000,742279
="082567",92000,80000,12000,10082
="082568",0,5000,-5000,-8899
="082569",502000,137000,365000,554569
="082570",50000,5000,45000,254250
="082573",20000,33000,-13000,-4710
="082574",189000,190000,-1000,-11507
="082575",1000,20000,-19000,-8981
="082576",48000,26000,22000,6481
="082577",10000,10000,0,49
="082664",110000,0,110000,82400
="082750",64000,65000,-1000,-4801
="082751",0,40000,-40000,-35999
="082752",220000,126000,94000,54550
="082753",50000,111000,-61000,-23030
="082754",756000,115000,641000,525729
="082755",40000,26000,14000,2410
="082757",0,20000,-20000,-18398
="082758",140000,5000,135000,465199
="082759",1083000,270000,813000,541331
="082760",106000,10000,96000,136728
="082763",127000,25000,102000,54459
="082764",0,573000,-573000,-140469
="082766",5000,0,5000,14349
="082767",95000,5000,90000,44208
="082768",504000,152000,352000,389101
="082769",300000,0,300000,580198
="082770",10000,100000,-90000,-26499
="082771",350000,433000,-83000,-27389
="082772",1254000,928000,326000,272722
="082773",2092000,2152000,-60000,-19760
="082776",50000,41000,9000,12801
="082925",0,295000,-295000,-88579
="082927",36000,85000,-49000,-21719
="082928",40000,137000,-97000,-123228
="082929",1000,0,1000,629
="082931",81000,60000,21000,14629
="082932",50000,50000,0,-501
="082933",48000,111000,-63000,-23840
="082935",12000,400000,-388000,-238524
="082936",119000,5000,114000,233770
="082937",6000,0,6000,9600
="082950",2196000,0,2196000,1185839
="083005",50000,0,50000,30000
="083045",45000,40000,5000,4032
="083063",0,25000,-25000,-40250
="083197",50000,16000,34000,12362
="083198",110000,22000,88000,43162
="083199",0,515000,-515000,-276355
="083202",10000,28000,-18000,-3409
="083203",0,102000,-102000,-41818
="083204",0,1000,-1000,-419
="083205",0,18000,-18000,-5680
="083206",308000,40000,268000,55080
="083207",514000,527000,-13000,-3920
="083208",58000,0,58000,59978
="083209",10000,268000,-258000,-242250
="083210",34000,413000,-379000,-438996
="083211",51000,25000,26000,16270
="083212",62000,20000,42000,24427
="083213",10000,60000,-50000,-54001
="083215",426000,277000,149000,285120
="083216",0,1000,-1000,-589
="083218",2000,33000,-31000,-8140
="083219",135000,215000,-80000,-47019
="083326",20000,20000,0,0
="083330",215000,167000,48000,12471
="083331",445000,128000,317000,180807
="083332",79000,0,79000,21289
="083334",100000,3000,97000,55319
="083336",10000,102000,-92000,-37347
="083337",4000,50000,-46000,-57861
="083338",109000,22000,87000,171990
="083339",190000,905000,-715000,-499657
="083340",309000,52000,257000,316149
="083341",34000,175000,-141000,-118066
="083342",485000,476000,9000,5049
="083344",240000,10000,230000,227059
="083345",70000,560000,-490000,-888109
="083346",95000,0,95000,22097
="083349",549000,473000,76000,5432
="083350",353000,0,353000,289009
="083359",9000,0,9000,12539
="083433",5000,0,5000,3300
="083460",71000,6000,65000,47720
="083461",134000,37000,97000,47651
="083462",5000,0,5000,2949
="083463",1000,124000,-123000,-61061
="083464",155000,405000,-250000,-108598
="083465",0,11000,-11000,-7548
="083467",0,10000,-10000,-5899
="083468",4000,0,4000,4639
="083469",136000,0,136000,89260
="083471",39000,17000,22000,18620
="083472",17000,60000,-43000,-37560
="083474",0,4000,-4000,-14479
="083476",1060000,619000,441000,285790
="083478",16000,0,16000,4619
="083479",918000,195000,723000,356270
="083480",62000,30000,32000,16459
="083665",0,3000,-3000,-4380
="083668",83000,116000,-33000,-6325
="083669",0,63000,-63000,-40359
="083671",69000,1000,68000,35400
="083672",778000,378000,400000,334881
="083673",122000,154000,-32000,-8250
="083674",30000,120000,-90000,-28198
="083675",110000,0,110000,31999
="083678",72000,56000,16000,11750
="083679",19000,74000,-55000,-66790
="083680",455000,75000,380000,230949
="083682",76000,434000,-358000,-222797
="083684",37000,12000,25000,33911
="083685",100000,12000,88000,39679
="083687",24000,20000,4000,2161
="083688",30000,0,30000,13499
="083689",0,60000,-60000,-22399
="083759",0,50000,-50000,-25499
="083787",118000,3144000,-3026000,-1697985
="083788",311000,433000,-122000,-93255
="083789",46000,20000,26000,22460
="083790",72000,0,72000,51238
="083791",157000,63000,94000,90400
="083793",96000,0,96000,56699
="083794",50000,224000,-174000,-189447
="083796",177000,40000,137000,183140
="083797",20000,0,20000,9200
="083798",0,5000,-5000,-3100
="083799",225000,45000,180000,121879
="083883",20000,0,20000,26800
="083909",10000,0,10000,11799
="084005",0,50000,-50000,-20499
="084006",167000,2312000,-2145000,-621306
="084008",3000,500000,-497000,-200409
="084010",48000,40000,8000,3139
="084011",128000,20000,108000,62449
="084012",26000,135000,-109000,-67091
="084013",72000,0,72000,36719
="084017",0,21000,-21000,-5070
="084019",398000,969000,-571000,-702597
="084020",118000,5000,113000,70211
="084022",25000,348000,-323000,-228289
="084024",15000,5000,10000,4100
="084025",10000,59000,-49000,-42980
="084026",73000,437000,-364000,-287085
="084027",88000,204000,-116000,-92338
="084230",4000,75000,-71000,-29388
="084231",612000,3855000,-3243000,-1033538
="084232",288000,20000,268000,174878
="084233",0,10000,-10000,-5600
="084234",0,10000,-10000,-5199
="084236",9000,21000,-12000,-4729
="084237",91000,0,91000,53898
="084238",202000,50000,152000,92941
="084239",67000,0,67000,30118
="084240",0,32000,-32000,-15379
="084241",5000,21000,-16000,-13159
="084242",98000,139000,-41000,-24563
="084243",84000,1000,83000,173251
="084244",0,4000,-4000,-6739
="084245",796000,390000,406000,298812
="084246",321000,53000,268000,247227
="084247",10000,10000,0,200
="084248",624000,436000,188000,138989
="084249",0,45000,-45000,-4500
="084250",15000,160000,-145000,-87500
="084251",0,30000,-30000,-12499
="084263",400000,0,400000,467999
="084269",0,195000,-195000,-288600
="084372",50000,1000,49000,35270
="084375",305000,299000,6000,1540
="084378",765000,150000,615000,131951
="084379",0,30000,-30000,-12149
="084383",93000,9000,84000,43859
="084385",342000,110000,232000,207322
="084388",25000,140000,-115000,-83748
="084389",0,21000,-21000,-4858
="084390",0,10000,-10000,-3100
="084393",0,1187000,-1187000,-696969
="084532",230000,0,230000,61799
="084533",0,360000,-360000,-211517
="084536",220000,35000,185000,160401
="084537",76000,121000,-45000,-36436
="084538",52000,124000,-72000,-42410
="084539",70000,110000,-40000,-16400
="084540",0,32000,-32000,-34478
="084543",172000,20000,152000,80680
="084544",12000,0,12000,20280
="084545",479000,129000,350000,307720
="084546",392000,167000,225000,176451
="084547",0,93000,-93000,-11159
="084548",125000,904000,-779000,-319317
="084682",0,18000,-18000,-8820
="084683",602000,358000,244000,61199
="084684",64000,209000,-145000,-97661
="084685",238000,595000,-357000,-232968
="084686",218000,172000,46000,25800
="084687",1254000,336000,918000,903668
="084691",110000,154000,-44000,-37219
="084692",180000,577000,-397000,-148638
="084693",98000,110000,-12000,-4320
="084694",356000,0,356000,153080
="084695",0,90000,-90000,-98196
="084696",10000,0,10000,12300
="084697",136000,143000,-7000,-17255
="084699",0,55000,-55000,-63698
="084700",120000,256000,-136000,-139300
="084701",322000,29000,293000,356480
="084704",363000,117000,246000,210729
="084705",210000,7000,203000,132409
="084707",0,310000,-310000,-87400
="084708",86000,63000,23000,16738
="084710",185000,70000,115000,134252
="084821",55000,10000,45000,32151
="084822",19000,215000,-196000,-48649
="084823",273000,64000,209000,274279
="084824",50000,0,50000,28499
="084828",110000,444000,-334000,-196900
="084829",30000,11000,19000,15911
="084830",2000,154000,-152000,-182840
="084832",1000,30000,-29000,-23938
="084834",290000,53000,237000,453031
="084836",9000,0,9000,3468
="084837",147000,380000,-233000,-200669
="084838",195000,80000,115000,61800
="084840",50000,0,50000,31000
="084892",3000,50000,-47000,-33960
="084893",10000,120000,-110000,-78199
="084894",0,1000,-1000,-500
="084896",25000,48000,-23000,-26239
="084897",4000,0,4000,4199
="085026",242000,285000,-43000,-440
="085027",68000,115000,-47000,-18757
="085029",45000,3000,42000,62152
="085031",330000,71000,259000,86310
="085032",261000,634000,-373000,-231239
="085125",0,2000,-2000,-899
="085126",25000,60000,-35000,-24249
="085127",59000,109000,-50000,-37378
="085128",12000,2000,10000,17621
="085129",382000,50000,332000,188669
="085130",72000,0,72000,38159
="085131",45000,0,45000,132750
="085133",34000,499000,-465000,-461839
="085176",58000,291000,-233000,-532601
="085178",34000,40000,-6000,-1061
="085180",390000,0,390000,245988
="085181",150000,15000,135000,103700
="085183",227000,6000,221000,281368
="085265",193000,30000,163000,92679
="085266",27000,25000,2000,3223
="085267",134000,86000,48000,25942
="085269",100000,22000,78000,66862
="085270",0,62000,-62000,-44269
="085353",20000,0,20000,76400
="085386",10000,0,10000,17799
="085430",171000,0,171000,90629
="085431",1000,131000,-130000,-218340
="085432",20000,20000,0,600
="085433",0,5000,-5000,-22650
="085434",15000,0,15000,13950
="085435",747000,464000,283000,214809
="085437",354000,0,354000,194047
="085439",365000,15000,350000,224498
="085443",158000,25000,133000,120802
="085646",4000,10000,-6000,-2499
="085648",569000,305000,264000,55318
="085649",54000,47000,7000,3311
="085650",53000,39000,14000,42462
="085651",59000,38000,21000,18260
="085652",0,20000,-20000,-17599
="085653",168000,112000,56000,39190
="085655",260000,509000,-249000,-117097
="085656",95000,979000,-884000,-1054322
="085657",2000,40000,-38000,-18240
="085659",0,9000,-9000,-4917
="085660",0,40000,-40000,-12799
="085661",80000,35000,45000,17120
="085662",71000,125000,-54000,-19379
="085663",0,20000,-20000,-9200
="085666",360000,172000,188000,146899
="085667",2050000,2400000,-350000,-255794
="085668",259000,15000,244000,210328
="085669",44000,144000,-100000,-86178
="085670",2000,0,2000,1080
="085671",20000,10000,10000,13900
="085672",140000,45000,95000,77302
="085674",230000,188000,42000,40393
="085675",162000,10000,152000,104751
="085676",237000,177000,60000,66569
="085677",590000,253000,337000,196021
="085732",0,200000,-200000,-179999
="085765",0,9000,-9000,-14310
="085843",168000,174000,-6000,-1179
="085844",418000,521000,-103000,-83069
="085845",74000,25000,49000,53202
="085846",68000,90000,-22000,-14879
="085847",155000,600000,-445000,-156699
="085849",120000,71000,49000,18510
="085850",48000,68000,-20000,-15518
="085851",11000,0,11000,10869
="085852",17000,75000,-58000,-66401
="085854",71000,20000,51000,23562
="085856",237000,75000,162000,79489
="085858",0,25000,-25000,-13047
="085860",210000,130000,80000,72981
="085861",481000,182000,299000,200139
="085862",0,301000,-301000,-120418
="085863",200000,337000,-137000,-57830
="085866",52000,56000,-4000,-4929
="085867",21000,0,21000,19678
="085868",20000,10000,10000,3001
="086022",10000,0,10000,21900
="086052",80000,0,80000,58400
="086053",0,20000,-20000,-13400
="086055",0,4000,-4000,-2119
="086056",10000,0,10000,27999
="086057",76000,40000,36000,91389
="086058",1053000,1915000,-862000,-1354108
="086059",167000,173000,-6000,12441
="086060",335000,21000,314000,281958
="086061",65000,385000,-320000,-221301
="086062",230000,0,230000,69000
="086063",100000,272000,-172000,-48330
="086064",0,50000,-50000,-14499
="086066",511000,411000,100000,88264
="086067",1186000,60000,1126000,545360
="086068",9000,325000,-316000,-262755
="086069",115000,28000,87000,105821
="086070",0,300000,-300000,-118996
="086071",10000,11000,-1000,-500
="086072",0,3000,-3000,-2120
="086139",0,3000,-3000,-1830
="086217",53000,0,53000,34449
="086218",0,1000,-1000,-740
="086219",89000,153000,-64000,-38840
="086220",10000,77000,-67000,-31659
="086221",0,10000,-10000,-3150
="086222",0,4000,-4000,-1399
="086223",0,31000,-31000,-10869
="086224",50000,20000,30000,119799
="086226",130000,12000,118000,60960
="086227",44000,0,44000,31679
="086228",146000,135000,11000,15212
="086229",273000,21000,252000,220670
="086233",94000,123000,-29000,-50386
="086264",0,50000,-50000,-27500
="086304",5000,0,5000,16699
="086393",0,248000,-248000,-208218
="086394",152000,70000,82000,68911
="086395",170000,20000,150000,85399
="086396",21000,50000,-29000,-22660
="086397",4000,9000,-5000,-4640
="086398",0,308000,-308000,-234769
="086400",287000,18000,269000,152129
="086401",147000,0,147000,257838
="086404",85000,50000,35000,16350
="086405",472000,3000,469000,595425
="086406",40000,505000,-465000,-500830
="086407",60000,567000,-507000,-366208
="086409",40000,0,40000,32400
="086411",0,100000,-100000,-20000
="086413",30000,0,30000,11399
="086437",0,68000,-68000,-46928
="086472",10000,0,10000,27400
="086477",45000,56000,-11000,-17589
="086479",27000,25000,2000,2724
="086480",0,110000,-110000,-59299
="086481",0,67000,-67000,-72360
="086482",513000,178000,335000,343629
="086483",174000,15000,159000,126268
="086484",215000,88000,127000,135003
="086485",0,5000,-5000,-1749
="086486",1377000,3494000,-2117000,-1434727
="086487",40000,0,40000,32000
="086651",0,50000,-50000,-50000
="086672",10000,2000,8000,13480
="086675",119000,500000,-381000,-374118
="086676",48000,775000,-727000,-968236
="086677",15000,623000,-608000,-643078
="086678",62000,0,62000,74798
="086679",529000,731000,-202000,-239227
="086680",335000,220000,115000,66677
="086681",1585000,922000,663000,565692
="086682",220000,511000,-291000,-223352
="086683",64000,9000,55000,49789
="086684",323000,178000,145000,236432
="086686",40000,0,40000,67600
="086687",153000,436000,-283000,-360912
="086688",20000,10000,10000,13701
="086786",0,28000,-28000,-18820
="086795",41000,82000,-41000,-57891
="086797",25000,0,25000,26499
="086798",101000,116000,-15000,411
="086799",193000,381000,-188000,-244738
="086800",205000,30000,175000,137118
="086801",59000,15000,44000,85878
="086802",30000,0,30000,65400
="086803",115000,27000,88000,149660
="086804",233000,55000,178000,96730
="086806",247000,56000,191000,146398
="086807",2000,0,2000,6199
="086808",26000,10000,16000,12420
="086948",20000,40000,-20000,-80198
="086966",10000,0,10000,3199
="086967",155000,31000,124000,73950
="086968",154000,30000,124000,102840
="086969",11000,0,11000,6299
="086970",0,100000,-100000,-98500
="086971",0,60000,-60000,-45299
="086972",572000,126000,446000,315492
="086973",8000,397000,-389000,-241258
="086975",0,15000,-15000,-6379
="087070",416000,391000,25000,12940
="087071",977000,1458000,-481000,-417730
="087072",0,261000,-261000,-141919
="087073",0,30000,-30000,-20549
="087077",0,11000,-11000,-9899
="087078",385000,41000,344000,360545
="087080",70000,90000,-20000,-12997
="087081",34000,11000,23000,26039
="087082",218000,25000,193000,207769
="087171",228000,574000,-346000,-433108
="087172",36000,99000,-63000,-70311
="087174",140000,100000,40000,71928
="087307",0,48000,-48000,-33119
="087345",30000,0,30000,69299
="087406",10000,0,10000,25599
="087411",0,226000,-226000,-119779
="087413",11000,100000,-89000,-172482
="087415",63000,0,63000,29609
="087416",51000,0,51000,105258
="087417",169000,448000,-279000,-473139
="087418",59000,237000,-178000,-516336
="087419",954000,95000,859000,1975182
="087420",37000,191000,-154000,-114738
="087421",100000,0,100000,104298
="087422",105000,12000,93000,91621
="087440",42000,0,42000,217199
="087515",10000,0,10000,16499
="087536",200000,30000,170000,86400
="087537",0,24000,-24000,-20520
="087538",2510000,1868000,642000,707461
="087539",37000,8000,29000,32859
="087540",140000,77000,63000,290142
="087541",0,94000,-94000,-78839
="087703",167000,483000,-316000,-350178
="087704",146000,144000,2000,-7712
="087705",80000,2000,78000,110879
="087706",21000,0,21000,28186
="087707",0,20000,-20000,-18799
="087709",10000,5000,5000,3250
="087710",89000,113000,-24000,-19308
="087712",2000,25000,-23000,-35428
="087713",3000,0,3000,6600
="087714",56000,25000,31000,32409
="087715",186000,8000,178000,248957
="087716",0,422000,-422000,-364749
="087717",18000,103000,-85000,-133538
="087718",36000,75000,-39000,-52570
="087719",251000,0,251000,266957
="087720",100000,0,100000,56000
="087721",214000,95000,119000,292498
="087923",17000,206000,-189000,-149606
="087924",69000,75000,-6000,-491
="087925",76000,0,76000,83038
="087928",22000,0,22000,19928
="087929",52000,0,52000,46928
="087930",20000,2000,18000,17600
="087931",180000,24000,156000,157500
="087933",499000,610000,-111000,-86980
="087934",300000,262000,38000,26699
="087935",354000,134000,220000,202410
="087937",1000,0,1000,2140
="087938",230000,215000,15000,17993
="087939",527000,30000,497000,302430
="087940",119000,0,119000,45468
="087941",20000,0,20000,12200
="087942",594000,10000,584000,449768
="087952",17000,0,17000,119850
="088069",1036000,309000,727000,814781
="088070",25000,361000,-336000,-585010
="088072",594000,734000,-140000,-100231
="088073",0,10000,-10000,-5899
="088074",116000,1879000,-1763000,-1761668
="088076",112000,10000,102000,54801
="088079",61000,140000,-79000,-67911
="088080",17000,538000,-521000,-431709
="088081",53000,9000,44000,47921
="088082",50000,0,50000,25999
="088092",150000,0,150000,674498
="088206",170000,14000,156000,108739
="088207",358000,290000,68000,26641
="088208",0,1000,-1000,-819
="088209",11000,118000,-107000,-82689
="088210",0,26000,-26000,-18769
="088211",91000,56000,35000,72650
="088212",229000,0,229000,153024
="088215",5000,10000,-5000,-3350
="088216",11000,177000,-166000,-174058
="088217",17000,230000,-213000,-174190
="088218",61000,16000,45000,49349
="088287",620000,797000,-177000,-293414
="088350",127000,37000,90000,59297
="088351",110000,5000,105000,47550
="088352",50000,418000,-368000,-238748
="088353",400000,465000,-65000,-60819
="088355",98000,72000,26000,20580
="088356",2527000,10000,2517000,1706509
="088357",139000,150000,-11000,-15329
="088359",21000,0,21000,10318
="088360",20000,38000,-18000,-13480
="088361",41000,0,41000,26239
="088446",78000,107000,-29000,-21360
="088447",371000,43000,328000,346729
="088448",19000,5000,14000,15638
="088449",1000,0,1000,899
="088450",57000,4000,53000,47560
="088451",150000,0,150000,78998
="088452",237000,1000,236000,293520
="088453",363000,619000,-256000,-330258
="088454",109000,671000,-562000,-1097900
="088455",125000,0,125000,131298
="088457",11000,60000,-49000,-46888
="088458",178000,161000,17000,23590
="088477",10000,0,10000,14800
="088583",403000,28000,375000,405599
="088584",2568000,611000,1957000,955921
="088585",0,3000,-3000,-1769
="088586",387000,548000,-161000,-181557
="088587",87000,120000,-33000,-29471
="088588",399000,512000,-113000,-111867
="088589",472000,329000,143000,80284
="088590",128000,6000,122000,152728
="088591",156000,1000,155000,119829
="088592",5000,16000,-11000,-7249
="088593",10000,12000,-2000,-1091
="088594",76000,0,76000,53906
="088751",29000,0,29000,16909
="088752",532000,214000,318000,219410
="088754",128000,27000,101000,99292
="088755",335000,23000,312000,304178
="088756",329000,136000,193000,120512
="088757",68000,15000,53000,34600
="088759",10000,20000,-10000,-7300
="088919",23000,0,23000,14260
="088924",2000,34000,-32000,-23501
="088925",0,3000,-3000,-2459
="088926",1000,2000,-1000,-1018
="088927",9000,0,9000,7019
="088931",0,10000,-10000,-9900
="088933",14000,140000,-126000,-111237
="088935",0,140000,-140000,-99599
="088936",50000,28000,22000,48861
="088937",130000,1190000,-1060000,-797928
="088938",93000,74000,19000,49392
="088939",53000,110000,-57000,-40370
="088940",0,93000,-93000,-59939
="088941",178000,67000,111000,94362
="088942",20000,66000,-46000,-36799
="088943",0,170000,-170000,-86799
="088944",30000,0,30000,12900
="088945",30000,206000,-176000,-94721
="088946",428000,3000,425000,206960
="088965",100000,0,100000,56000
="089036",410000,0,410000,934998
="089063",30000,0,30000,138300
="089084",165000,825000,-660000,-508857
="089085",537000,33000,504000,418018
="089087",35000,10000,25000,10049
="089088",0,100000,-100000,-62999
="089089",0,2000,-2000,-1779
="089090",131000,455000,-324000,-169785
="089091",20000,16000,4000,9522
="089092",352000,74000,278000,283733
="089093",234000,230000,4000,10712
="089094",104000,123000,-19000,-19372
="089095",181000,689000,-508000,-684165
="089096",266000,1323000,-1057000,-1211981
="089098",160000,0,160000,91398
="089121",3000,0,3000,3000
="089149",60000,0,60000,263598
="089249",0,22000,-22000,-20980
="089250",65000,125000,-60000,-54101
="089252",155000,225000,-70000,-33092
="089253",63000,132000,-69000,-38241
="089254",34000,115000,-81000,-51167
="089255",313000,153000,160000,389951
="089256",91000,40000,51000,114242
="089257",142000,951000,-809000,-1148997
="089258",1000,64000,-63000,-129178
="089259",1000,100000,-99000,-44449
="089261",177000,75000,102000,179803
="089262",36000,0,36000,30209
="089263",0,17000,-17000,-14279
="089264",1000,0,1000,959
="089265",20000,0,20000,16399
="089285",420000,0,420000,1155000
="089288",840000,0,840000,2675400
="089386",2000,0,2000,2169
="089447",1000,25000,-24000,-15619
="089450",5000,0,5000,4650
="089451",51000,0,51000,50490
="089452",63000,40000,23000,56590
="089453",15000,3000,12000,10171
="089454",3000,742000,-739000,-736019
="089455",81000,83000,-2000,-9870
="089456",10000,61000,-51000,-72939
="089457",51000,161000,-110000,-148456
="089458",536000,1944000,-1408000,-1582882
="089459",87000,946000,-859000,-616937
="089460",142000,1506000,-1364000,-2525173
="089461",50000,211000,-161000,-219783
="089536",60000,0,60000,219298
="089555",63000,45000,18000,18709
="089556",0,79000,-79000,-67530
="089557",1383000,84000,1299000,2377190
="089558",49000,145000,-96000,-75611
="089562",110000,166000,-56000,-32971
="089563",8000,0,8000,18159
="089564",0,37000,-37000,-65628
="089565",235000,192000,43000,80791
="089566",183000,318000,-135000,-94498
="089600",0,3000,-3000,-9720
="089702",501000,0,501000,2434860
="089742",0,29000,-29000,-22039
="089743",140000,267000,-127000,-112409
="089744",20000,2000,18000,31000
="089745",0,72000,-72000,-59759
="089746",0,73000,-73000,-47509
="089747",0,85000,-85000,-164230
="089748",5000,2000,3000,7361
="089749",63000,10000,53000,35809
="089750",1000,0,1000,1019
="089753",495000,200000,295000,679931
="089755",232000,54000,178000,137808
="089756",45000,316000,-271000,-155627
="089757",756000,61000,695000,418850
="089758",106000,235000,-129000,-138802
="089888",115000,797000,-682000,-941183
="089889",139000,793000,-654000,-701302
="089890",103000,220000,-117000,-66840
="089891",40000,0,40000,16799
="089892",559000,821000,-262000,-259102
="089960",50000,0,50000,241000
="1101",22410,10369,12041,562847
="1102",0,21000,-21000,-996950
="1103",1,0,1,22
="1104",4100,2300,1800,44665
="1108",2000,5000,-3000,-40700
="1109",0,21000,-21000,-531299
="1201",1001,1000,1,172
="1210",43000,68000,-25000,-1385099
="1215",3004,0,3004,226802
="1216",104000,5000,99000,7175999
="1217",5000,5000,0,550
="1220",3000,0,3000,43500
="1227",3000,3000,0,-899
="1229",10000,801500,-791500,-39464844
="1232",0,100,-100,-14300
="1264",0,100,-100,-28100
="1301",585030,19000,566030,58732090
="1303",95100,69040,26060,2284172
="1304",69000,63836,5164,155571
="1305",54000,330000,-276000,-10362943
="1307",0,8000,-8000,-172949
="1308",11000,4000,7000,186849
="1309",25020,21033,3987,187502
="1310",2000,150,1850,37805
="1312",8000,110080,-102080,-2856893
="1313",87100,88200,-1100,-54412
="1314",129000,48000,81000,1003248
="1316",3000,0,3000,34899
="1324",0,255000,-255000,-3142997
="1325",400,2000,-1600,-136000
="1326",63010,224000,-160990,-14172318
="1340",2,0,2,22
="1342",0,9000,-9000,-536699
="1402",500,24000,-23500,-711676
="1409",24000,128500,-104500,-1964124
="1414",1,0,1,14
="1432",3254,359000,-355746,-6055508
="1435",2,0,2,52
="1438",0,12000,-12000,-433199
="1440",488150,187000,301150,6857578
="1441",1400,1000,400,3296
="1444",7000,55170,-48170,-607080
="1447",3000,10200,-7200,-75839
="1449",6,0,6,134
="1452",10000,2000,8000,168100
="1453",1000,150,850,7388
="1454",54000,0,54000,526328
="1455",10000,13080,-3080,-44133
="1456",30000,40000,-10000,-197502
="1457",2300,3000,-700,-14269
="1459",0,14000,-14000,-142898
="1464",7000,0,7000,123549
="1465",0,135,-135,-1808
="1466",3000,0,3000,51098
="1467",25000,192000,-167000,-3539046
="1471",2004,10000,-7996,-94954
="1476",24000,8000,16000,7960500
="1477",123002,3000,120002,29721483
="1503",0,1000,-1000,-49450
="1504",10000,2001,7999,264215
="1506",0,100000,-100000,-1078197
="1507",2000,2000,0,1300
="1512",4,0,4,20
="1513",83302,245000,-161698,-8653079
="1514",0,5000,-5000,-128750
="1515",7000,7000,0,98
="1517",79002,105000,-25998,-635794
="1519",25000,19000,6000,315849
="1524",1000,0,1000,11000
="1525",0,3000,-3000,-244500
="1526",4000,5000,-1000,-60199
="1527",0,1000,-1000,-52599
="1528",10000,200,9800,108790
="1532",0,1000,-1000,-34650
="1533",2000,2000,0,6199
="1535",1000,0,1000,38049
="1536",22000,26000,-4000,-410500
="1538",100,0,100,1044
="1539",2000,0,2000,40299
="1541",4000,0,4000,223600
="1558",90,43000,-42910,-7473784
="1560",0,1000,-1000,-70599
="1565",2001,15001,-13000,-4134505
="1568",4000,0,4000,129799
="1580",501,100,401,43954
="1582",550,0,550,50107
="1584",1000,6000,-5000,-70848
="1586",0,1000,-1000,-45450
="1587",2000,0,2000,63850
="1589",1000,10000,-9000,-712699
="1590",9000,2000,7000,7605000
="1592",115000,0,115000,311696
="1593",1000,1000,0,4500
="1597",4000,2000,2000,267000
="1598",9100,11000,-1900,-189575
="1603",3000,0,3000,78300
="1604",5006,0,5006,152932
="1605",623905,402000,221905,4457379
="1608",24000,37000,-13000,-223300
="1609",135000,1954000,-1819000,-37480495
="1612",28000,29200,-1200,-34731
="1616",3000,0,3000,19500
="1618",60000,395050,-335050,-5826954
="1701",0,10000,-10000,-236000
="1702",2100,1000,1100,54070
="1707",12,100,-88,-15748
="1709",4000,9000,-5000,-89498
="1710",0,3000,-3000,-61999
="1711",85000,654400,-569400,-10722643
="1712",21000,0,21000,457649
="1714",13000,34000,-21000,-216400
="1717",13000,1000,12000,446150
="1718",72000,49528,22472,239766
="1720",8000,1000,7000,275948
="1722",40000,15000,25000,1430199
="1723",0,3000,-3000,-344000
="1725",9000,128,8872,234111
="1731",2000,2000,0,-301
="1733",20000,0,20000,483349
="1734",0,2000,-2000,-63000
="1735",5000,0,5000,90500
="1736",1000,102000,-101000,-8700698
="1737",5,1000,-995,-33632
="1752",1000,0,1000,39650
="1760",1000,0,1000,79699
="1773",21450,0,21450,2489845
="1777",1000,0,1000,110000
="1783",5,0,5,163
="1784",5000,1000,4000,168796
="1785",557050,136000,421050,24307751
="1789",10000,0,10000,267500
="1795",5000,0,5000,402799
="1799",0,2000,-2000,-36000
="1802",448221,153240,294981,6847197
="1808",10000,0,10000,560999
="1809",0,2200,-2200,-30300
="1810",20000,10000,10000,118498
="1815",698000,311215,386785,6888757
="1903",4000,3000,1000,60600
="1904",5000,255000,-250000,-10151039
="1905",377000,689100,-312100,-5948260
="1906",16000,276088,-260088,-5256671
="1907",50100,139000,-88900,-3306127
="1909",333000,249000,84000,2158750
="2002",8338050,5215013,3123037,99663905
="2006",254000,168000,86000,4808998
="2007",24000,25000,-1000,-22297
="2008",0,1000,-1000,-17899
="2009",18000,42000,-24000,-857752
="2010",16033,115200,-99167,-1969315
="2012",2000,26000,-24000,-509296
="2013",7000,4000,3000,134450
="2014",1017000,383000,634000,18052352
="2015",28000,21100,6900,567970
="2017",171000,157000,14000,247395
="2020",26000,0,26000,624000
="2022",100,13000,-12900,-113471
="2023",1701050,758261,942789,16196880
="2025",4,0,4,14
="2027",1212040,1362379,-150339,-5361723
="2028",85000,59000,26000,839398
="2029",12000,0,12000,338447
="2030",6000,2000,4000,63500
="2031",1690000,917000,773000,37630889
="2032",13000,12000,1000,13999
="2033",0,6100,-6100,-92473
="2034",88000,25000,63000,1819950
="2038",380100,133000,247100,6190805
="2049",50000,11000,39000,16387000
="2063",25000,0,25000,882750
="2069",22000,21000,1000,8450
="2101",0,1000,-1000,-41599
="2102",7000,20100,-13100,-325714
="2103",421200,97000,324200,9356745
="2104",6451,2001,4450,124076
="2105",2000,7000,-5000,-239149
="2108",322001,100000,222001,30601135
="2109",1,0,1,18
="2114",0,1000,-1000,-128500
="2201",353165,514000,-160835,-7497810
="2204",2000,11032,-9032,-617349
="2206",3000,18000,-15000,-465999
="2207",11,0,11,6426
="2208",362414,56000,306414,6834842
="2211",82010,103000,-20990,-1515323
="2227",0,100,-100,-28100
="2228",3000,0,3000,248800
="2230",0,2000,-2000,-35500
="2231",9000,24050,-15050,-3645750
="2233",87000,69000,18000,2176500
="2239",200,0,200,20500
="2243",0,30000,-30000,-353246
="2301",9000,15100,-6100,-394249
="2303",3361035,4228020,-866985,-44708839
="2305",8000,0,8000,76718
="2308",18210,89334,-71124,-20589862
="2312",128000,374000,-246000,-3465347
="2313",99100,77000,22100,901430
="2314",841000,298000,543000,22831198
="2316",105006,125631,-20625,-713054
="2317",268321,376175,-107854,-13094479
="2323",180000,26000,154000,1696100
="2324",12000,44000,-32000,-861401
="2327",45697,42000,3697,1849244
="2328",102000,215500,-113500,-4917296
="2329",13000,232000,-219000,-3719200
="2330",252483,74838,177645,108886001
="2331",258000,104000,154000,4702351
="2332",28125,318000,-289875,-7029428
="2337",216489,211000,5489,270396
="2338",254000,141000,113000,9409003
="2340",98000,40000,58000,1635901
="2342",11000,1000,10000,387350
="2344",921000,1817000,-896000,-29971647
="2345",4,1000,-996,-263938
="2347",47000,2000,45000,2477597
="2348",1000,1000,0,-1500
="2349",0,3000,-3000,-32400
="2351",0,15000,-15000,-1198697
="2352",180001,83000,97001,3166000
="2353",376000,267430,108570,3579800
="2354",15000,18000,-3000,-225797
="2355",13000,21000,-8000,-270848
="2356",13000,22000,-9000,-244701
="2357",8010,32000,-23990,-8806295
="2359",6000,13000,-7000,-129299
="2360",3000,0,3000,561000
="2362",0,146,-146,-4496
="2363",46000,30000,16000,305449
="2365",0,1000,-1000,-13500
="2367",11000,77000,-66000,-1444450
="2368",42000,722000,-680000,-34883997
="2369",30001,14000,16001,279016
="2371",72000,130000,-58000,-1528650
="2374",10000,0,10000,170000
="2375",67007,145000,-77993,-9219660
="2376",227005,70000,157005,16783517
="2377",66230,19000,47230,7734490
="2379",49100,103000,-53900,-26725000
="2380",10000,0,10000,118500
="2382",4000,156000,-152000,-14681197
="2383",55095,16100,38995,6731322
="2385",2000,32000,-30000,-2692100
="2387",1000,0,1000,63099
="2388",15000,11000,4000,226397
="2390",207000,12000,195000,3597646
="2392",11000,11000,0,449
="2393",8000,94000,-86000,-4023497
="2395",3000,2000,1000,347000
="2399",19000,320000,-301000,-10204701
="2401",315000,319112,-4112,-84643
="2402",101000,20000,81000,1542349
="2404",12139,10000,2139,584592
="2405",13001,1000,12001,165562
="2406",5001,625000,-619999,-13441373
="2408",410090,262000,148090,14786297
="2409",3694450,6306131,-2611681,-65056051
="2412",2926000,504005,2421995,274113443
="2413",1000,1000,0,-1000
="2415",12000,5000,7000,296851
="2417",8004,8000,4,-7151
="2420",1000,5000,-4000,-152651
="2421",24000,3000,21000,1102800
="2425",33500,5000,28500,1140247
="2426",21000,37000,-16000,-417299
="2428",100,153000,-152900,-27336000
="2430",0,2000,-2000,-53700
="2431",5,0,5,69
="2436",351200,151000,200200,13281935
="2439",3005,5000,-1995,-258843
="2440",1000,7000,-6000,-114300
="2441",1000,16100,-15100,-1052291
="2442",3000,5000,-2000,-21099
="2443",2,1000,-998,-3103
="2449",284000,1494000,-1210000,-49957493
="2450",0,9096,-9096,-310473
="2451",64265,2000,62265,4516051
="2453",4000,0,4000,102000
="2454",53011,481010,-427999,-406114930
="2455",157200,90000,67200,8201400
="2456",36011,45000,-8989,-939347
="2457",727004,439062,287942,9173368
="2458",36000,91020,-55020,-11290420
="2459",10000,1000,9000,516700
="2460",5000,5000,0,400
="2464",13000,2000,11000,533700
="2465",41288,105000,-63712,-3846778
="2467",29000,24000,5000,300600
="2468",71000,64000,7000,207300
="2471",9000,42000,-33000,-970299
="2472",2150,4000,-1850,-134101
="2474",0,1000,-1000,-199000
="2476",8000,32000,-24000,-772399
="2477",26000,154000,-128000,-4766495
="2478",3000,7000,-4000,-305699
="2481",29000,112000,-83000,-4533798
="2483",8000,0,8000,168000
="2484",3000,15000,-12000,-303149
="2485",5004,6000,-996,-19175
="2486",45000,85000,-40000,-1530902
="2488",0,2000,-2000,-69750
="2489",305193,437000,-131807,-2150631
="2491",5000,320000,-315000,-8648091
="2492",25130,88998,-63868,-15604565
="2493",1000,1000,0,-350
="2497",2000,19000,-17000,-656647
="2498",32001,95000,-62999,-2089920
="2501",6000,73700,-67700,-1378491
="2504",50000,41000,9000,212550
="2505",8000,62000,-54000,-2006300
="2506",0,1000,-1000,-10649
="2509",10000,5000,5000,95549
="2511",90001,0,90001,1013261
="2515",2008,0,2008,18312
="2516",4003,0,4003,20304
="2520",1003,5000,-3997,-158330
="2527",2000,0,2000,43350
="2530",1,0,1,14
="2534",4,1200,-1196,-25096
="2535",7003,14000,-6997,-236448
="2537",11,0,11,105
="2538",100001,18000,82001,834110
="2540",2000,0,2000,140399
="2542",3000,16000,-13000,-562101
="2546",2,0,2,100
="2547",4002,11000,-6998,-80078
="2548",0,1000,-1000,-92599
="2601",64000,43000,21000,241748
="2603",8524700,12010320,-3485620,-205756606
="2605",78001,278000,-199999,-4462081
="2606",183000,269000,-86000,-3749599
="2607",92000,197000,-105000,-2069696
="2608",1,0,1,43
="2609",4597000,3518000,1079000,48240999
="2610",3888150,3631080,257070,4572669
="2611",22000,491000,-469000,-6602498
="2612",17001,50,16951,665902
="2613",1001,1000,1,371
="2614",3003,0,3003,52951
="2615",278000,240102,37898,2213654
="2616",3,0,3,108
="2617",30000,84000,-54000,-1370847
="2618",1017000,4665800,-3648800,-64578548
="2633",1000,6000,-5000,-153399
="2634",6364,9000,-2636,-76929
="2636",9001,14000,-4999,-281045
="2637",2000,0,2000,76000
="2641",16000,26000,-10000,-149201
="2643",5000,0,5000,337500
="2704",1,6000,-5999,-175471
="2705",10007,0,10007,194138
="2706",0,230,-230,-3220
="2723",16000,10000,6000,1062500
="2727",21036,127000,-105964,-20500426
="2729",4002,0,4002,1004504
="2731",9000,0,9000,806400
="2732",1000,0,1000,133500
="2734",1000,0,1000,24899
="2754",2000,0,2000,146099
="2755",10,0,10,572
="2801",10001,0,10001,176516
="2812",1,1000,-999,-11489
="2820",1001,8000,-6999,-109885
="2823",15001,58000,-42999,-1113844
="2832",1,100,-99,-2280
="2834",3005,2000,1005,9747
="2836",0,20,-20,-211
="2838",1000,0,1000,11100
="2841",1,0,1,6
="2852",1,0,1,13
="2855",56000,52772,3228,78063
="2867",115000,85000,30000,277482
="2880",7169,17000,-9831,-186298
="2881",34431,69000,-34569,-1975318
="2881A",0,562000,-562000,-34844000
="2882",7004,991000,-983996,-47690850
="2883",40000,55010,-15010,-162510
="2884",441213,53000,388213,10231352
="2885",30001,800686,-770685,-17905891
="2886",29000,17542,11458,367661
="2887",17001,6000,11001,148313
="2888",83500,214000,-130500,-1225669
="2889",2101,9000,-6899,-112574
="2890",16001,16000,1,-538
="2891",164,38000,-37836,-836100
="2892",250961,18207,232754,5188779
="2906",0,197,-197,-3299
="2911",1196,1000,196,1391
="2912",18,0,18,4923
="2913",195002,3000,192002,3401532
="2915",0,3000,-3000,-238498
="2916",5000,0,5000,108500
="2923",0,2000,-2000,-63599
="3003",4000,15000,-11000,-749102
="3004",16000,0,16000,968500
="3005",1000,2000,-1000,-55700
="3006",200001,143000,57001,6831138
="3008",3047,4000,-953,-2943190
="3010",229,100,129,10385
="3014",200002,161000,39002,4440226
="3015",0,10000,-10000,-528799
="3016",23000,39000,-16000,-1222193
="3017",15004,47000,-31996,-2154729
="3018",2001,2000,1,-510
="3019",11000,28000,-17000,-1473700
="3022",1000,15000,-14000,-789301
="3023",1028,5000,-3972,-1012874
="3024",1005,0,1005,12313
="3025",13002,0,13002,462621
="3026",0,1000,-1000,-127000
="3027",4,6000,-5996,-191573
="3028",0,1000,-1000,-27700
="3029",0,1000,-1000,-47549
="3031",3000,3000,0,-851
="3032",21001,0,21001,996745
="3033",1004,4000,-2996,-64916
="3034",210001,310998,-100997,-58876267
="3035",99001,286000,-186999,-10929640
="3036",4001,0,4001,179645
="3037",55005,323000,-267995,-23191856
="3038",1001,6000,-4999,-102580
="3041",5001,0,5001,147928
="3042",864001,207000,657001,68467605
="3043",5,0,5,24
="3044",3000,270726,-267726,-36542736
="3045",5000,0,5000,494500
="3047",49000,67000,-18000,-237800
="3048",7001,4000,3001,100335
="3049",31001,3159,27842,350232
="3050",1001,2000,-999,-17582
="3051",1000,20999,-19999,-160501
="3052",4001,0,4001,53112
="3055",1,2000,-1999,-71664
="3057",44,0,44,503
="3058",71001,27000,44001,905519
="3059",101002,328000,-226998,-9966460
="3060",44192,13049,31143,566351
="3062",5000,3000,2000,42648
="3071",55000,62000,-7000,-211404
="3078",12000,197000,-185000,-10647198
="3081",3000,0,3000,769500
="3083",0,2000,-2000,-109398
="3086",0,1050,-1050,-143875
="3090",1,0,1,53
="3092",8000,79000,-71000,-5179792
="3093",132000,9000,123000,7417497
="3094",2001,5000,-2999,-113063
="3105",34415,15000,19415,7134545
="3114",4000,0,4000,104400
="3122",20000,329000,-309000,-13004242
="3128",0,2000,-2000,-40200
="3130",0,100,-100,-16150
="3131",0,1446,-1446,-516164
="3138",2115,93,2022,595938
="3141",1000,6000,-5000,-351499
="3147",0,106000,-106000,-4878087
="3149",25000,27000,-2000,-114396
="3152",8000,93000,-85000,-45173000
="3163",103000,60000,43000,2593698
="3164",1,0,1,23
="3167",0,1000,-1000,-70500
="3169",9000,4000,5000,782500
="3171",2000,0,2000,51150
="3176",5,0,5,338
="3178",3000,2000,1000,90099
="3189",74000,55000,19000,1963000
="3202",28004,0,28004,496174
="3205",1,0,1,31
="3206",1000,0,1000,36200
="3209",2001,0,2001,55428
="3211",1400,44000,-42600,-5050400
="3217",4000,3076,924,116494
="3218",1000,2000,-1000,-286000
="3221",13000,8000,5000,116099
="3227",14500,14000,500,117250
="3228",23051,28000,-4949,-2077180
="3230",29000,0,29000,559699
="3231",500,29000,-28500,-929147
="3232",1000,69000,-68000,-1118449
="3236",1000,6000,-5000,-162848
="3257",6000,0,6000,513500
="3259",38000,0,38000,1716848
="3260",129000,96000,33000,2539902
="3264",19000,73000,-54000,-2380648
="3265",10000,20000,-10000,-316098
="3268",14000,2000,12000,383799
="3272",2000,2000,0,-601
="3276",2000,13000,-11000,-188199
="3289",2038,1000,1038,56650
="3293",4011,6000,-1989,-1481553
="3294",1000,0,1000,26500
="3296",1000,0,1000,26000
="3305",1001,4000,-2999,-134403
="3306",1000,0,1000,22000
="3311",1000,20000,-19000,-791299
="3312",1,3000,-2999,-64479
="3317",1,15000,-14999,-823544
="3321",1,0,1,14
="3322",9000,33000,-24000,-553901
="3323",1000,3000,-2000,-101100
="3324",2100,12000,-9900,-2086100
="3325",4004,0,4004,123030
="3338",11182,11000,182,7072
="3346",6000,107000,-101000,-5788997
="3354",1000,202000,-201000,-3385791
="3356",5001,0,5001,156030
="3360",6000,1000,5000,83350
="3362",12000,7000,5000,560500
="3363",25000,59000,-34000,-1076650
="3372",10000,5000,5000,105251
="3373",1,0,1,81
="3374",55100,197500,-142400,-22639450
="3376",95000,2000,93000,11308000
="3379",6000,0,6000,97200
="3380",14000,66000,-52000,-1845396
="3388",0,1600,-1600,-125600
="3402",0,25000,-25000,-1082549
="3406",19100,20000,-900,-364600
="3413",48050,337000,-288950,-73856750
="3416",0,2000,-2000,-156800
="3419",1,0,1,22
="3437",15002,51000,-35998,-1291978
="3441",1000,1000,0,-1000
="3443",35004,43000,-7996,-3172410
="3444",0,1000,-1000,-43200
="3450",6011,1000,5011,331518
="3455",1000,0,1000,63099
="3465",1000,0,1000,201500
="3466",0,58000,-58000,-781097
="3479",38004,11000,27004,1672042
="3481",11253600,10152000,1101600,25342201
="3483",129004,77079,51925,6386254
="3484",20000,14000,6000,470500
="3490",2000,9000,-7000,-208950
="3491",0,1000,-1000,-71900
="3492",2000,0,2000,39200
="3494",2,0,2,9
="3499",101000,73000,28000,607101
="3501",1000,0,1000,52700
="3504",2000,2000,0,2001
="3508",15001,15000,1,13729
="3512",19000,36000,-17000,-630047
="3515",3000,1000,2000,308500
="3516",25000,74000,-49000,-928899
="3518",1,0,1,30
="3523",1000,104000,-103000,-1272798
="3526",0,1000,-1000,-158000
="3527",13000,12000,1000,111000
="3529",57025,88050,-31025,-23624055
="3530",5000,6000,-1000,-147000
="3532",0,14000,-14000,-2003000
="3533",8142,22000,-13858,-6534835
="3535",7001,7000,1,367
="3537",0,4000,-4000,-167499
="3540",14050,12000,2050,164304
="3541",80,0,80,4160
="3545",449004,353000,96004,17749796
="3548",23000,0,23000,1828497
="3550",4,0,4,76
="3551",0,1000,-1000,-56400
="3552",378000,71060,306940,71577170
="3556",24000,20018,3982,287344
="3563",2000,16000,-14000,-3958500
="3567",15000,138000,-123000,-4769691
="3570",0,1000,-1000,-86599
="3576",63646,54002,9644,135788
="3577",0,3000,-3000,-109049
="3580",26000,1000,25000,1751097
="3583",12000,24000,-12000,-840103
="3587",12120,151000,-138880,-19016440
="3588",4000,5000,-1000,-77098
="3591",29000,10000,19000,420097
="3593",6000,0,6000,102600
="3594",6000,5000,1000,31300
="3596",255000,288000,-33000,-4315500
="3597",3000,0,3000,99299
="3605",2003,0,2003,91238
="3607",10004,0,10004,151563
="3611",1000,1000,0,-8500
="3615",6004,114000,-107996,-3088581
="3622",42200,25000,17200,737105
="3623",23000,71000,-48000,-1089198
="3624",1000,0,1000,32400
="3625",0,16000,-16000,-398447
="3630",43050,33000,10050,614582
="3631",0,2000,-2000,-109000
="3632",2,0,2,19
="3645",0,39000,-39000,-2118199
="3653",6004,9000,-2996,-867360
="3661",1100,45000,-43900,-26032700
="3664",0,1000,-1000,-12800
="3665",9142,9100,42,48139
="3666",168000,104000,64000,3966504
="3669",1000,50,950,82100
="3673",3000,50000,-47000,-2281395
="3675",3000,24000,-21000,-1934998
="3679",0,1000,-1000,-139500
="3680",16000,29033,-13033,-4395665
="3682",10000,0,10000,95748
="3686",24000,380000,-356000,-6737295
="3687",4000,93000,-89000,-5374494
="3689",0,15000,-15000,-481348
="3691",8002,22000,-13998,-2698605
="3694",2000,2000,0,601
="3702",15000,23920,-8920,-420680
="3702A",0,10000,-10000,-505000
="3703",214000,170000,44000,1098101
="3704",54000,204000,-150000,-5816841
="3706",50000,0,50000,1432499
="3707",72000,121000,-49000,-3235301
="3708",0,5000,-5000,-692000
="3710",0,3000,-3000,-36449
="3711",56001,176000,-119999,-13443891
="3714",19103,8762,10341,836724
="4102",1000,0,1000,23100
="4104",75000,0,75000,4362997
="4105",0,24000,-24000,-1696398
="4108",1000,10000,-9000,-247699
="4111",1000,0,1000,23600
="4113",4,0,4,58
="4119",0,1000,-1000,-90599
="4123",82000,95100,-13100,-891653
="4128",14000,5000,9000,591294
="4133",1000,1000,0,-99
="4137",0,100,-100,-22300
="4141",2000,2000,0,-360
="4142",1,10000,-9999,-556945
="4147",1000,0,1000,73699
="4155",1000,0,1000,25950
="4157",0,20000,-20000,-466499
="4160",1000,867,133,2943
="4162",3000,9000,-6000,-457402
="4167",26000,35000,-9000,-278151
="4168",12000,14100,-2100,-91948
="4173",1000,0,1000,21850
="4190",2000,0,2000,195298
="4205",0,100,-100,-11100
="4306",3001,150,2851,46048
="4402",1,0,1,7
="4414",4,20000,-19996,-205957
="4426",0,1000,-1000,-25250
="4506",0,2000,-2000,-116599
="4513",0,108000,-108000,-1227297
="4528",6000,0,6000,303399
="4536",1000,46000,-45000,-7553500
="4540",10000,10000,0,-12200
="4551",56000,18000,38000,6969000
="4554",0,1000,-1000,-28600
="4555",0,1000,-1000,-54099
="4562",0,2000,-2000,-47299
="4568",1000,0,1000,72800
="4571",2,1000,-998,-148200
="4576",6000,14000,-8000,-1252500
="4580",0,17000,-17000,-1598000
="4707",4000,12000,-8000,-107100
="4720",5000,5000,0,-2599
="4721",33005,24000,9005,678971
="4726",89000,91000,-2000,-67752
="4728",0,4000,-4000,-341000
="4729",7000,223186,-216186,-3077856
="4735",0,2000,-2000,-190399
="4736",4000,4000,0,12000
="4739",94000,14000,80000,6725998
="4743",9000,25000,-16000,-3944500
="4744",0,35000,-35000,-991397
="4745",2000,0,2000,59000
="4746",2000,2000,0,1499
="4760",4004,0,4004,500504
="4763",1000,0,1000,131500
="4803",45000,0,45000,1708298
="4807",1000,1000,0,-100
="4904",0,2000,-2000,-130800
="4906",188100,80000,108100,3773604
="4908",3000,0,3000,110349
="4909",39001,128000,-88999,-2599513
="4912",14000,0,14000,2716000
="4915",1000,13000,-12000,-704200
="4916",1000,0,1000,25000
="4919",232000,129000,103000,6452296
="4924",3000,0,3000,57000
="4927",8004,201000,-192996,-11819946
="4930",3000,0,3000,104399
="4931",0,9000,-9000,-202500
="4934",16000,10000,6000,161399
="4935",1000,0,1000,105000
="4938",10320,19000,-8680,-636141
="4939",58000,91000,-33000,-883096
="4943",0,1000,-1000,-66800
="4944",0,6000,-6000,-222948
="4946",5000,0,5000,199999
="4950",3000,0,3000,71850
="4952",24000,11000,13000,702299
="4953",5000,3000,2000,200000
="4956",0,2000,-2000,-48799
="4958",43000,560000,-517000,-55785500
="4960",103000,15000,88000,1227144
="4961",137505,66450,71055,24944863
="4966",2000,16000,-14000,-15695000
="4967",22000,1000,21000,1070100
="4968",32001,38015,-6014,-3147760
="4971",1000,0,1000,56299
="4972",0,250,-250,-9000
="4974",2193,0,2193,127271
="4976",24553,10000,14553,1395396
="4977",38035,0,38035,4324557
="4979",1000,0,1000,24299
="4989",1000,0,1000,39750
="5009",273000,36000,237000,4490847
="5014",2000,2000,0,-1001
="5015",0,5000,-5000,-172999
="5102",0,1000,-1000,-17200
="5213",3000,0,3000,69000
="5215",0,14000,-14000,-1953000
="5220",5000,0,5000,215000
="5223",0,3000,-3000,-266600
="5227",117,0,117,1462
="5243",4000,62000,-58000,-4216996
="5245",26000,0,26000,1332249
="5251",1000,1000,0,-207
="5258",5000,0,5000,128498
="5263",1000,2000,-1000,-123000
="5269",7010,6000,1010,1477500
="5272",41000,31000,10000,372701
="5274",5000,6000,-1000,-1850000
="5276",0,1000,-1000,-20299
="5283",1000,0,1000,127500
="5285",5000,11000,-6000,-462900
="5289",21257,0,21257,3778599
="5291",5000,167000,-162000,-5107438
="5299",21000,24101,-3101,-578550
="5302",384969,281000,103969,1504388
="5306",5000,5050,-50,-11350
="5309",0,1000,-1000,-39049
="5315",3000,0,3000,55199
="5344",9000,0,9000,161149
="5347",87000,52000,35000,3986500
="5351",24000,6000,18000,454848
="5355",20000,0,20000,168917
="5371",62200,7050,55150,3191450
="5383",0,6000,-6000,-159499
="5386",8000,9000,-1000,-80099
="5388",0,8000,-8000,-602097
="5392",1000,0,1000,28350
="5410",1000,0,1000,24000
="5425",130100,98000,32100,1723876
="5434",400,0,400,53877
="5438",1063,562000,-560937,-8015161
="5439",61000,24000,37000,2373802
="5443",6000,2000,4000,167199
="5452",14000,14000,0,-6853
="5457",0,3000,-3000,-251298
="5460",2,1000,-998,-12326
="5469",51000,2000,49000,2406996
="5471",9000,50000,-41000,-4280000
="5474",2000,0,2000,392000
="5478",0,1000,-1000,-112500
="5481",0,5000,-5000,-71250
="5483",23040,98000,-74960,-12616740
="5490",1,72000,-71999,-2196918
="5498",14000,23000,-9000,-179405
="5515",5000,0,5000,66699
="5519",0,30000,-30000,-610500
="5521",1002,0,1002,10871
="5529",0,14000,-14000,-267400
="5534",0,3000,-3000,-245099
="5543",1000,0,1000,62500
="5608",907000,1244000,-337000,-7857999
="5701",5,0,5,13
="5820",820000,1000,819000,10443250
="5871",0,10000,-10000,-2046000
="5876",0,26000,-26000,-1097200
="5880",1100,9000,-7900,-165500
="5902",0,1000,-1000,-22000
="5904",20,0,20,11780
="5905",11000,9000,2000,22549
="6005",2000,6000,-4000,-64101
="6015",2000,0,2000,29800
="6016",10000,23000,-13000,-211249
="6023",0,1000,-1000,-52200
="6104",17000,41000,-24000,-1737000
="6108",1,0,1,22
="6112",7000,50000,-43000,-1807250
="6113",0,3450,-3450,-54024
="6116",1174000,2140900,-966900,-17583674
="6118",6000,6000,0,-1652
="6120",0,6000,-6000,-100548
="6121",4452,20000,-15548,-5612035
="6125",5001,55000,-49999,-1389471
="6127",182001,141000,41001,1432931
="6129",3000,24000,-21000,-880551
="6130",2000,0,2000,45099
="6136",0,2,-2,-38
="6138",46000,53000,-7000,-1048000
="6139",19000,8000,11000,350396
="6143",3000,9000,-6000,-286551
="6147",85001,77000,8001,594773
="6148",1,1000,-999,-16882
="6150",17000,13000,4000,654000
="6151",18000,14000,4000,238751
="6152",4,1000,-996,-11152
="6153",192000,970000,-778000,-30874198
="6155",4000,2000,2000,56699
="6156",5000,0,5000,102599
="6158",7000,1000,6000,208245
="6160",0,200,-200,-5192
="6163",1004,0,1004,18978
="6164",2000,0,2000,23700
="6165",5000,15000,-10000,-418251
="6167",0,10000,-10000,-100000
="6168",1000,4000,-3000,-64801
="6170",2000,0,2000,49500
="6173",20,8000,-7980,-556213
="6175",28000,65000,-37000,-1431545
="6176",16000,2300,13700,1710400
="6179",0,5000,-5000,-182498
="6180",33004,2000,31004,1988558
="6182",600530,1091000,-490470,-22673695
="6187",200400,70034,130366,19471056
="6188",5000,5000,0,797
="6189",2,0,2,81
="6190",0,2000,-2000,-43099
="6191",6000,13000,-7000,-228451
="6192",1000,101000,-100000,-7823296
="6196",38000,28000,10000,1188000
="6197",1000,0,1000,41599
="6201",1000,0,1000,51599
="6202",10500,5100,5400,523320
="6203",11000,13000,-2000,-212500
="6207",0,400,-400,-13280
="6208",42000,2000,40000,1760696
="6209",79000,146000,-67000,-2905399
="6213",37002,215000,-177998,-24781224
="6214",400,0,400,35120
="6215",5000,10000,-5000,-120698
="6217",1000,7000,-6000,-234699
="6219",210000,0,210000,5243000
="6223",72001,69100,2901,172125
="6224",5000,5000,0,-7500
="6228",2000,0,2000,25899
="6229",12000,0,12000,460849
="6230",1000,2000,-1000,-216500
="6231",4000,5000,-1000,-78602
="6233",6000,3000,3000,125349
="6237",63000,65000,-2000,-163500
="6239",19000,59000,-40000,-4320000
="6244",52134,470000,-417866,-16140112
="6245",13000,111000,-98000,-6579394
="6248",1000,0,1000,28799
="6251",27000,44000,-17000,-357701
="6257",42849,1095000,-1052151,-52010447
="6261",3100,0,3100,214877
="6264",0,72000,-72000,-627864
="6266",1000,0,1000,20649
="6269",21014,97100,-76086,-9003092
="6271",16360,36050,-19690,-3860685
="6274",89000,52000,37000,4666500
="6275",3000,14000,-11000,-381749
="6276",4000,4000,0,-3051
="6278",24000,13000,11000,1260500
="6279",1000,15000,-14000,-1577500
="6281",0,100,-100,-8440
="6282",35000,26000,9000,265949
="6283",4100,7000,-2900,-170701
="6284",23001,632000,-608999,-43473319
="6285",52000,8000,44000,3267298
="6288",6000,0,6000,182199
="6290",40000,6000,34000,2415298
="6411",78100,58000,20100,3244000
="6412",332,2000,-1668,-125131
="6414",8000,11000,-3000,-755000
="6416",185002,170000,15002,3186854
="6417",1000,0,1000,75000
="6418",2000,13000,-11000,-167749
="6426",0,1000,-1000,-105000
="6432",1000,0,1000,44650
="6435",13000,11000,2000,267000
="6438",38000,57000,-19000,-2428000
="6441",3000,17000,-14000,-1582000
="6442",1000,13000,-12000,-450048
="6443",54150,558000,-503850,-20629075
="6449",0,15000,-15000,-984398
="6451",0,13000,-13000,-1452000
="6456",24000,95000,-71000,-8466500
="6457",24000,7000,17000,3040500
="6461",1000,0,1000,21000
="6462",29001,10000,19001,3139663
="6469",1000,0,1000,135000
="6472",31000,11000,20000,4882000
="6477",4000,394000,-390000,-26031990
="6485",63301,251100,-187799,-23595704
="6488",27075,32145,-5070,-3775475
="6491",30000,3000,27000,10353000
="6492",100,0,100,15650
="6494",0,3000,-3000,-334500
="6496",1000,1768,-768,-22873
="6504",1000,1000,0,500
="6505",0,7200,-7200,-717580
="6509",3002,79000,-75998,-2106142
="6510",3050,16000,-12950,-10029520
="6512",0,200,-200,-3629
="6516",0,27000,-27000,-3434500
="6525",0,2000,-2000,-161899
="6531",36000,41100,-5100,-3645600
="6533",10,20,-10,-5235
="6535",9000,6000,3000,121399
="6538",0,4000,-4000,-671000
="6541",0,11000,-11000,-778300
="6542",1000,0,1000,63799
="6547",101013,3070,97943,28034809
="6548",35000,201000,-166000,-11953387
="6558",1000,0,1000,47500
="6569",2,0,2,276
="6570",0,1000,-1000,-27200
="6573",0,2000,-2000,-40400
="6576",10150,5200,4950,490000
="6582",181000,57000,124000,35307000
="6589",33000,84000,-51000,-7781000
="6590",0,1000,-1000,-71199
="6591",6000,9000,-3000,-222899
="6592",301000,1000,300000,26305190
="6594",46000,4000,42000,2192700
="6603",5000,0,5000,71399
="6605",71,1350,-1279,-79749
="6615",1000,30000,-29000,-1604496
="6640",0,1000,-1000,-82099
="6643",22000,13000,9000,3656500
="6651",1000,1000,0,-3000
="6655",0,2000,-2000,-120599
="6666",2000,0,2000,183800
="6667",12000,22000,-10000,-796902
="6668",6000,36000,-30000,-3014101
="6669",0,2000,-2000,-1636000
="6670",0,1000,-1000,-220500
="6672",0,1000,-1000,-90800
="6679",10000,24000,-14000,-4001000
="6683",5000,8000,-3000,-1075000
="6698",1,0,1,49
="6703",2,0,2,232
="6706",54001,24000,30001,5602186
="6715",2000,0,2000,237000
="6716",2000,0,2000,302000
="6727",1000,0,1000,56700
="6728",0,3000,-3000,-231900
="6732",0,1000,-1000,-703000
="6743",8000,16000,-8000,-1355500
="6756",5001,2001,3000,895993
="6776",500,0,500,23996
="6781",41312,11038,30274,18595927
="6803",400,2000,-1600,-356731
="712612",180000,0,180000,25200
="712980",25000,0,25000,11800
="712981",405000,0,405000,85049
="713833",0,2000,-2000,-2599
="714011",420000,0,420000,57399
="714033",48000,0,48000,28800
="714272",16000,0,16000,819
="714431",292000,50000,242000,65939
="714513",160000,30000,130000,140099
="714518",144000,0,144000,44159
="714620",13000,0,13000,11569
="714622",108000,0,108000,83039
="714685",101000,0,101000,12108
="714686",3000,0,3000,6899
="714712",0,734000,-734000,-274439
="714755",0,100000,-100000,-122097
="714837",50000,0,50000,10898
="714856",0,40000,-40000,-31198
="714858",26000,320000,-294000,-49939
="714860",0,25000,-25000,-14149
="714889",80000,0,80000,33099
="714995",0,232000,-232000,-95298
="715012",9000,0,9000,8298
="715013",8000,3000,5000,700
="715065",6000,0,6000,1620
="715066",5000,2000,3000,6750
="715069",12000,6000,6000,8941
="715070",100000,46000,54000,42442
="715071",17000,3000,14000,25210
="715072",36000,10000,26000,16440
="715073",1000,0,1000,8399
="715116",17000,0,17000,24960
="715158",120000,92000,28000,3260
="715159",10000,5000,5000,1701
="715161",1000,5000,-4000,-16400
="715163",50000,58000,-8000,-8120
="715164",6000,0,6000,7649
="715180",30000,30000,0,-2000
="715216",0,5000,-5000,-3950
="715239",619000,216000,403000,585398
="715285",20000,40000,-20000,-14499
="715286",0,125000,-125000,-68750
="715327",5000,50000,-45000,-28648
="715357",1000,0,1000,59
="715519",94000,13000,81000,79999
="715520",0,3000,-3000,-4199
="715548",1392000,236000,1156000,602988
="715552",59000,0,59000,63377
="715553",105000,4000,101000,37899
="715554",0,26000,-26000,-20409
="715555",25000,18000,7000,8141
="715656",109000,0,109000,67580
="715657",109000,140000,-31000,-11721
="715659",57000,0,57000,17100
="715660",101000,0,101000,69490
="715661",329000,85000,244000,165353
="715662",157000,10000,147000,108317
="715694",23000,450000,-427000,-198078
="715765",10000,0,10000,6349
="715780",109000,0,109000,55588
="715813",137000,89000,48000,59978
="715855",10000,0,10000,500
="715901",0,33000,-33000,-143199
="715902",400000,0,400000,167999
="715972",28000,0,28000,24358
="716034",708000,27000,681000,511929
="716036",0,26000,-26000,-11180
="716037",15000,4000,11000,10788
="716112",48000,34000,14000,16760
="716137",82000,36000,46000,54860
="716216",10000,0,10000,2099
="716252",401000,33000,368000,211269
="716296",0,140000,-140000,-228200
="716297",1110000,30000,1080000,1756128
="716298",3000,32000,-29000,-126859
="716299",0,212000,-212000,-134798
="716347",76000,5000,71000,72209
="716358",0,25000,-25000,-42750
="716367",0,5000,-5000,-6200
="716368",55000,22000,33000,59660
="716369",397000,193000,204000,455080
="716370",21000,127000,-106000,-185330
="716432",2000,13000,-11000,-11149
="716433",2000,75000,-73000,-77470
="716439",5000,0,5000,4000
="716508",13000,0,13000,11569
="716590",51000,0,51000,47038
="716592",244000,16000,228000,253899
="716593",2000,3000,-1000,-1151
="716594",115000,101000,14000,9717
="716595",26000,55000,-29000,-54497
="716596",10000,0,10000,30099
="716677",0,240000,-240000,-28799
="716690",3000,0,3000,2279
="716759",0,11000,-11000,-9570
="716760",150000,0,150000,120498
="716761",350000,14000,336000,124181
="716816",1189000,223000,966000,873780
="716838",444000,484000,-40000,23885
="716891",126000,0,126000,336200
="716905",812000,58000,754000,374420
="716907",0,5000,-5000,-6000
="716908",43000,98000,-55000,-45819
="716953",365000,242000,123000,118972
="716954",169000,0,169000,123479
="716955",107000,5000,102000,93329
="716956",72000,10000,62000,63258
="716957",108000,307000,-199000,-214509
="716958",267000,654000,-387000,-156409
="716997",37000,0,37000,27418
="716998",496000,270000,226000,154619
="717053",264000,3000,261000,239876
="717054",0,20000,-20000,-24000
="717061",5000,0,5000,2649
="717085",141000,152000,-11000,29729
="717086",169000,6000,163000,98739
="717087",129000,49000,80000,44261
="717088",230000,10000,220000,100799
="717101",158000,195000,-37000,-85240
="717102",68000,91000,-23000,-39774
="717103",404000,100000,304000,190480
="717159",20000,0,20000,29398
="717192",24000,0,24000,86118
="717197",13000,0,13000,32759
="717198",10000,0,10000,32000
="717203",5000,1000,4000,4211
="717204",0,130000,-130000,-132619
="717205",0,5000,-5000,-9689
="717206",17000,314000,-297000,-168557
="717207",11000,220000,-209000,-95059
="717208",0,120000,-120000,-115196
="717210",0,193000,-193000,-193028
="717305",3000,0,3000,4860
="717307",1000,0,1000,319
="717308",514000,214000,300000,340082
="717309",60000,0,60000,40200
="717333",10000,0,10000,13300
="717351",42000,0,42000,20580
="717353",216000,82000,134000,96360
="717354",85000,194000,-109000,-83650
="717355",351000,335000,16000,11068
="717356",1035000,470000,565000,375603
="717357",258000,1327000,-1069000,-763290
="717358",409000,122000,287000,272557
="717361",0,92000,-92000,-15310
="717362",155000,30000,125000,76501
="717363",10000,73000,-63000,-31489
="717364",181000,0,181000,110448
="717459",250000,523000,-273000,-186578
="717460",137000,20000,117000,76657
="717461",55000,503000,-448000,-352885
="717462",0,300000,-300000,-133999
="717464",1000,0,1000,990
="717465",76000,11000,65000,58501
="717467",226000,786000,-560000,-575969
="717468",957000,168000,789000,257320
="717469",0,147000,-147000,-78507
="717474",20000,0,20000,14098
="717475",10000,0,10000,9599
="717481",50000,131000,-81000,-169860
="717488",0,10000,-10000,-5099
="717515",253000,126000,127000,85250
="717516",91000,57000,34000,16649
="717517",214000,50000,164000,50340
="717519",125000,300000,-175000,-126550
="717520",276000,60000,216000,148401
="717521",222000,5000,217000,173689
="717524",20000,69000,-49000,-47771
="717525",773000,264000,509000,236258
="717566",5000,1000,4000,1880
="717568",3000,0,3000,1709
="717569",17000,0,17000,15047
="717570",20000,40000,-20000,-7799
="717601",524000,265000,259000,131403
="717603",143000,216000,-73000,-124172
="717604",9000,39000,-30000,-31970
="717606",20000,30000,-10000,-2401
="717607",586000,118000,468000,243469
="717608",100000,0,100000,80000
="717609",1199000,56000,1143000,1002119
="717610",0,10000,-10000,-3799
="717635",20000,30000,-10000,-18460
="717636",165000,0,165000,54450
="717639",191000,217000,-26000,5937
="717641",4000,0,4000,2720
="717683",34000,31000,3000,15579
="717684",56000,20000,36000,22629
="717685",18000,35000,-17000,-17211
="717686",0,14000,-14000,-4809
="717688",17000,0,17000,8839
="717689",10000,1000,9000,11449
="717734",496000,143000,353000,113489
="717735",803000,562000,241000,221912
="717737",186000,26000,160000,235491
="717738",40000,102000,-62000,-71026
="717739",960000,0,960000,307199
="717740",135000,2000,133000,74120
="717742",30000,539000,-509000,-158589
="717773",164000,121000,43000,56903
="717774",17000,4000,13000,13409
="717776",17000,19000,-2000,-879
="717777",184000,0,184000,103040
="717778",0,108000,-108000,-24840
="717780",6000,30000,-24000,-11589
="717815",16000,623000,-607000,-395327
="717816",280000,526000,-246000,-82379
="717817",0,5000,-5000,-850
="717818",87000,0,87000,19139
="717858",20000,0,20000,10000
="717859",0,30000,-30000,-8400
="717860",87000,43000,44000,56861
="717862",80000,0,80000,14899
="717916",620000,595000,25000,20732
="717917",129000,20000,109000,97229
="717918",0,30000,-30000,-9700
="717950",151000,47000,104000,69291
="717951",2000,0,2000,2119
="717953",219000,116000,103000,52608
="717955",10000,0,10000,4199
="717956",100000,10000,90000,36800
="717957",674000,964000,-290000,-210731
="717958",409000,69000,340000,340558
="717959",0,491000,-491000,-96228
="717960",100000,66000,34000,7801
="717962",215000,25000,190000,231231
="718039",25000,21000,4000,4703
="718040",4000,32000,-28000,-15291
="718041",819000,360000,459000,322850
="718042",22000,49000,-27000,-36307
="718043",50000,0,50000,43500
="718045",325000,848000,-523000,-286021
="718046",0,50000,-50000,-23999
="718047",11000,126000,-115000,-22689
="718093",824000,281000,543000,691979
="718094",202000,330000,-128000,-45201
="718096",100000,60000,40000,19299
="718098",402000,25000,377000,238228
="718099",50000,0,50000,27000
="718100",166000,370000,-204000,-86457
="718101",30000,4000,26000,10180
="718104",0,100000,-100000,-18000
="718123",0,100000,-100000,-142999
="718139",300000,0,300000,143000
="718175",6000,41000,-35000,-35949
="718178",0,719000,-719000,-133419
="718180",630000,19000,611000,456719
="718187",130000,221000,-91000,-97550
="718218",160000,15000,145000,230079
="718219",0,20000,-20000,-5400
="718221",0,5000,-5000,-1850
="718223",243000,45000,198000,149427
="718225",250000,200000,50000,14001
="718263",359000,130000,229000,150049
="718264",30000,22000,8000,640
="718265",0,60000,-60000,-9000
="718266",10000,69000,-59000,-21589
="718268",300000,0,300000,513000
="718307",15000,0,15000,9300
="718308",273000,272000,1000,4462
="718310",72000,0,72000,34559
="718359",295000,678000,-383000,-496233
="718360",10000,0,10000,9100
="718361",57000,0,57000,56279
="718362",61000,0,61000,65200
="718363",10000,0,10000,18299
="718377",0,5000,-5000,-8600
="718406",0,35000,-35000,-65749
="718407",367000,267000,100000,175630
="718461",55000,88000,-33000,-68446
="718462",30000,0,30000,17499
="718463",150000,125000,25000,16200
="718465",42000,82000,-40000,-17648
="718466",14000,0,14000,11200
="718467",46000,0,46000,34079
="718468",0,21000,-21000,-13229
="718469",10000,0,10000,7500
="718470",884000,261000,623000,465947
="718471",99000,155000,-56000,-31245
="718472",35000,32000,3000,9252
="718490",352000,349000,3000,-3660
="718491",25000,10000,15000,11000
="718493",97000,53000,44000,29919
="718494",10000,202000,-192000,-132629
="718515",68000,32000,36000,39509
="718516",10000,100000,-90000,-65399
="718517",125000,21000,104000,144086
="718518",353000,41000,312000,386600
="718543",78000,341000,-263000,-217280
="718544",423000,1186000,-763000,-539049
="718545",11000,5000,6000,4759
="718547",0,138000,-138000,-60978
="718554",70000,314000,-244000,-237686
="718555",0,17000,-17000,-15498
="718556",119000,20000,99000,107820
="718557",53000,815000,-762000,-815125
="718587",67000,110000,-43000,-57239
="718613",1529000,1025000,504000,336145
="718614",79000,160000,-81000,-88030
="718615",10000,194000,-184000,-75329
="718616",29000,117000,-88000,-59401
="718660",283000,174000,109000,85394
="718661",394000,66000,328000,270301
="718662",0,30000,-30000,-26999
="718663",52000,10000,42000,37499
="718664",16000,79000,-63000,-64598
="718665",130000,390000,-260000,-89699
="718666",302000,89000,213000,180299
="718710",10000,0,10000,12200
="718711",30000,0,30000,21299
="718713",0,230000,-230000,-210699
="718714",67000,55000,12000,12157
="718715",12000,5000,7000,4760
="718716",82000,20000,62000,29700
="718717",584000,574000,10000,7320
="718718",80000,3000,77000,35541
="718719",152000,206000,-54000,-24847
="718720",118000,140000,-22000,-3280
="718721",0,15000,-15000,-10200
="718722",203000,0,203000,80169
="718777",184000,30000,154000,85140
="718780",0,10000,-10000,-3799
="718781",75000,0,75000,41849
="718783",27000,20000,7000,5359
="718784",30000,0,30000,26100
="718786",132000,0,132000,81040
="718787",234000,90000,144000,108469
="718788",83000,0,83000,70059
="718805",30000,0,30000,52198
="718870",0,57000,-57000,-32259
="718871",10000,0,10000,4399
="718872",8000,0,8000,10479
="718873",33000,12000,21000,17991
="718874",8000,20000,-12000,-9800
="718875",291000,230000,61000,49909
="718876",5000,0,5000,3149
="718877",15000,60000,-45000,-55660
="718880",228000,122000,106000,58192
="718881",10000,10000,0,-101
="718935",0,10000,-10000,-5699
="718936",67000,0,67000,49059
="718937",0,10000,-10000,-4000
="718938",56000,0,56000,38179
="718939",32000,60000,-28000,-20459
="718940",3000,0,3000,1349
="718941",757000,1079000,-322000,-297873
="718942",10000,152000,-142000,-131004
="718943",239000,775000,-536000,-439724
="718944",3000,51000,-48000,-63239
="718945",38000,45000,-7000,-131
="718946",0,10000,-10000,-4799
="718949",0,2000,-2000,-1080
="718984",52000,10000,42000,23882
="718985",0,20000,-20000,-11200
="718987",105000,30000,75000,61648
="718988",22000,1102000,-1080000,-726998
="718989",21000,3000,18000,13230
="719021",20000,0,20000,37698
="719038",19000,280000,-261000,-196349
="719039",396000,351000,45000,71251
="719040",30000,263000,-233000,-314490
="719041",70000,10000,60000,36901
="719042",854000,465000,389000,294631
="719043",400000,0,400000,268000
="719044",90000,18000,72000,35010
="719045",120000,2000,118000,62519
="719047",160000,30000,130000,69800
="719048",47000,27000,20000,20019
="719057",29000,0,29000,15609
="719058",10000,10000,0,-900
="719059",219000,42000,177000,106883
="719060",11000,23000,-12000,-7230
="719105",28000,9000,19000,31040
="719120",80000,3000,77000,52951
="719121",439000,41000,398000,427667
="719122",160000,17000,143000,152729
="719123",24000,10000,14000,14721
="719124",10000,146000,-136000,-94618
="719125",150000,0,150000,88499
="719126",5000,0,5000,4350
="719169",0,25000,-25000,-41499
="719170",5000,10000,-5000,-4601
="719173",0,33000,-33000,-42569
="719194",0,57000,-57000,-81878
="719201",90000,0,90000,61619
="719202",67000,79000,-12000,-13012
="719236",70000,0,70000,101198
="719244",79000,15000,64000,44309
="719245",59000,7000,52000,29920
="719247",99000,40000,59000,50429
="719275",100000,180000,-80000,-45400
="719324",583000,485000,98000,170619
="719327",516000,51000,465000,416140
="719328",404000,134000,270000,164349
="719329",0,27000,-27000,-14379
="719330",0,251000,-251000,-205077
="719383",155000,30000,125000,92948
="719426",631000,109000,522000,647537
="719427",309000,101000,208000,109589
="719428",33000,13000,20000,23820
="719442",501000,23000,478000,398041
="719444",211000,75000,136000,164589
="719445",185000,107000,78000,116972
="719446",0,10000,-10000,-8500
="719448",41000,0,41000,18089
="719467",10000,0,10000,18500
="719509",12000,298000,-286000,-198278
="719510",11000,30000,-19000,-14339
="719511",210000,0,210000,132299
="719512",971000,218000,753000,526702
="719513",100000,0,100000,67000
="719514",339000,141000,198000,142201
="719516",106000,294000,-188000,-240068
="719517",696000,260000,436000,459950
="719519",211000,10000,201000,161886
="719520",61000,0,61000,95459
="719521",1000,0,1000,829
="719522",5000,0,5000,3750
="719523",49000,60000,-11000,-12567
="719524",93000,0,93000,92020
="719525",45000,4000,41000,37030
="719528",2000,0,2000,2259
="719529",32000,101000,-69000,-50221
="719531",100000,32000,68000,36881
="719559",10000,0,10000,18700
="719581",10000,0,10000,5219
="719582",317000,914000,-597000,-371596
="719583",8000,111000,-103000,-121540
="719584",229000,13000,216000,172321
="719585",10000,8000,2000,1202
="719586",233000,0,233000,184726
="719587",81000,39000,42000,35200
="719588",251000,0,251000,179389
="719645",88000,105000,-17000,-25141
="719647",335000,143000,192000,266069
="719649",3000,45000,-42000,-29449
="719697",23000,9000,14000,15248
="719735",212000,307000,-95000,-84548
="719736",52000,1031000,-979000,-843106
="719737",627000,2000,625000,478391
="719738",383000,85000,298000,263038
="719739",14000,0,14000,10080
="719777",125000,70000,55000,34551
="719801",240000,109000,131000,127680
="719860",11000,2000,9000,5210
="719861",30000,20000,10000,4200
="719888",187000,269000,-82000,-38410
="719889",236000,180000,56000,8078
="719890",28000,0,28000,13828
="719891",3000,425000,-422000,-290719
="719924",0,189000,-189000,-269045
="719926",0,677000,-677000,-442218
="719986",0,1000,-1000,-490
="719987",6000,0,6000,2539
="719988",108000,105000,3000,3039
="719989",0,65000,-65000,-38250
="719990",20000,106000,-86000,-43048
="719991",0,511000,-511000,-359947
="720085",83000,37000,46000,48240
="720086",26000,0,26000,17939
="720087",118000,41000,77000,51381
="720089",190000,120000,70000,74396
="720090",120000,130000,-10000,-9399
="720091",30000,73000,-43000,-22310
="720092",77000,277000,-200000,-91459
="720158",0,112000,-112000,-63338
="720159",4000,0,4000,2720
="720160",252000,200000,52000,30880
="720161",10000,169000,-159000,-104867
="720162",50000,50000,0,1740
="720163",0,400000,-400000,-207999
="720164",10000,10000,0,-1001
="720165",14000,0,14000,13037
="720166",4000,0,4000,4559
="720241",45000,0,45000,59996
="720275",10000,0,10000,4600
="720322",10000,0,10000,16599
="720358",0,39000,-39000,-30448
="73655P",2000,0,2000,879
="73686P",200000,0,200000,244000
="73691P",22000,168000,-146000,-118032
="73693P",0,81000,-81000,-267010
="73717P",22000,26000,-4000,-1640
="73729P",0,1000,-1000,-479
="73731P",313000,179000,134000,116471
="73740P",262000,21000,241000,153819
="73747P",62000,113000,-51000,-33620
="73748P",103000,24000,79000,93050
="73764P",10000,130000,-120000,-61998
="73774P",70000,46000,24000,12847
="73775P",0,85000,-85000,-41650
="73796P",16000,0,16000,5299
="73799P",389000,0,389000,128269
="73803P",0,20000,-20000,-15199
="73805P",50000,48000,2000,-1340
="73809P",1000,10000,-9000,-11540
="73821P",80000,0,80000,123199
="73833P",21000,19000,2000,1251
="73835P",50000,0,50000,104499
="73837P",200000,0,200000,242000
="73838P",0,20000,-20000,-16599
="73839P",194000,126000,68000,53419
="73860P",218000,284000,-66000,-46421
="73864P",0,30000,-30000,-34799
="73874P",30000,0,30000,30299
="73904P",0,20000,-20000,-13799
="73905P",0,16000,-16000,-13760
="73909P",230000,612000,-382000,-262587
="8016",14000,78100,-64100,-14310100
="8021",83001,96000,-12999,-539508
="8024",10000,7000,3000,86848
="8027",5000,14000,-9000,-782398
="8028",1000,0,1000,51099
="8032",0,1000,-1000,-24200
="8033",25000,0,25000,466647
="8034",2,0,2,39
="8038",2000,1000,1000,35448
="8040",12005,11000,1005,52260
="8042",3000,1000,2000,117101
="8043",4000,6000,-2000,-55201
="8044",3000,18000,-15000,-1253998
="8046",164000,112430,51570,16865300
="8048",0,14000,-14000,-518548
="8049",2000,0,2000,49200
="8050",1,0,1,39
="8054",8000,22000,-14000,-739350
="8064",18000,9000,9000,164399
="8069",22000,1144000,-1122000,-59038093
="8070",25000,79000,-54000,-2140195
="8071",5000,0,5000,65999
="8074",1000,0,1000,21250
="8076",2000,16000,-14000,-422800
="8081",11000,6100,4900,1055800
="8085",114000,41000,73000,1310900
="8086",41000,139000,-98000,-15244000
="8088",4,0,4,123
="8092",1000,11000,-10000,-102050
="8096",9001,5000,4001,58865
="8101",0,559,-559,-1727
="8103",9000,10000,-1000,-33648
="8104",1000,20000,-19000,-1109498
="8105",29000,300000,-271000,-3807398
="8107",3000,0,3000,77850
="8110",6000,0,6000,87648
="8111",20000,54000,-34000,-786000
="8112",2000,0,2000,92150
="8114",0,5098,-5098,-412898
="8121",1000,0,1000,20600
="8150",24000,29000,-5000,-237802
="8155",3000,84000,-81000,-9648000
="8163",17000,44000,-27000,-1305147
="8171",310000,8497,301503,19512608
="8182",21000,40000,-19000,-696148
="8183",35000,63000,-28000,-1556099
="8210",114,2000,-1886,-161720
="8213",108000,253000,-145000,-7235802
="8215",5001,16000,-10999,-337917
="8222",2000,166000,-164000,-2335370
="8234",68,0,68,1768
="8240",5000,0,5000,183500
="8249",1,0,1,23
="8255",4000,5000,-1000,-113500
="8261",4000,32051,-28051,-1735859
="8271",3030,1001,2029,85317
="8277",127000,87000,40000,617201
="8289",48000,86000,-38000,-814049
="8299",53550,81100,-27550,-12787354
="8349",2000,0,2000,149399
="8358",310000,280000,30000,2567605
="8383",2000,0,2000,89199
="8403",7000,0,7000,232699
="8404",0,2000,-2000,-75799
="8406",1000,0,1000,176000
="8411",8000,0,8000,114800
="8415",1000,1000,0,-500
="8416",0,100,-100,-12400
="8421",103,0,103,1009
="8422",603,0,603,104951
="8423",1000,213,787,13986
="8426",1000,0,1000,16950
="8429",0,2000,-2000,-17520
="8431",3000,3000,0,-1300
="8436",16400,8000,8400,2009087
="8446",0,2000,-2000,-215000
="8454",0,15,-15,-15000
="8464",0,1000,-1000,-412500
="8488",2000,0,2000,32000
="8916",1000,0,1000,42549
="8924",16000,33000,-17000,-1880500
="8927",1000,3000,-2000,-63999
="8928",0,2000,-2000,-69099
="8931",0,3000,-3000,-89249
="8933",5000,16192,-11192,-169007
="8935",0,2000,-2000,-23799
="8936",19000,9000,10000,383048
="8938",5000,4000,1000,58399
="8996",0,5000,-5000,-259899
="9103",1000,0,1000,17799
="9105",5469000,126000,5343000,27338697
="9110",0,4000,-4000,-12739
="911608",1000,0,1000,4869
="911616",5000,29000,-24000,-47099
="911868",0,10000,-10000,-16200
="912000",0,5000,-5000,-15349
="912398",12000,0,12000,55349
="9802",86000,121000,-35000,-4117000
="9902",2,0,2,23
="9904",160000,53000,107000,3665597
="9907",89000,11000,78000,1037951
="9910",18000,24000,-6000,-1067500
="9912",1,50,-49,-471
="9914",7001,4000,3001,1046847
="9917",5000,50000,-45000,-4156800
="9919",2000,0,2000,67099
="9921",200,13000,-12800,-4300000
="9924",300,0,300,14039
="9925",0,4000,-4000,-152650
="9926",0,1000,-1000,-48299
="9933",53000,3000,50000,1905694
="9935",21001,0,21001,579630
="9938",20000,44050,-24050,-2158275
="9939",10504,50,10454,782778
="9941",3000,0,3000,396500
="9942",0,10000,-10000,-916599
="9943",2100,100,2000,132679
="9944",1150,0,1150,22959
="9945",12000,15080,-3080,-157243
="9946",2000,0,2000,32799
="9949",46,0,46,508
="9951",0,30000,-30000,-2995798
="9955",50,1000,-950,-16786
="9958",30000,32000,-2000,-143500
